0 0.6 0.40859375 0.3015625 0.2375
1 0.86484375 0.54140625 0.2703125 0.2703125
1 0.61171875 0.58359375 0.3 0.2453125
1 0.090625 0.653125 0.1765625 0.2265625
1 0.35625 0.63828125 0.2390625 0.3875
1 0.121875 0.82734375 0.2234375 0.246875
1 0.87421875 0.753125 0.2515625 0.246875
1 0.646875 0.7921875 0.3015625 0.2421875
1 0.56953125 0.04140625 0.2640625 0.0828125
1 0.83671875 0.040625 0.2828125 0.08125
1 0.1421875 0.93671875 0.2453125 0.125
1 0.63828125 0.921875 0.2734375 0.15625
1 0.8875 0.9046875 0.2046875 0.1578125
1 0.06875 0.109375 0.1234375 0.18125
1 0.603125 0.1875 0.3171875 0.2515625
1 0.86796875 0.17265625 0.24375 0.259375
1 0.090625 0.28046875 0.18125 0.2328125
1 0.8640625 0.35 0.271875 0.2828125
1 0.1015625 0.45859375 0.203125 0.2453125