0 0.38984375 0.5546875 0.36875 0.3359375
1 0.29140625 0.8359375 0.3921875 0.328125
1 0.50703125 0.68359375 0.3765625 0.3484375
1 0.8859375 0.3421875 0.228125 0.2796875
1 0.71953125 0.53359375 0.3671875 0.45
1 0.93046875 0.50546875 0.1390625 0.2765625
1 0.4109375 0.9171875 0.365625 0.165625
1 0.63359375 0.8390625 0.3734375 0.321875
1 0.12890625 0.24765625 0.2578125 0.2953125
1 0.03671875 0.37890625 0.0734375 0.2578125
1 0.97734375 0.653125 0.0453125 0.253125
1 0.72890625 0.896875 0.2921875 0.1875
1 0.6015625 0.02734375 0.290625 0.0546875
1 0.22734375 0.4078125 0.390625 0.3546875
1 0.09765625 0.57265625 0.1953125 0.2921875
1 0.67890625 0.1140625 0.3703125 0.228125
1 0.18046875 0.7078125 0.3421875 0.3609375
1 0.77734375 0.20078125 0.346875 0.3453125