0 0.37890625 0.5453125 0.3765625 0.3453125
1 0.259375 0.81875 0.3984375 0.3546875
1 0.48203125 0.68046875 0.384375 0.359375
1 0.88046875 0.37890625 0.2390625 0.2921875
1 0.70234375 0.553125 0.38125 0.45625
1 0.9171875 0.54296875 0.165625 0.2859375
1 0.371875 0.90546875 0.36875 0.1890625
1 0.59296875 0.83828125 0.3828125 0.3234375
1 0.14765625 0.225 0.278125 0.3015625
1 0.046875 0.346875 0.0921875 0.25625
1 0.95546875 0.690625 0.08125 0.2578125
1 0.6828125 0.903125 0.3 0.19375
1 0.63125 0.0421875 0.290625 0.084375
1 0.23359375 0.38984375 0.3984375 0.3671875
1 0.0984375 0.53984375 0.196875 0.2953125
1 0.6984375 0.13046875 0.371875 0.259375
1 0.16875 0.6765625 0.3375 0.36875
1 0.796875 0.23046875 0.3765625 0.3625