0 0.3703125 0.47265625 0.321875 0.28125
1 0.153125 0.6625 0.30625 0.315625
1 0.396875 0.63359375 0.328125 0.2921875
1 0.88828125 0.56640625 0.2234375 0.2578125
1 0.6421875 0.625 0.3 0.4015625
1 0.875 0.7359375 0.2125 0.2609375
1 0.16953125 0.83671875 0.3390625 0.2625
1 0.4125 0.83125 0.328125 0.2859375
1 0.290625 0.10078125 0.296875 0.2015625
1 0.12890625 0.12421875 0.159375 0.2390625
1 0.85859375 0.88359375 0.1796875 0.2328125
1 0.45859375 0.92265625 0.2796875 0.1546875
1 0.20078125 0.93125 0.2453125 0.08125
1 0.8421875 0.109375 0.2765625 0.146875
1 0.31640625 0.2734375 0.340625 0.2984375
1 0.1078125 0.3265625 0.20625 0.2640625
1 0.84609375 0.225 0.3078125 0.290625
1 0.134375 0.484375 0.26875 0.315625
1 0.8546875 0.39453125 0.290625 0.3015625