0 0.18671875 0.2734375 0.2265625 0.3375
0 0.021875 0.33125 0.04375 0.284375
0 0.51640625 0.18828125 0.2265625 0.3390625
0 0.06640625 0.31875 0.1328125 0.315625
1 0.11171875 0.30234375 0.2234375 0.3546875
0 0.440625 0.22109375 0.2015625 0.2859375
0 0.746875 0.16484375 0.271875 0.3296875
1 0.27578125 0.26953125 0.2296875 0.3421875
0 0.3625 0.25234375 0.2140625 0.3046875
0 0.6296875 0.18125 0.2609375 0.3546875
0 0.55703125 0.02109375 0.1015625 0.0421875
0 0.38984375 0.04609375 0.109375 0.0828125
0 0.06953125 0.15 0.0953125 0.0609375
0 0.15234375 0.1203125 0.0984375 0.0671875
0 0.309375 0.071875 0.121875 0.1
0 0.0171875 0.18046875 0.034375 0.0546875
0 0.23359375 0.0984375 0.109375 0.0875
0 0.64375 0.01875 0.125 0.0375
1 0.4796875 0.03984375 0.115625 0.0796875
0 0.4234375 0.83203125 0.2125 0.296875
0 0.50703125 0.81640625 0.21875 0.303125
0 0.6859375 0.77421875 0.209375 0.296875
0 0.346875 0.85546875 0.21875 0.2890625
1 0.1828125 0.87421875 0.2125 0.2515625
0 0.1359375 0.89375 0.109375 0.2125
0 0.265625 0.8671875 0.225 0.265625
0 0.88671875 0.7171875 0.2265625 0.35
1 0.60078125 0.80703125 0.23125 0.3546875
0 0.78984375 0.7640625 0.240625 0.3234375
0 0.55234375 0.97421875 0.1140625 0.0515625
0 0.7125 0.9390625 0.096875 0.059375
0 0.46875 0.99375 0.096875 0.0125
0 0.6359375 0.96796875 0.0953125 0.046875