0 0.35234375 0.15546875 0.1390625 0.2890625
0 0.11484375 0.11640625 0.1296875 0.2328125
0 0.66796875 0.23125 0.1390625 0.290625
0 0.19296875 0.1296875 0.1359375 0.259375
1 0.2734375 0.14921875 0.1375 0.2984375
0 0.5890625 0.225 0.128125 0.24375
0 0.88359375 0.29375 0.1765625 0.321875
1 0.4296875 0.19140625 0.1421875 0.2953125
0 0.51015625 0.215625 0.1359375 0.2609375
0 0.7671875 0.27578125 0.171875 0.2984375
0 0.78984375 0.07890625 0.0828125 0.0828125
0 0.6296875 0.046875 0.090625 0.075
0 0.309375 0.0078125 0.084375 0.015625
0 0.3921875 0.01484375 0.084375 0.0296875
0 0.54609375 0.0375 0.0984375 0.075
0 0.4703125 0.0296875 0.090625 0.059375
0 0.8703125 0.103125 0.1015625 0.103125
1 0.7109375 0.0703125 0.090625 0.09375
0 0.95 0.11953125 0.09375 0.10625
0 0.30234375 0.73046875 0.1375 0.253125
0 0.3796875 0.75546875 0.140625 0.2578125
0 0.5484375 0.80078125 0.134375 0.2515625
0 0.221875 0.7265625 0.1375 0.26875
1 0.06484375 0.6890625 0.1296875 0.28125
0 0.01953125 0.671875 0.0390625 0.246875
0 0.14296875 0.7109375 0.146875 0.265625
0 0.75625 0.8515625 0.171875 0.296875
1 0.4625 0.7890625 0.1375 0.30625
0 0.64140625 0.83828125 0.159375 0.271875
1 0.659375 0.98359375 0.0875 0.0328125
0 0.34140625 0.9421875 0.1046875 0.0875
0 0.49453125 0.9671875 0.0890625 0.065625
0 0.096875 0.89921875 0.1015625 0.0875
0 0.178125 0.91640625 0.0921875 0.08125
0 0.25625 0.93125 0.090625 0.078125
0 0.41640625 0.9640625 0.090625 0.0671875
0 0.57265625 0.9859375 0.0765625 0.028125
0 0.0328125 0.8890625 0.065625 0.078125