1 0.196875 0.34765625 0.0484375 0.06875
1 0.22109375 0.3453125 0.0484375 0.0734375
0 0.246875 0.33984375 0.046875 0.0734375
1 0.27109375 0.3328125 0.0484375 0.0734375
1 0.29609375 0.3296875 0.046875 0.06875
1 0.33515625 0.31796875 0.0453125 0.06875
1 0.3625 0.3125 0.040625 0.0640625
0 0.3875 0.31015625 0.0390625 0.06875
1 0.41171875 0.3015625 0.0390625 0.06875
0 0.4375 0.29765625 0.040625 0.065625
1 0.46171875 0.28984375 0.0359375 0.059375
1 0.4875 0.284375 0.0375 0.0609375
0 0.5140625 0.27421875 0.0359375 0.0578125
1 0.5421875 0.26875 0.040625 0.0640625
0 0.5703125 0.26328125 0.0375 0.0625
0 0.5953125 0.25625 0.0390625 0.059375
0 0.62421875 0.25 0.0390625 0.059375
0 0.65078125 0.24140625 0.0375 0.05625
1 0.68046875 0.2375 0.0421875 0.059375
1 0.70859375 0.228125 0.040625 0.0671875
1 0.734375 0.22265625 0.0421875 0.059375
1 0.7625 0.21328125 0.0484375 0.06875
1 0.18359375 0.465625 0.053125 0.0671875
0 0.20859375 0.45859375 0.0546875 0.0703125
1 0.23515625 0.45546875 0.0515625 0.0703125
1 0.265625 0.44921875 0.0515625 0.0671875
1 0.29609375 0.44453125 0.05 0.0671875
1 0.3328125 0.4359375 0.046875 0.0640625
1 0.35703125 0.4296875 0.0484375 0.0671875
1 0.38984375 0.4171875 0.0453125 0.065625
1 0.41640625 0.41328125 0.0453125 0.0640625
0 0.4453125 0.40625 0.0484375 0.06875
1 0.4734375 0.39921875 0.0453125 0.0671875
1 0.5 0.39453125 0.0421875 0.0640625
0 0.53046875 0.38671875 0.04375 0.0734375
0 0.56015625 0.38203125 0.040625 0.0640625
0 0.58828125 0.371875 0.046875 0.0703125
0 0.6203125 0.3609375 0.0453125 0.0765625
1 0.653125 0.35859375 0.0453125 0.078125
0 0.68203125 0.3484375 0.05 0.0796875
0 0.7125 0.34375 0.046875 0.075
0 0.74453125 0.33671875 0.0515625 0.08125
0 0.7765625 0.3296875 0.0484375 0.078125
0 0.809375 0.3234375 0.05 0.0734375
1 0.17578125 0.5296875 0.053125 0.0859375
1 0.20390625 0.5265625 0.0609375 0.0890625
1 0.23046875 0.515625 0.05625 0.0890625
1 0.25859375 0.51796875 0.05625 0.0859375
1 0.28828125 0.51015625 0.053125 0.0875
1 0.3328125 0.50390625 0.0484375 0.0890625
0 0.36328125 0.49453125 0.059375 0.090625
0 0.38984375 0.490625 0.053125 0.084375
1 0.42109375 0.4796875 0.0546875 0.090625
1 0.45078125 0.478125 0.046875 0.0796875
1 0.48359375 0.47109375 0.0484375 0.0796875
1 0.51171875 0.465625 0.046875 0.0765625
1 0.54375 0.45546875 0.040625 0.0765625
1 0.57421875 0.45078125 0.0453125 0.0765625
1 0.6046875 0.44375 0.0421875 0.0765625
1 0.6359375 0.434375 0.0453125 0.0765625
1 0.66953125 0.43046875 0.0453125 0.0765625
1 0.7 0.42265625 0.0484375 0.0734375
1 0.73359375 0.41484375 0.046875 0.078125
1 0.76484375 0.40625 0.053125 0.0796875
1 0.7984375 0.4015625 0.05 0.075
1 0.83203125 0.3875 0.05625 0.0828125
1 0.15390625 0.69140625 0.0609375 0.090625
1 0.18359375 0.6875 0.0609375 0.0859375
1 0.21875 0.68125 0.0609375 0.0875
1 0.24921875 0.67265625 0.0578125 0.0859375
1 0.28203125 0.67109375 0.05625 0.0828125
1 0.33125 0.65703125 0.053125 0.078125
1 0.36484375 0.64765625 0.05625 0.084375
1 0.40078125 0.64453125 0.065625 0.0921875
1 0.43203125 0.6375 0.0578125 0.0859375
1 0.46640625 0.63359375 0.0578125 0.0875
1 0.496875 0.625 0.0515625 0.0875
0 0.53203125 0.6203125 0.053125 0.09375
1 0.565625 0.61015625 0.053125 0.084375
0 0.60234375 0.603125 0.053125 0.0921875
1 0.63671875 0.59375 0.053125 0.0890625
1 0.67421875 0.59140625 0.053125 0.0890625
1 0.71171875 0.5859375 0.0578125 0.0890625
1 0.74765625 0.57578125 0.0578125 0.0890625
0 0.784375 0.5671875 0.0578125 0.0953125
1 0.821875 0.5625 0.0625 0.0984375
1 0.85546875 0.55078125 0.059375 0.0953125
0 0.8921875 0.54140625 0.065625 0.0953125
0 0.1171875 0.8203125 0.0671875 0.084375
0 0.153125 0.815625 0.071875 0.09375
1 0.1953125 0.809375 0.071875 0.0953125
1 0.23359375 0.80078125 0.0765625 0.1
0 0.27421875 0.78984375 0.0734375 0.103125
1 0.31171875 0.78203125 0.0703125 0.096875
1 0.353125 0.771875 0.06875 0.0875
0 0.3984375 0.76640625 0.06875 0.0890625
0 0.43984375 0.7640625 0.06875 0.09375
0 0.48125 0.75 0.065625 0.090625
0 0.521875 0.7453125 0.059375 0.0921875
0 0.5625 0.73984375 0.0640625 0.0953125