0 0.24296875 0.27890625 0.0375 0.0640625
1 0.2671875 0.28203125 0.0375 0.06875
1 0.29375 0.28359375 0.0359375 0.06875
1 0.31875 0.2828125 0.0375 0.06875
1 0.34296875 0.28515625 0.0359375 0.0640625
0 0.384375 0.28359375 0.034375 0.065625
1 0.4125 0.28515625 0.0296875 0.0609375
1 0.43671875 0.28828125 0.028125 0.065625
0 0.4625 0.2859375 0.028125 0.065625
0 0.48828125 0.28828125 0.0296875 0.0625
1 0.5140625 0.28671875 0.0265625 0.05625
0 0.540625 0.28828125 0.028125 0.0578125
1 0.56875 0.284375 0.0265625 0.0546875
0 0.596875 0.2859375 0.0296875 0.0609375
0 0.62578125 0.28671875 0.0265625 0.0609375
0 0.6515625 0.28671875 0.0296875 0.05625
0 0.68125 0.2875 0.0296875 0.05625
0 0.709375 0.28515625 0.0296875 0.053125
1 0.7390625 0.2890625 0.0328125 0.05625
1 0.76875 0.28671875 0.0296875 0.0640625
1 0.79453125 0.2875 0.0328125 0.05625
1 0.82421875 0.28515625 0.0375 0.0640625
1 0.2015625 0.390625 0.04375 0.0609375
1 0.22734375 0.38984375 0.04375 0.0640625
0 0.25390625 0.39296875 0.040625 0.065625
1 0.28515625 0.39375 0.0421875 0.0609375
1 0.315625 0.396875 0.0390625 0.0625
0 0.353125 0.396875 0.0375 0.059375
1 0.378125 0.396875 0.0375 0.0625
0 0.41328125 0.39296875 0.0359375 0.0609375
1 0.43984375 0.3953125 0.0359375 0.059375
1 0.46953125 0.39609375 0.0375 0.0640625
0 0.49921875 0.39609375 0.034375 0.0625
1 0.52578125 0.39765625 0.0328125 0.0609375
1 0.55703125 0.396875 0.0328125 0.0703125
1 0.5875 0.4 0.03125 0.0609375
1 0.6171875 0.396875 0.0359375 0.065625
0 0.65078125 0.39453125 0.034375 0.0734375
1 0.6828125 0.4 0.034375 0.075
1 0.71328125 0.396875 0.0390625 0.075
0 0.74453125 0.4 0.0359375 0.071875
0 0.77734375 0.40078125 0.040625 0.0765625
0 0.81015625 0.4015625 0.0375 0.0734375
0 0.84296875 0.403125 0.0390625 0.06875
1 0.178125 0.45078125 0.040625 0.08125
1 0.20625 0.45390625 0.0484375 0.0828125
1 0.234375 0.45 0.04375 0.084375
1 0.26171875 0.45859375 0.04375 0.08125
1 0.2921875 0.45859375 0.040625 0.0828125
1 0.3375 0.46328125 0.034375 0.0859375
1 0.36875 0.46171875 0.0453125 0.0859375
1 0.39609375 0.4640625 0.040625 0.0796875
1 0.42890625 0.46171875 0.040625 0.0859375
1 0.45703125 0.46640625 0.034375 0.0765625
1 0.490625 0.46796875 0.0359375 0.0765625
1 0.51953125 0.46953125 0.0359375 0.0734375
1 0.553125 0.4671875 0.0296875 0.0734375
1 0.58359375 0.4703125 0.034375 0.0734375
1 0.61484375 0.4703125 0.03125 0.0734375
1 0.64765625 0.46953125 0.034375 0.0734375
1 0.68125 0.4734375 0.034375 0.0734375
1 0.7125 0.47265625 0.0375 0.06875
1 0.746875 0.47421875 0.0359375 0.075
1 0.7796875 0.47265625 0.0421875 0.075
1 0.81328125 0.4765625 0.0390625 0.0703125
1 0.85 0.471875 0.0453125 0.0765625
1 0.11796875 0.60234375 0.0484375 0.084375
1 0.14765625 0.60546875 0.0484375 0.0796875
1 0.18359375 0.6078125 0.0484375 0.08125
1 0.21484375 0.60625 0.0453125 0.0796875
1 0.24765625 0.61328125 0.0453125 0.0765625
1 0.2984375 0.61171875 0.0421875 0.0734375
1 0.3328125 0.6109375 0.04375 0.0796875
1 0.36875 0.615625 0.0515625 0.0859375
1 0.40078125 0.6171875 0.0453125 0.0796875
1 0.43515625 0.62109375 0.0453125 0.0828125
1 0.4671875 0.62109375 0.0390625 0.0828125
1 0.5015625 0.62421875 0.0390625 0.0890625
1 0.5375 0.62265625 0.040625 0.0796875
1 0.57421875 0.62421875 0.0390625 0.0875
1 0.61015625 0.62421875 0.0390625 0.084375
1 0.646875 0.63125 0.0390625 0.084375
1 0.684375 0.634375 0.0453125 0.084375
1 0.721875 0.63359375 0.0453125 0.084375
1 0.759375 0.634375 0.04375 0.090625
1 0.796875 0.63828125 0.0484375 0.0921875
1 0.8328125 0.63515625 0.0453125 0.090625
1 0.8703125 0.63515625 0.0515625 0.0890625
0 0.0515625 0.71796875 0.05625 0.0765625
0 0.0875 0.72265625 0.059375 0.0859375
1 0.1296875 0.7265625 0.0578125 0.0875
1 0.16875 0.72734375 0.0625 0.090625
0 0.2109375 0.7265625 0.0578125 0.0953125
1 0.24921875 0.728125 0.05625 0.0890625
1 0.2921875 0.728125 0.05625 0.0796875
0 0.33671875 0.734375 0.05625 0.08125
0 0.37734375 0.7421875 0.0546875 0.0859375
0 0.42109375 0.73828125 0.053125 0.084375
1 0.46171875 0.74296875 0.0453125 0.0875
1 0.50234375 0.74765625 0.05 0.0890625