1 0.22421875 0.30234375 0.0390625 0.0640625
1 0.2484375 0.303125 0.0390625 0.06875
1 0.275 0.30234375 0.0375 0.06875
1 0.3 0.29921875 0.0390625 0.06875
1 0.325 0.29921875 0.0375 0.0640625
1 0.365625 0.29453125 0.0359375 0.065625
1 0.39375 0.29375 0.03125 0.0609375
0 0.41875 0.29453125 0.0296875 0.065625
1 0.44375 0.28984375 0.0296875 0.065625
1 0.4703125 0.290625 0.03125 0.0625
1 0.4953125 0.28671875 0.028125 0.05625
1 0.521875 0.28515625 0.0296875 0.0578125
1 0.54921875 0.27890625 0.028125 0.0546875
1 0.57734375 0.278125 0.03125 0.0609375
0 0.60625 0.2765625 0.028125 0.0609375
0 0.63203125 0.27421875 0.03125 0.05625
0 0.66171875 0.27265625 0.03125 0.05625
0 0.68984375 0.26796875 0.03125 0.053125
1 0.71953125 0.26875 0.034375 0.05625
0 0.74921875 0.2640625 0.03125 0.0640625
1 0.775 0.2625 0.034375 0.05625
1 0.80390625 0.2578125 0.0390625 0.0640625
1 0.19296875 0.41640625 0.0453125 0.0609375
1 0.21875 0.4140625 0.0453125 0.0640625
1 0.2453125 0.41484375 0.0421875 0.065625
1 0.2765625 0.41328125 0.04375 0.0609375
1 0.3078125 0.41328125 0.040625 0.0625
1 0.3453125 0.41015625 0.0390625 0.059375
1 0.3703125 0.40859375 0.0390625 0.0625
1 0.40390625 0.40078125 0.0375 0.0609375
1 0.43046875 0.40078125 0.0375 0.059375
0 0.46015625 0.3984375 0.0390625 0.0640625
0 0.48984375 0.39609375 0.0359375 0.0625
1 0.51640625 0.39609375 0.034375 0.0609375
0 0.54765625 0.39296875 0.0328125 0.0703125
0 0.578125 0.39296875 0.0328125 0.0609375
0 0.6078125 0.3875 0.0375 0.065625
0 0.640625 0.38125 0.034375 0.0734375
1 0.6734375 0.384375 0.034375 0.075
0 0.703125 0.37890625 0.0390625 0.075
0 0.734375 0.37890625 0.0359375 0.071875
0 0.7671875 0.37734375 0.040625 0.0765625
0 0.8 0.375 0.0375 0.0734375
0 0.8328125 0.3734375 0.040625 0.06875
1 0.175 0.47890625 0.0421875 0.08125
1 0.203125 0.4796875 0.05 0.0828125
1 0.23125 0.4734375 0.0453125 0.084375
1 0.25859375 0.4796875 0.0453125 0.08125
1 0.2890625 0.4765625 0.0421875 0.0828125
1 0.334375 0.47734375 0.0359375 0.0859375
0 0.365625 0.4734375 0.046875 0.0859375
0 0.39296875 0.4734375 0.0421875 0.0796875
1 0.42578125 0.46796875 0.0421875 0.0859375
1 0.4546875 0.4703125 0.034375 0.0765625
1 0.48828125 0.46875 0.0359375 0.0765625
1 0.5171875 0.46796875 0.0359375 0.0734375
1 0.55078125 0.46328125 0.0296875 0.0734375
1 0.58125 0.46328125 0.034375 0.0734375
1 0.6125 0.46015625 0.03125 0.0734375
1 0.64453125 0.45625 0.034375 0.0734375
1 0.678125 0.4578125 0.034375 0.0734375
1 0.709375 0.4546875 0.0390625 0.06875
1 0.74375 0.453125 0.0359375 0.075
1 0.7765625 0.4484375 0.0421875 0.075
1 0.81015625 0.44921875 0.0390625 0.0703125
1 0.84609375 0.44140625 0.0453125 0.0765625
1 0.128125 0.63515625 0.05 0.084375
1 0.15859375 0.6359375 0.05 0.0796875
0 0.19453125 0.63515625 0.05 0.08125
1 0.225 0.63125 0.046875 0.0796875
1 0.25859375 0.634375 0.0453125 0.0765625
1 0.30859375 0.62890625 0.0421875 0.0734375
1 0.34296875 0.625 0.0453125 0.0796875
1 0.37890625 0.6265625 0.053125 0.0875
1 0.4109375 0.625 0.046875 0.0796875
1 0.4453125 0.6265625 0.046875 0.0828125
1 0.47734375 0.6234375 0.040625 0.0828125
1 0.5125 0.6234375 0.040625 0.0890625
1 0.54765625 0.61875 0.0421875 0.0796875
0 0.58515625 0.61796875 0.040625 0.0875
1 0.6203125 0.6140625 0.040625 0.084375
1 0.6578125 0.61796875 0.040625 0.084375
1 0.6953125 0.61796875 0.046875 0.084375
1 0.7328125 0.6140625 0.046875 0.084375
0 0.7703125 0.6109375 0.0453125 0.090625
1 0.8078125 0.6125 0.05 0.0921875
0 0.84375 0.60546875 0.046875 0.090625
0 0.88125 0.60234375 0.053125 0.090625
0 0.071875 0.75625 0.05625 0.078125
0 0.10859375 0.7578125 0.0609375 0.0875
1 0.15078125 0.7578125 0.059375 0.0890625
1 0.18984375 0.75546875 0.0640625 0.0921875
0 0.23125 0.75078125 0.059375 0.096875
1 0.26953125 0.74921875 0.0578125 0.090625
1 0.3125 0.7453125 0.0578125 0.08125
0 0.3578125 0.74765625 0.0578125 0.0828125
0 0.39921875 0.7515625 0.05625 0.0875
0 0.4421875 0.74375 0.0546875 0.0859375
0 0.4828125 0.74609375 0.046875 0.0875
0 0.52421875 0.746875 0.0515625 0.0890625