0 0.246875 0.275 0.0390625 0.0640625
0 0.2703125 0.278125 0.0390625 0.06875
0 0.296875 0.2796875 0.0375 0.06875
0 0.321875 0.2796875 0.0390625 0.06875
0 0.346875 0.28203125 0.0375 0.0640625
0 0.3875 0.28125 0.0359375 0.065625
0 0.415625 0.28359375 0.03125 0.0609375
0 0.440625 0.2875 0.0296875 0.065625
0 0.465625 0.28515625 0.0296875 0.065625
0 0.4921875 0.28828125 0.03125 0.0625
0 0.5171875 0.2875 0.028125 0.05625
0 0.54375 0.2890625 0.0296875 0.0578125
0 0.571875 0.28515625 0.028125 0.0546875
0 0.6 0.2875 0.03125 0.0609375
0 0.62890625 0.2890625 0.028125 0.0609375
0 0.6546875 0.2890625 0.03125 0.05625
0 0.684375 0.290625 0.03125 0.05625
0 0.71328125 0.2890625 0.03125 0.053125
0 0.7421875 0.29296875 0.034375 0.05625
0 0.771875 0.29140625 0.03125 0.0640625
0 0.79765625 0.29296875 0.034375 0.05625
0 0.828125 0.29140625 0.0390625 0.0640625
0 0.203125 0.38515625 0.0453125 0.0609375
0 0.22890625 0.38515625 0.0453125 0.0640625
0 0.25546875 0.38828125 0.0421875 0.065625
0 0.28671875 0.390625 0.04375 0.0609375
0 0.31796875 0.39375 0.040625 0.0625
0 0.35546875 0.39453125 0.0390625 0.059375
0 0.38046875 0.3953125 0.0390625 0.0625
0 0.41484375 0.39140625 0.0375 0.0609375
0 0.44140625 0.39453125 0.0375 0.059375
0 0.47109375 0.3953125 0.0390625 0.0640625
0 0.50078125 0.39609375 0.0359375 0.0625
0 0.52734375 0.3984375 0.034375 0.0609375
0 0.55859375 0.3984375 0.0328125 0.0703125
0 0.5890625 0.4015625 0.0328125 0.0609375
0 0.61875 0.39921875 0.0375 0.065625
0 0.65234375 0.396875 0.034375 0.0734375
0 0.684375 0.403125 0.034375 0.075
0 0.71484375 0.40078125 0.0390625 0.075
0 0.74609375 0.40390625 0.0359375 0.071875
0 0.77890625 0.40625 0.040625 0.0765625
0 0.81171875 0.40703125 0.0375 0.0734375
0 0.84453125 0.409375 0.040625 0.06875
0 0.17890625 0.44453125 0.0421875 0.08125
0 0.20703125 0.4484375 0.05 0.0828125
0 0.23515625 0.4453125 0.0453125 0.084375
0 0.2625 0.4546875 0.0453125 0.08125
0 0.29296875 0.4546875 0.0421875 0.0828125
0 0.3375 0.46015625 0.0359375 0.0859375
0 0.36875 0.459375 0.046875 0.0859375
1 0.39609375 0.4625 0.0421875 0.0796875
0 0.4296875 0.46015625 0.0421875 0.0859375
0 0.4578125 0.465625 0.034375 0.0765625
0 0.49140625 0.4671875 0.0359375 0.0765625
0 0.5203125 0.46953125 0.0359375 0.0734375
0 0.55390625 0.46875 0.0296875 0.0734375
0 0.584375 0.471875 0.034375 0.0734375
0 0.615625 0.47265625 0.03125 0.0734375
0 0.6484375 0.471875 0.034375 0.0734375
0 0.68203125 0.4765625 0.034375 0.0734375
0 0.71328125 0.4765625 0.0390625 0.06875
0 0.74765625 0.47890625 0.0359375 0.075
0 0.78046875 0.478125 0.0421875 0.075
0 0.8140625 0.48203125 0.0390625 0.0703125
0 0.85 0.47734375 0.0453125 0.0765625
0 0.11640625 0.5953125 0.05 0.084375
0 0.14609375 0.59921875 0.05 0.0796875
0 0.18203125 0.60234375 0.05 0.08125
0 0.21328125 0.6015625 0.046875 0.0796875
1 0.2453125 0.60859375 0.0453125 0.0765625
1 0.29609375 0.60859375 0.0421875 0.0734375
0 0.33046875 0.6078125 0.0453125 0.0796875
0 0.36640625 0.61328125 0.053125 0.0875
1 0.3984375 0.61484375 0.046875 0.0796875
0 0.4328125 0.6203125 0.046875 0.0828125
0 0.46484375 0.6203125 0.040625 0.0828125
0 0.5 0.62421875 0.040625 0.0890625
0 0.53515625 0.6234375 0.0421875 0.0796875
0 0.57265625 0.62578125 0.040625 0.0875
0 0.6078125 0.62578125 0.040625 0.084375
0 0.64453125 0.63359375 0.040625 0.084375
0 0.68203125 0.6375 0.046875 0.084375
0 0.71953125 0.6375 0.046875 0.084375
0 0.75703125 0.63828125 0.0453125 0.090625
0 0.79453125 0.64375 0.05 0.0921875
0 0.83046875 0.640625 0.046875 0.090625
0 0.86796875 0.64140625 0.053125 0.090625
0 0.04765625 0.71015625 0.05625 0.078125
0 0.08359375 0.71484375 0.0609375 0.0875
0 0.12578125 0.71953125 0.059375 0.0890625
0 0.16484375 0.721875 0.0640625 0.0921875
0 0.20703125 0.721875 0.059375 0.096875
0 0.2453125 0.7234375 0.0578125 0.090625
0 0.28828125 0.72421875 0.0578125 0.08125
0 0.3328125 0.73125 0.0578125 0.0828125
0 0.3734375 0.73984375 0.05625 0.0875
0 0.4171875 0.73671875 0.0546875 0.0859375
0 0.4578125 0.74296875 0.046875 0.0875
0 0.49765625 0.74765625 0.0515625 0.0890625