1 0.415625 0.878125 0.1609375 0.2140625
1 0.48046875 0.79140625 0.1578125 0.1953125
1 0.528125 0.684375 0.1390625 0.178125
1 0.575 0.59375 0.125 0.146875
1 0.6046875 0.5140625 0.1171875 0.1265625
1 0.64375 0.45 0.1078125 0.1140625
1 0.66953125 0.39375 0.096875 0.0984375
1 0.69609375 0.353125 0.0890625 0.0859375
1 0.71796875 0.32265625 0.0859375 0.0828125
1 0.2734375 0.859375 0.18125 0.1984375
1 0.50546875 0.4921875 0.11875 0.115625
1 0.55703125 0.4265625 0.1015625 0.096875
1 0.5734375 0.378125 0.103125 0.090625
1 0.615625 0.3390625 0.090625 0.08125
1 0.6296875 0.29453125 0.0875 0.075
1 0.2578125 0.4 0.0984375 0.1296875
1 0.3140625 0.34921875 0.0859375 0.115625
1 0.35859375 0.30546875 0.0875 0.1078125
1 0.40546875 0.27265625 0.078125 0.090625
1 0.43984375 0.23203125 0.078125 0.0921875
1 0.47109375 0.21015625 0.06875 0.0875
1 0.1140625 0.4046875 0.1015625 0.146875
1 0.1828125 0.346875 0.103125 0.1375
1 0.24140625 0.31015625 0.0953125 0.128125
1 0.29375 0.2796875 0.0859375 0.1046875
1 0.33828125 0.24296875 0.0765625 0.0953125
1 0.37890625 0.2171875 0.071875 0.090625
1 0.4140625 0.18984375 0.0734375 0.090625