1 0.59609375 0.87578125 0.1578125 0.2140625
1 0.61484375 0.76875 0.15625 0.1953125
1 0.60859375 0.6515625 0.1375 0.1765625
1 0.609375 0.54921875 0.1234375 0.1453125
1 0.59921875 0.46484375 0.115625 0.1265625
1 0.60546875 0.38984375 0.10625 0.1125
1 0.603125 0.328125 0.0953125 0.096875
1 0.6078125 0.28046875 0.0890625 0.0859375
0 0.6140625 0.24296875 0.084375 0.08125
1 0.46015625 0.91171875 0.1796875 0.1765625
1 0.50078125 0.490625 0.1171875 0.115625
1 0.5171875 0.40859375 0.1015625 0.0953125
1 0.51015625 0.3578125 0.103125 0.090625
1 0.53046875 0.30390625 0.090625 0.0796875
1 0.52265625 0.25859375 0.0859375 0.075
1 0.23828125 0.52109375 0.0953125 0.128125
0 0.265625 0.45 0.084375 0.1140625
1 0.2859375 0.390625 0.0859375 0.1078125
1 0.3125 0.340625 0.0765625 0.0890625
1 0.32421875 0.2890625 0.0765625 0.090625
1 0.3421875 0.2546875 0.0671875 0.0859375
1 0.1125 0.58984375 0.1 0.1453125
1 0.1484375 0.5078125 0.1015625 0.1359375
1 0.18359375 0.44765625 0.09375 0.1265625
1 0.21640625 0.396875 0.084375 0.1046875
1 0.23984375 0.34453125 0.075 0.0953125
1 0.26328125 0.303125 0.071875 0.090625
1 0.28203125 0.2625 0.0734375 0.090625