1 0.434375 0.30078125 0.165625 0.171875
1 0.56328125 0.271875 0.165625 0.1765625
0 0.70078125 0.26640625 0.165625 0.1328125
1 0.22421875 0.32578125 0.1609375 0.1921875
0 0.84375 0.22890625 0.1765625 0.1421875
0 0.58359375 0.446875 0.4171875 0.2359375
0 0.21796875 0.5109375 0.36875 0.20625
1 0.3890625 0.1625 0.1 0.1046875
1 0.315625 0.16953125 0.1 0.125
0 0.46484375 0.16015625 0.0828125 0.071875
0 0.5390625 0.1421875 0.0890625 0.0671875
0 0.6125 0.121875 0.09375 0.071875
0 0.68671875 0.1015625 0.0859375 0.0703125
0 0.76640625 0.08046875 0.1015625 0.078125