1 0.70078125 0.75546875 0.31875 0.45625
0 0.45859375 0.68984375 0.334375 0.4359375
0 0.2421875 0.65859375 0.278125 0.409375
1 0.0953125 0.5890625 0.190625 0.425
0 0.51640625 0.3765625 0.2828125 0.1296875
0 0.25546875 0.296875 0.2953125 0.1296875
1 0.72421875 0.32734375 0.1265625 0.125
0 0.62109375 0.321875 0.1078125 0.075
0 0.53125 0.2953125 0.103125 0.0703125
0 0.44453125 0.26484375 0.109375 0.0796875
0 0.3515625 0.2359375 0.109375 0.0765625
0 0.26328125 0.20859375 0.0984375 0.0734375
1 0.1484375 0.146875 0.1421875 0.13125
1 0.31796875 0.1046875 0.0796875 0.08125
0 0.37734375 0.1359375 0.071875 0.059375
0 0.49609375 0.1765625 0.071875 0.0609375