0 0.696875 0.7015625 0.140625 0.109375
1 0.57421875 0.746875 0.140625 0.1546875
0 0.834375 0.678125 0.1578125 0.11875
0 0.82890625 0.84375 0.0921875 0.06875
0 0.95234375 0.64609375 0.0953125 0.1078125
0 0.74609375 0.85078125 0.0875 0.0625
1 0.44296875 0.78046875 0.140625 0.153125
1 0.23046875 0.8234375 0.1484375 0.15625
0 0.6703125 0.8625 0.084375 0.0640625
0 0.59921875 0.8765625 0.084375 0.053125
0 0.52578125 0.89453125 0.0796875 0.0703125
1 0.45234375 0.91796875 0.084375 0.0828125
1 0.38203125 0.9359375 0.0859375 0.09375
0 0.5390625 0.5984375 0.4046875 0.184375
0 0.48671875 0.08203125 0.3984375 0.1640625
0 0.17421875 0.146875 0.3484375 0.26875
0 0.2 0.6453125 0.3859375 0.1625