1 0.9453125 0.303125 0.109375 0.125
1 0.36484375 0.1765625 0.1296875 0.1203125
0 0.4640625 0.21953125 0.1171875 0.084375
0 0.55625 0.2390625 0.1109375 0.0890625
0 0.6484375 0.2578125 0.109375 0.084375
0 0.73828125 0.2765625 0.1015625 0.078125
0 0.8296875 0.29375 0.1046875 0.078125
1 0.82578125 0.178125 0.0859375 0.08125
0 0.7578125 0.1734375 0.0765625 0.06875
0 0.6359375 0.153125 0.0734375 0.0578125
0 0.51796875 0.128125 0.0734375 0.059375
0 0.45546875 0.115625 0.071875 0.0578125
0 0.45546875 0.66328125 0.3109375 0.415625
0 0.6703125 0.70546875 0.275 0.4078125
1 0.8671875 0.70625 0.265625 0.4625
1 0.21796875 0.5875 0.3375 0.45
0 0.53359375 0.3203125 0.2828125 0.1203125
0 0.8 0.371875 0.2984375 0.1296875