0 0.68671875 0.28828125 0.1359375 0.103125
1 0.5609375 0.25 0.1328125 0.1484375
0 0.825 0.3046875 0.1515625 0.1125
0 0.81015625 0.13984375 0.0890625 0.0640625
0 0.94921875 0.3296875 0.1015625 0.103125
0 0.72734375 0.13671875 0.084375 0.059375
1 0.428125 0.2234375 0.1328125 0.146875
1 0.2140625 0.19140625 0.140625 0.1515625
0 0.6515625 0.1296875 0.08125 0.0609375
0 0.5796875 0.11953125 0.0828125 0.05
0 0.50546875 0.1046875 0.0765625 0.065625
1 0.43046875 0.08515625 0.0796875 0.078125
1 0.359375 0.06953125 0.08125 0.090625
0 0.5203125 0.42578125 0.415625 0.1671875
0 0.672533146875 0.996627903125 0.6668869609375 0.909620134375 0.33332784531250004 0.8397376859374999 0.2905370578125 0.992990165625 0.672533146875 0.996627903125
0 0 0.973472115625 0.298128859375 0.993198946875 0.3333324515625 0.8555313234374999 0.0176711265625 0.7754415171875 0 0.807066909375 0 0.973472115625
0 0.0064063625 0.307818234375 0.0034458453125 0.392596375 0.30788305781249997 0.4340935 0.3565168484375 0.3470521515625 0.0354273625 0.2779657265625 0.0325783046875 0.2662914875 0.0340739984375 0.2856349171875 0.0064063625 0.307818234375