0 0.58984375 0.43046875 0.4046875 0.1515625
0 0.734375 0.27890625 0.153125 0.109375
0 0.22109375 0.43203125 0.34375 0.15
1 0.59453125 0.2625 0.1375 0.1484375
1 0.25078125 0.26015625 0.134375 0.1671875
1 0.46171875 0.2640625 0.14375 0.1421875
0 0.88359375 0.2734375 0.1671875 0.1171875
0 0.52265625 0.12734375 0.0828125 0.0703125
1 0.44921875 0.1140625 0.0796875 0.1015625
1 0.375 0.115625 0.0796875 0.1046875
1 0.10703125 0.259375 0.13125 0.171875
0 0.59765625 0.125 0.0828125 0.065625
0 0.67421875 0.1171875 0.0890625 0.0703125
0 0.7546875 0.11015625 0.0921875 0.0703125
0 0.8390625 0.10546875 0.09375 0.071875