1 0.2546875 0.096875 0.1328125 0.134375
1 0.16171875 0.59921875 0.3234375 0.4984375
0 0.425 0.5984375 0.2921875 0.4203125
1 0.8765625 0.54921875 0.246875 0.4484375
0 0.6578125 0.603125 0.259375 0.421875
1 0.890625 0.08984375 0.128125 0.1125
0 0.7609375 0.10703125 0.1 0.078125
0 0.66015625 0.1140625 0.1125 0.08125
0 0.5640625 0.11796875 0.1015625 0.078125
0 0.465625 0.11875 0.1109375 0.08125
0 0.365625 0.115625 0.1171875 0.0921875
0 0.45859375 0.21328125 0.3 0.125
0 0.7453125 0.2078125 0.3078125 0.1328125