0 0.34375 0.659375 0.2609375 0.3421875
0 0.11953125 0.6296875 0.2390625 0.359375
1 0.565625 0.6484375 0.2421875 0.403125
1 0.81171875 0.68828125 0.3 0.3921875
1 0.6234375 0.18671875 0.0625 0.08125
1 0.68203125 0.20546875 0.0640625 0.071875
0 0.340625 0.25234375 0.0953125 0.0703125
0 0.24453125 0.23046875 0.1046875 0.071875
0 0.428125 0.2671875 0.1 0.071875
0 0.51640625 0.278125 0.0953125 0.0734375
0 0.60703125 0.29453125 0.0984375 0.0640625
0 0.6984375 0.31171875 0.0921875 0.065625
0 0.78984375 0.32578125 0.096875 0.0671875
0 0.87578125 0.34609375 0.0859375 0.0578125
0 0.3234375 0.153125 0.0734375 0.05
0 0.384375 0.16796875 0.06875 0.0421875
0 0.50546875 0.1875 0.06875 0.0515625