0 0.409375 0.625 0.290625 0.35
0 0.27578125 0.265625 0.1109375 0.0703125
0 0.17578125 0.28515625 0.115625 0.071875
0 0.81328125 0.13359375 0.1046875 0.065625
0 0.36484375 0.24453125 0.103125 0.0703125
0 0.54453125 0.203125 0.1125 0.071875
0 0.18046875 0.67109375 0.2921875 0.3453125
0 0.4546875 0.2234375 0.103125 0.0671875
1 0.846875 0.4765625 0.30625 0.35
1 0.52265625 0.0984375 0.0734375 0.0703125
0 0.896875 0.11328125 0.0796875 0.05625
1 0.58515625 0.08125 0.075 0.078125
0 0.13046875 0.375 0.2609375 0.11875
0 0.63359375 0.17578125 0.1046875 0.0703125
0 0.72265625 0.15234375 0.0984375 0.075
1 0.6203125 0.54765625 0.2828125 0.3609375