0 0.6296875 0.75078125 0.15 0.1234375
1 0.4984375 0.7578125 0.1546875 0.1671875
0 0.76796875 0.76796875 0.1671875 0.134375
0 0.7140625 0.925 0.0984375 0.078125
0 0.89765625 0.775 0.1234375 0.11875
0 0.6328125 0.9078125 0.0921875 0.071875
1 0.36328125 0.7515625 0.1546875 0.165625
1 0.14765625 0.73046875 0.1625 0.1703125
0 0.55703125 0.89609375 0.090625 0.0734375
0 0.48515625 0.8890625 0.0890625 0.0625
0 0.409375 0.88515625 0.0859375 0.078125
1 0.3328125 0.8859375 0.0921875 0.090625
1 0.259375 0.8828125 0.0953125 0.1015625
0 0.50859375 0.60546875 0.415625 0.228125
0 0.6125 0.1 0.409375 0.2
0 0.271875 0.1078125 0.4125 0.215625
0 0.18359375 0.55078125 0.3671875 0.2046875