1 0.71796875 0.740625 0.29375 0.4453125
0 0.471875 0.6921875 0.3109375 0.4234375
0 0.25390625 0.67578125 0.2546875 0.4
1 0.0921875 0.61875 0.184375 0.41875
0 0.5078125 0.37578125 0.28125 0.1125
0 0.2421875 0.31484375 0.29375 0.1109375
1 0.71171875 0.31171875 0.121875 0.11875
0 0.6078125 0.3140625 0.1046875 0.06875
0 0.5171875 0.29296875 0.1 0.0640625
0 0.428125 0.26875 0.10625 0.0734375
0 0.33359375 0.246875 0.10625 0.0703125
0 0.24375 0.22578125 0.0953125 0.06875
1 0.125 0.171875 0.1359375 0.1234375
1 0.290625 0.11796875 0.0765625 0.078125
0 0.35234375 0.1453125 0.0703125 0.0546875
0 0.4734375 0.17734375 0.06875 0.05625