1 0.309375 0.734375 0.353125 0.440625
0 0.5515625 0.6703125 0.3203125 0.425
0 0.76796875 0.61484375 0.30625 0.415625
1 0.90703125 0.5578125 0.1859375 0.434375
1 0.26015625 0.29609375 0.125 0.121875
0 0.36484375 0.28359375 0.11875 0.0875
0 0.47421875 0.33984375 0.2703125 0.121875
0 0.45546875 0.25859375 0.1046875 0.0765625
0 0.54453125 0.23125 0.1046875 0.075
0 0.6359375 0.19765625 0.1125 0.0828125
0 0.72890625 0.16796875 0.1046875 0.0765625
1 0.83984375 0.09765625 0.153125 0.1515625
1 0.66484375 0.06484375 0.08125 0.08125
0 0.60859375 0.0984375 0.075 0.0640625
0 0.43203125 0.1640625 0.0703125 0.0546875
0 0.375 0.184375 0.0703125 0.0546875
0 0.315625 0.20546875 0.0734375 0.0546875
0 0.73046875 0.26015625 0.28125 0.1359375
0 0.48984375 0.14375 0.06875 0.0546875