0 0.584375 0.19453125 0.1109375 0.0765625
0 0.48671875 0.18984375 0.1078125 0.0734375
0 0.68359375 0.20234375 0.1109375 0.071875
0 0.790625 0.2046875 0.1234375 0.078125
1 0.384375 0.16875 0.11875 0.1046875
1 0.86171875 0.07890625 0.078125 0.078125
0 0.53984375 0.6671875 0.3078125 0.4171875
0 0.89140625 0.2078125 0.1125 0.0765625
0 0.53125 0.084375 0.078125 0.0578125
0 0.46875 0.08125 0.075 0.0484375
1 0.971875 0.1734375 0.05625 0.1375
0 0.41015625 0.07421875 0.0671875 0.0453125
0 0.59765625 0.08671875 0.0765625 0.05625
0 0.78984375 0.0890625 0.0765625 0.059375
0 0.5796875 0.28125 0.2984375 0.1125
0 0.8546875 0.29609375 0.290625 0.1234375
0 0.778125 0.67734375 0.278125 0.4421875
1 0.2828125 0.62578125 0.321875 0.4296875