0 0.65546875 0.73515625 0.1421875 0.1125
1 0.52578125 0.75625 0.1421875 0.15625
0 0.79453125 0.73828125 0.159375 0.121875
0 0.75703125 0.9 0.09375 0.0703125
0 0.92421875 0.73125 0.1140625 0.109375
0 0.675 0.89140625 0.0875 0.0640625
1 0.390625 0.7640625 0.1421875 0.1546875
1 0.1734375 0.765625 0.15 0.159375
0 0.5984375 0.88828125 0.0859375 0.065625
0 0.52578125 0.88828125 0.0859375 0.0546875
0 0.45 0.8921875 0.08125 0.071875
1 0.3734375 0.9015625 0.0859375 0.084375
1 0.30078125 0.90546875 0.0875 0.0953125
0 0.51953125 0.60390625 0.4078125 0.190625