0 0.20859375 0.71953125 0.1546875 0.115625
0 0.1578125 0.878125 0.090625 0.0703125
0 0.06484375 0.878125 0.1015625 0.0703125
1 0.34140625 0.75390625 0.146875 0.1546875
0 0.06953125 0.70703125 0.1390625 0.1203125
0 0.24296875 0.88671875 0.090625 0.0734375
1 0.47890625 0.759375 0.1375 0.15625
0 0.31953125 0.8921875 0.084375 0.075
0 0.39453125 0.89453125 0.08125 0.0703125
1 0.471875 0.90234375 0.0828125 0.090625
1 0.5421875 0.90859375 0.0765625 0.09375
0 0.74296875 0.61875 0.353125 0.1640625
0 0.36875 0.575 0.40625 0.165625
1 0.6828125 0.784375 0.1375 0.16875