1 0.9546875 0.13828125 0.090625 0.1359375
1 0.2546875 0.5921875 0.3015625 0.4875
1 0.34609375 0.140625 0.121875 0.1265625
1 0.9203125 0.6109375 0.159375 0.434375
0 0.7578125 0.659375 0.25625 0.4203125
0 0.51796875 0.6484375 0.2921875 0.4140625
1 0.81953125 0.0515625 0.0921875 0.0671875
0 0.54140625 0.2578125 0.28125 0.0953125
0 0.45 0.16953125 0.10625 0.06875
0 0.5484375 0.1734375 0.10625 0.06875
0 0.64765625 0.17265625 0.1125 0.06875
0 0.7515625 0.16796875 0.0984375 0.0671875
0 0.8484375 0.16953125 0.103125 0.0703125
0 0.8234375 0.2640625 0.2921875 0.10625
0 0.48671875 0.0578125 0.0734375 0.0703125
0 0.55234375 0.0578125 0.0703125 0.065625
0 0.61875 0.059375 0.0703125 0.0609375
0 0.74375 0.06171875 0.0640625 0.053125
0 0.42265625 0.06328125 0.06875 0.05