0 0.759375 0.23828125 0.1515625 0.1140625
0 0.78671875 0.06640625 0.0828125 0.06875
0 0.87265625 0.059375 0.0953125 0.0703125
1 0.6203125 0.2125 0.1453125 0.1515625
0 0.91015625 0.23515625 0.159375 0.11875
0 0.70703125 0.0703125 0.0890625 0.0671875
1 0.48515625 0.215625 0.1359375 0.1546875
0 0.6265625 0.078125 0.0828125 0.065625
0 0.55 0.0828125 0.0796875 0.06875
1 0.47421875 0.07109375 0.08125 0.0890625
1 0.40078125 0.078125 0.075 0.0921875
0 0.2421875 0.39375 0.35 0.1578125
0 0.61484375 0.390625 0.403125 0.159375
1 0.2765625 0.21484375 0.13125 0.153125