1 0.146875 0.19765625 0.1296875 0.1828125
1 0.2890625 0.22109375 0.140625 0.1703125
1 0.49921875 0.25546875 0.1453125 0.1546875
1 0.628125 0.2703125 0.140625 0.16875
1 0.43125 0.10546875 0.0828125 0.0984375
1 0.5046875 0.1125 0.08125 0.096875
0 0.57890625 0.13515625 0.08125 0.0625
0 0.65234375 0.14140625 0.0828125 0.0671875
0 0.72890625 0.146875 0.084375 0.0703125
0 0.809375 0.153125 0.0890625 0.06875
0 0.89296875 0.15703125 0.0875 0.0734375
0 0.76015625 0.30625 0.15 0.125
0 0.909375 0.3234375 0.1625 0.1296875
0 0.584375 0.4515625 0.4296875 0.1640625
0 0.22734375 0.396875 0.365625 0.1453125