0 0.60546875 0.4265625 0.403125 0.1328125
0 0.75625 0.3078125 0.1546875 0.109375
0 0.23671875 0.38984375 0.34375 0.15
1 0.61796875 0.2828125 0.1421875 0.1375
1 0.27890625 0.2296875 0.1359375 0.1671875
1 0.4859375 0.26953125 0.14375 0.1375
0 0.90859375 0.31875 0.1671875 0.1171875
0 0.56328125 0.1328125 0.0828125 0.06875
1 0.4921875 0.1125 0.0796875 0.1015625
1 0.41875 0.1046875 0.0796875 0.1046875
1 0.13515625 0.215625 0.13125 0.171875
0 0.6375 0.1390625 0.0828125 0.065625
0 0.715625 0.140625 0.0890625 0.06875
0 0.7984375 0.1421875 0.096875 0.0703125
0 0.88359375 0.1484375 0.09375 0.071875