0 0.59453125 0.4125 0.40625 0.146875
0 0.72734375 0.27421875 0.1578125 0.1140625
0 0.22421875 0.42734375 0.3484375 0.1625
1 0.58671875 0.26796875 0.146875 0.1421875
1 0.24296875 0.2625 0.1421875 0.171875
1 0.4546875 0.2734375 0.1484375 0.1421875
0 0.87890625 0.2640625 0.1703125 0.1234375
0 0.5109375 0.12734375 0.084375 0.0703125
1 0.43828125 0.1171875 0.0828125 0.1046875
1 0.36484375 0.11953125 0.0828125 0.1078125
1 0.09921875 0.26953125 0.1375 0.175
0 0.5859375 0.1234375 0.084375 0.0671875
0 0.6640625 0.1140625 0.090625 0.071875
0 0.74609375 0.1046875 0.0984375 0.0734375
0 0.83125 0.0984375 0.096875 0.075