0 0.4640625 0.18515625 0.115625 0.0890625
0 0.371875 0.2171875 0.1140625 0.084375
0 0.55859375 0.1546875 0.1171875 0.084375
0 0.65859375 0.11796875 0.1296875 0.0921875
1 0.26796875 0.2359375 0.128125 0.1171875
1 0.67734375 0.00859375 0.0859375 0.0171875
0 0.6 0.63984375 0.353125 0.4421875
0 0.75390625 0.0828125 0.11875 0.0890625
0 0.3734375 0.103125 0.0828125 0.0671875
0 0.3140625 0.1234375 0.078125 0.0578125
1 0.8390625 0.0421875 0.121875 0.084375
0 0.25703125 0.1390625 0.0703125 0.053125
0 0.4359375 0.08046875 0.08125 0.065625
0 0.6140625 0.02265625 0.08125 0.0453125
0 0.4921875 0.26796875 0.3015625 0.15
0 0.7625 0.175 0.315625 0.1625
0 0.82421875 0.56015625 0.3296875 0.4625
1 0.34609375 0.6984375 0.36875 0.45625