0 0.6015625 0.42109375 0.3984375 0.1125
0 0.74609375 0.29453125 0.15 0.1015625
0 0.23125 0.40390625 0.3375 0.1328125
1 0.60625 0.2765625 0.1359375 0.13125
1 0.26484375 0.24140625 0.128125 0.1609375
1 0.47421875 0.2703125 0.1375 0.13125
0 0.8984375 0.29765625 0.1609375 0.109375
0 0.54375 0.1296875 0.0796875 0.0640625
1 0.471875 0.11328125 0.075 0.0984375
1 0.3984375 0.109375 0.075 0.1015625
1 0.12109375 0.23515625 0.1234375 0.165625
0 0.61875 0.13203125 0.0796875 0.0609375
0 0.696875 0.1296875 0.0859375 0.0640625
0 0.7796875 0.12734375 0.09375 0.065625
0 0.86484375 0.12890625 0.090625 0.0671875