1 0.61171875 0.24921875 0.25625 0.1890625
1 0.9 0.7 0.2 0.178125
1 0.88359375 0.52109375 0.2203125 0.1609375
1 0.8546875 0.196875 0.20625 0.16875
1 0.8609375 0.3578125 0.221875 0.1578125
1 0.659375 0.5671875 0.225 0.16875
1 0.58359375 0.07109375 0.2265625 0.1421875
1 0.15625 0.37109375 0.2125 0.1703125
1 0.18046875 0.66796875 0.209375 0.16875
1 0.915625 0.853125 0.16875 0.16875
1 0.7 0.725 0.221875 0.1640625
1 0.71875 0.890625 0.2265625 0.1703125
1 0.24765625 0.82109375 0.209375 0.1609375
1 0.687159221875 0 0.6984537953125 0.0868069453125 0.9211635984375001 0.0472875703125 0.9095717437499999 0 0.687159221875 0
1 0 0.215187478125 0.0199508453125 0.33747934218750003 0.2314536953125 0.2888255078125 0.190248915625 0.0837764734375 0 0.11367650625 0 0.215187478125
1 0.37015523125 1 0.3358530890625 0.8605707484374999 0.146420771875 0.9049345046875 0.1596012171875 1 0.37015523125 1
0 0.7591141859375 0.48039244999999997 0.7384126734375001 0.3392349671875 0.5259235906249999 0.364090065625 0.5574056671875 0.5309134515625 0.7591141859375 0.48039244999999997