1 0.9125 0.23515625 0.165625 0.4234375
1 0.60546875 0.26328125 0.3 0.465625
1 0.4734375 0.27578125 0.2890625 0.4359375
1 0.74296875 0.26953125 0.2984375 0.475
1 0.20625 0.29375 0.3046875 0.44375
1 0.34453125 0.29140625 0.2859375 0.421875
1 0.8609375 0.28203125 0.278125 0.4328125
0 0.2203125 0.68828125 0.2875 0.440625
0 0.62109375 0.68125 0.2875 0.4359375
0 0.48828125 0.68671875 0.2875 0.44375
0 0.35546875 0.696875 0.3015625 0.45
0 0.76015625 0.69375 0.296875 0.4640625
0 0.92265625 0.690625 0.1546875 0.44375
0 0.86484375 0.69921875 0.2703125 0.4703125