1 0.65703125 0.27578125 0.1328125 0.18125
1 0.48671875 0.2984375 0.1171875 0.1515625
1 0.565625 0.28984375 0.1234375 0.1609375
1 0.39765625 0.31328125 0.1375 0.165625
1 0.1453125 0.34609375 0.140625 0.175
1 0.909375 0.25390625 0.128125 0.178125
1 0.74765625 0.275 0.1328125 0.18125
0 0.325 0.32734375 0.128125 0.16875
1 0.82890625 0.26640625 0.128125 0.1765625
0 0.23671875 0.3453125 0.13125 0.1765625
0 0.0625 0.3734375 0.11875 0.1578125
1 0.5484375 0.4375 0.13125 0.18125
1 0.45234375 0.4515625 0.134375 0.16875
0 0.2765625 0.47578125 0.125 0.153125
1 0.6375 0.43203125 0.1390625 0.184375
1 0.8125 0.4109375 0.1359375 0.184375
0 0.1875 0.4890625 0.134375 0.16875
0 0.3640625 0.46875 0.1296875 0.1609375
1 0.90625 0.403125 0.1421875 0.1953125
0 0.721875 0.42890625 0.1421875 0.171875
1 0.03671875 0.515625 0.0734375 0.15
0 0.1015625 0.51015625 0.1359375 0.165625
1 0.0765625 0.11640625 0.0921875 0.1515625
1 0.8390625 0.0625 0.1109375 0.0703125
1 0.39140625 0.0796875 0.1203125 0.159375
1 0.3109375 0.0890625 0.1203125 0.1609375
1 0.8671875 0.70390625 0.14375 0.2015625
1 0.94140625 0.69453125 0.1 0.184375
1 0.7671875 0.72421875 0.1453125 0.19375
0 0.15234375 0.11171875 0.128125 0.1703125
1 0.4703125 0.0765625 0.11875 0.153125
1 0.7015625 0.0703125 0.1125 0.1125
1 0.23125 0.103125 0.125 0.171875
1 0.67109375 0.74140625 0.1546875 0.2015625
0 0.08671875 0.8203125 0.159375 0.2140625
0 0.58046875 0.7640625 0.1546875 0.190625
0 0.2890625 0.8015625 0.1515625 0.1984375
1 0.1890625 0.81796875 0.1578125 0.1984375
1 0.384375 0.7953125 0.1625 0.20625
1 0.4875 0.7875 0.1453125 0.203125
1 0.54609375 0.0734375 0.1234375 0.146875
1 0.62578125 0.07265625 0.1171875 0.134375
0 0.77109375 0.06953125 0.1171875 0.0984375
1 0.85546875 0.88828125 0.1359375 0.1703125
1 0.9234375 0.87265625 0.096875 0.1703125
1 0.5484375 0.92109375 0.140625 0.1578125
1 0.75390625 0.90234375 0.140625 0.1703125
1 0.3390625 0.93203125 0.14375 0.121875
1 0.45 0.92890625 0.14375 0.1421875
1 0.65625 0.91796875 0.146875 0.1640625
1 0.2390625 0.9359375 0.1328125 0.090625
1 0.13359375 0.9359375 0.1421875 0.0703125