1 0.56953125 0.203125 0.1453125 0.1890625
1 0.415625 0.2765625 0.128125 0.159375
1 0.48828125 0.24453125 0.134375 0.165625
1 0.33515625 0.31796875 0.15 0.1734375
1 0.1078125 0.42734375 0.1546875 0.1828125
1 0.80078125 0.1046875 0.1421875 0.1859375
1 0.6546875 0.17421875 0.146875 0.1890625
0 0.27109375 0.3546875 0.1421875 0.1765625
1 0.72890625 0.14140625 0.1421875 0.184375
0 0.19375 0.39609375 0.1453125 0.184375
0 0.05078125 0.47734375 0.1015625 0.1671875
1 0.51640625 0.3890625 0.1453125 0.1890625
1 0.4296875 0.43125 0.1484375 0.178125
0 0.27109375 0.50859375 0.1375 0.1609375
1 0.5984375 0.35625 0.153125 0.190625
1 0.7578125 0.2828125 0.1515625 0.1921875
0 0.1921875 0.5484375 0.146875 0.1765625
0 0.3515625 0.475 0.1421875 0.1703125
1 0.84375 0.246875 0.1578125 0.2015625
0 0.6765625 0.32734375 0.15625 0.18125
1 0.05078125 0.6234375 0.1015625 0.15625
0 0.11640625 0.59453125 0.1484375 0.1734375
1 0.0125 0.24765625 0.025 0.1234375
1 0.265625 0.1140625 0.1171875 0.1328125
1 0.1921875 0.1484375 0.1203125 0.134375
1 0.89921875 0.54296875 0.159375 0.2078125
1 0.9546875 0.51171875 0.090625 0.1890625
0 0.8109375 0.59375 0.1609375 0.2015625
0 0.05625 0.21796875 0.1125 0.1421875
1 0.3375 0.08515625 0.115625 0.1328125
1 0.5546875 0.02578125 0.103125 0.0515625
1 0.12109375 0.1859375 0.125 0.14375
1 0.72578125 0.63828125 0.1703125 0.209375
0 0.196875 0.88984375 0.18125 0.2203125
0 0.64765625 0.6875 0.1703125 0.2
0 0.38359375 0.81171875 0.1671875 0.2078125
1 0.29453125 0.859375 0.1734375 0.2078125
1 0.471875 0.77734375 0.1796875 0.215625
1 0.5671875 0.7390625 0.1625 0.2109375
1 0.40859375 0.06015625 0.1203125 0.1203125
1 0.48203125 0.04296875 0.1109375 0.0859375
0 0.6203125 0.0125 0.109375 0.025
1 0.93515625 0.7390625 0.1296875 0.21875
1 0.97578125 0.70390625 0.0484375 0.2140625
1 0.67734375 0.87109375 0.171875 0.21875
1 0.86328125 0.78359375 0.171875 0.21875
1 0.47890625 0.925 0.1703125 0.15
1 0.58203125 0.90234375 0.1734375 0.1953125
1 0.775 0.82734375 0.175 0.2171875
1 0.38515625 0.95078125 0.1546875 0.0984375
1 0.2875 0.971875 0.1625 0.05625