1 0.7125 0.2796875 0.1375 0.1828125
1 0.54375 0.28203125 0.121875 0.153125
1 0.621875 0.2828125 0.128125 0.1625
1 0.4546875 0.28515625 0.1421875 0.1671875
1 0.20390625 0.28828125 0.146875 0.178125
1 0.946875 0.28515625 0.10625 0.1796875
1 0.8015625 0.28984375 0.1390625 0.1828125
0 0.38203125 0.29140625 0.134375 0.1703125
1 0.88203125 0.29140625 0.1328125 0.178125
0 0.29453125 0.296875 0.1359375 0.178125
0 0.1140625 0.30234375 0.1375 0.1609375
1 0.5875 0.42421875 0.1375 0.1828125
1 0.4921875 0.4265625 0.1390625 0.171875
0 0.3171875 0.4296875 0.1296875 0.1546875
1 0.675 0.4296875 0.1453125 0.184375
1 0.8484375 0.43125 0.1421875 0.1859375
0 0.22890625 0.43203125 0.1390625 0.171875
0 0.403125 0.4328125 0.1328125 0.1625
1 0.9328125 0.4328125 0.134375 0.196875
0 0.75703125 0.43671875 0.146875 0.175
1 0.059375 0.43828125 0.11875 0.1640625
0 0.14140625 0.44140625 0.140625 0.1671875
1 0.15390625 0.06484375 0.1171875 0.1296875
1 0.096875 0.06484375 0.065625 0.1296875
1 0.91796875 0.0984375 0.10625 0.06875
1 0.478125 0.06875 0.11875 0.1375
1 0.39765625 0.06875 0.1203125 0.1375
1 0.86640625 0.721875 0.15 0.2015625
1 0.9328125 0.72109375 0.096875 0.18125
1 0.765625 0.73125 0.15 0.1953125
0 0.23828125 0.071875 0.1296875 0.14375
1 0.5546875 0.07109375 0.11875 0.1421875
1 0.78203125 0.08984375 0.109375 0.103125
1 0.3171875 0.0734375 0.128125 0.146875
1 0.6703125 0.7359375 0.1625 0.2046875
0 0.090625 0.74375 0.1703125 0.21875
0 0.5796875 0.746875 0.1609375 0.19375
0 0.290625 0.7484375 0.159375 0.2015625
1 0.19140625 0.75234375 0.1640625 0.2015625
1 0.384375 0.75390625 0.16875 0.2078125
1 0.48671875 0.759375 0.153125 0.20625
1 0.6296875 0.0765625 0.121875 0.1359375
1 0.70703125 0.08359375 0.1140625 0.1203125
0 0.8484375 0.096875 0.1140625 0.09375
1 0.83125 0.90703125 0.153125 0.1859375
1 0.896875 0.90546875 0.1 0.1890625
1 0.52890625 0.9078125 0.1578125 0.184375
1 0.73046875 0.9078125 0.1578125 0.184375
1 0.32265625 0.9015625 0.1578125 0.1671875
1 0.43046875 0.90859375 0.1609375 0.1828125
1 0.6359375 0.9109375 0.1625 0.178125
1 0.2234375 0.8953125 0.14375 0.140625
1 0.11875 0.88515625 0.1515625 0.121875