1 0.70546875 0.28203125 0.1296875 0.1765625
1 0.53984375 0.27734375 0.115625 0.1484375
1 0.61640625 0.28203125 0.1203125 0.15625
1 0.45234375 0.27890625 0.1359375 0.1625
1 0.20546875 0.271875 0.140625 0.171875
1 0.9359375 0.30078125 0.1015625 0.1703125
1 0.7921875 0.29453125 0.1296875 0.1765625
0 0.3796875 0.28203125 0.1265625 0.165625
1 0.871875 0.29921875 0.1265625 0.1734375
0 0.29453125 0.284375 0.128125 0.171875
0 0.11640625 0.2828125 0.13125 0.15625
1 0.5765625 0.41953125 0.128125 0.1765625
1 0.48359375 0.41875 0.1328125 0.165625
0 0.3125 0.41484375 0.125 0.15
1 0.66328125 0.428125 0.1390625 0.1796875
1 0.834375 0.43515625 0.1359375 0.18125
0 0.225 0.415625 0.1328125 0.165625
0 0.396875 0.421875 0.128125 0.159375
1 0.925 0.44140625 0.1421875 0.190625
0 0.74453125 0.4375 0.140625 0.16875
1 0.0578125 0.41640625 0.115625 0.1609375
0 0.1390625 0.421875 0.134375 0.1609375
1 0.16953125 0.0765625 0.1 0.075
1 0.0921875 0.08203125 0.09375 0.059375
1 0.90625 0.075 0.0828125 0.1359375
1 0.4828125 0.065625 0.1125 0.13125
1 0.40546875 0.06640625 0.1125 0.128125
1 0.8421875 0.72109375 0.1421875 0.1953125
1 0.93125 0.73125 0.1375 0.184375
1 0.7421875 0.72734375 0.1421875 0.1890625
0 0.25 0.07890625 0.115625 0.10625
1 0.55703125 0.07109375 0.1140625 0.1421875
1 0.7859375 0.07421875 0.1125 0.1484375
1 0.328125 0.07578125 0.115625 0.121875
1 0.64921875 0.72890625 0.153125 0.196875
0 0.08671875 0.71484375 0.14375 0.2078125
0 0.55859375 0.73671875 0.153125 0.1859375
0 0.27421875 0.728125 0.15 0.1953125
1 0.17734375 0.728125 0.15625 0.1953125
1 0.36640625 0.73671875 0.1609375 0.2015625
1 0.4671875 0.7453125 0.14375 0.1984375
1 0.63359375 0.07265625 0.1203125 0.1453125
1 0.709375 0.0734375 0.115625 0.146875
0 0.85390625 0.0765625 0.1203125 0.153125
1 0.796875 0.88984375 0.140625 0.1546875
1 0.890625 0.88359375 0.15 0.1390625
1 0.50390625 0.90234375 0.1546875 0.1953125
1 0.7 0.896875 0.1484375 0.1703125
1 0.296875 0.89921875 0.1625 0.2015625
1 0.40390625 0.9015625 0.1609375 0.196875
1 0.60546875 0.90546875 0.15625 0.184375
1 0.196875 0.9015625 0.153125 0.196875
1 0.109375 0.896875 0.1328125 0.2015625