1 0.57890625 0.2734375 0.08125 0.1296875
1 0.415625 0.2953125 0.1046875 0.1296875
1 0.5046875 0.2859375 0.09375 0.1375
1 0.9015625 0.2390625 0.0828125 0.1296875
1 0.82890625 0.253125 0.0890625 0.1359375
1 0.74921875 0.2640625 0.1 0.146875
1 0.66484375 0.2765625 0.1015625 0.1515625
0 0.09296875 0.35703125 0.1 0.13125
1 0.1765625 0.34921875 0.10625 0.121875
0 0.3421875 0.32890625 0.096875 0.1390625
0 0.2625 0.340625 0.0921875 0.13125
1 0.63671875 0.4109375 0.0984375 0.146875
1 0.55234375 0.421875 0.09375 0.1390625
1 0.4671875 0.4328125 0.1015625 0.146875
1 0.89375 0.38125 0.1015625 0.1515625
0 0.1328125 0.47578125 0.103125 0.1453125
1 0.7984375 0.396875 0.1078125 0.1390625
1 0.0484375 0.4890625 0.096875 0.146875
0 0.38984375 0.45078125 0.1 0.1328125
0 0.71875 0.4109375 0.0953125 0.13125
0 0.30546875 0.4625 0.1 0.1421875
0 0.21796875 0.475 0.1 0.1390625
1 0.09921875 0.11484375 0.090625 0.1421875
1 0.03359375 0.12578125 0.0671875 0.1484375
1 0.25546875 0.096875 0.0921875 0.1375
1 0.703125 0.05859375 0.09375 0.1171875
1 0.63046875 0.06328125 0.0859375 0.1265625
1 0.76328125 0.68125 0.1 0.1578125
1 0.859375 0.6703125 0.1015625 0.1703125
1 0.67109375 0.696875 0.1078125 0.1671875
1 0.946875 0.6640625 0.1 0.165625
1 0.4 0.7328125 0.1203125 0.178125
1 0.496875 0.72265625 0.1046875 0.1734375
1 0.33515625 0.090625 0.0921875 0.1359375
1 0.56171875 0.06796875 0.0828125 0.1359375
1 0.4125 0.08203125 0.0875 0.1390625
1 0.20546875 0.7640625 0.109375 0.1703125
0 0.30625 0.7578125 0.1140625 0.1640625
0 0.58359375 0.725 0.109375 0.165625
0 0.12109375 0.79375 0.1140625 0.171875
1 0.48828125 0.075 0.0859375 0.1390625
0 0.178125 0.11640625 0.0921875 0.134375
1 0.84453125 0.053125 0.0921875 0.10625
1 0.940625 0.85546875 0.11875 0.1984375
1 0.1671875 0.934375 0.11875 0.13125
1 0.65859375 0.8953125 0.1140625 0.1859375
1 0.7578125 0.8828125 0.11875 0.1875
1 0.846875 0.871875 0.103125 0.1859375
1 0.56015625 0.90703125 0.1234375 0.1859375
1 0.36328125 0.921875 0.1171875 0.15625
1 0.4640625 0.9171875 0.115625 0.165625
1 0.26484375 0.9328125 0.1140625 0.134375
0 0.78046875 0.065625 0.0859375 0.13125