1 0.6796875 0.28203125 0.0828125 0.15
1 0.51796875 0.2890625 0.0765625 0.125
1 0.59296875 0.28828125 0.0796875 0.1296875
1 0.4328125 0.29609375 0.09375 0.13125
1 0.19140625 0.30703125 0.09375 0.140625
1 0.9203125 0.28203125 0.0796875 0.1484375
1 0.765625 0.28828125 0.0828125 0.1515625
0 0.36171875 0.30390625 0.0828125 0.1375
1 0.84296875 0.28828125 0.0796875 0.146875
0 0.278125 0.3125 0.0828125 0.146875
0 0.1046875 0.32421875 0.090625 0.1265625
1 0.5640625 0.425 0.08125 0.1515625
1 0.47265625 0.43046875 0.090625 0.1375
0 0.3046875 0.4390625 0.084375 0.1234375
1 0.6484375 0.42734375 0.0890625 0.15
1 0.815625 0.42265625 0.0859375 0.153125
0 0.21953125 0.44453125 0.0890625 0.1359375
0 0.3875 0.4390625 0.0859375 0.1296875
1 0.9046875 0.421875 0.0890625 0.1609375
0 0.728125 0.43125 0.096875 0.1359375
1 0.05 0.45703125 0.0875 0.13125
0 0.13671875 0.45625 0.0921875 0.13125
1 0.13671875 0.078125 0.0765625 0.134375
1 0.059375 0.0828125 0.071875 0.1375
1 0.878125 0.06171875 0.078125 0.1234375
1 0.44765625 0.071875 0.075 0.14375
1 0.3703125 0.075 0.0765625 0.1421875
1 0.84296875 0.7015625 0.0890625 0.1671875
1 0.9328125 0.7046875 0.0921875 0.1546875
0 0.74609375 0.71328125 0.0921875 0.159375
0 0.2171875 0.08203125 0.0828125 0.1484375
1 0.521875 0.07265625 0.0734375 0.1453125
1 0.74375 0.06953125 0.071875 0.1390625
1 0.29296875 0.08125 0.0796875 0.1515625
1 0.6546875 0.72109375 0.1015625 0.1640625
0 0.09765625 0.7484375 0.10625 0.1765625
0 0.56796875 0.73515625 0.103125 0.1515625
0 0.28984375 0.746875 0.1 0.1625
1 0.19375 0.75390625 0.1046875 0.159375
1 0.3796875 0.7484375 0.109375 0.165625
1 0.47890625 0.75 0.0921875 0.16875
1 0.59609375 0.0734375 0.0796875 0.14375
1 0.67109375 0.071875 0.075 0.140625
0 0.8109375 0.06953125 0.0796875 0.13125
1 0.8171875 0.89921875 0.0921875 0.1828125
1 0.9109375 0.89609375 0.1046875 0.1828125
1 0.5265625 0.91015625 0.1 0.1796875
1 0.72265625 0.90390625 0.1 0.1796875
1 0.3234375 0.91484375 0.10625 0.1703125
1 0.42890625 0.9125 0.1046875 0.175
1 0.628125 0.9109375 0.1046875 0.1734375
1 0.22734375 0.91953125 0.0984375 0.1609375
1 0.12578125 0.92109375 0.1109375 0.1578125