1 0.9098922281249999 0.05273255624999999 0.8538762015625 0.0646552171875 0.918225978125 0.1750459265625 0.9372314703125 0.171151821875 0.9098922281249999 0.05273255624999999
1 0.915858025 0.178750915625 0.8456996484375001 0.06802904843749999 0.7736144640625 0.086144046875 0.8431496359375 0.1970301375 0.915858025 0.178750915625
1 0.6527848796875 0.243310953125 0.5899793546875001 0.1347954421875 0.511747515625 0.150669646875 0.5066889015625 0.15183751875 0.570993775 0.26497392343750004 0.6527848796875 0.243310953125
1 0.743483771875 0.22614354374999998 0.6764381953124999 0.11320985937500001 0.5947901328125 0.1319438453125 0.6569663640625001 0.24014499374999998 0.743483771875 0.22614354374999998
1 0.8350007765624999 0.207684646875 0.7648563859374999 0.09098688125 0.6803796640625001 0.11096928125000001 0.7485784765625 0.2281345296875 0.8350007765624999 0.207684646875
1 0.571629678125 0.265751565625 0.5075406390625 0.15336236406249998 0.42624872500000005 0.17213008125 0.4876215234375 0.2879263828125 0.571629678125 0.265751565625
1 0.4852630734375 0.2903974359375 0.42417229062499995 0.17245101875 0.3366736609375 0.1954070578125 0.3977770046875 0.3126801890625 0.4852630734375 0.2903974359375
0 0 0.3059255421875 0.0458412625 0.41686612343749996 0.13490525625 0.395682690625 0.0736706265625 0.2537354203125 0 0.270004259375 0 0.3059255421875
1 0.22927475468749997 0.3782210875 0.168311996875 0.23451334687499997 0.07432827656249999 0.2544594578125 0.1376824890625 0.39857078125 0.22927475468749997 0.3782210875
0 0.4062521875 0.339034065625 0.33332276875 0.192914128125 0.250543690625 0.214652796875 0.3206785015625 0.359485309375 0.4062521875 0.339034065625
0 0.31843879531249997 0.3565273765625 0.24859929374999998 0.21685343750000002 0.1685856875 0.2335742921875 0.23058321875 0.37889544218750004 0.31843879531249997 0.3565273765625
1 0.9780015796875 0.347746575 0.9512095265625 0.231697440625 0.92417725 0.1880761296875 0.8406155156249999 0.20916931875000003 0.9265843921875 0.3592149 0.9780015796875 0.347746575
1 0.566998240625 0.44594253593750005 0.657122809375 0.4215735140625 0.5742397796875001 0.2768507421875 0.49228906875 0.2969935171875 0.566998240625 0.44594253593750005
1 0.83964615625 0.3835607265625 0.9225508296875 0.35729642031250003 0.8386443937499999 0.2185093234375 0.749899603125 0.23922867656250002 0.83964615625 0.3835607265625
1 0.6563358828125 0.4203303359375 0.7488027500000001 0.4061069328125 0.661128615625 0.2596405734375 0.578462234375 0.277668621875 0.6563358828125 0.4203303359375
0 0.838192996875 0.38546956875 0.7468872921874999 0.2405540484375 0.6655627859375 0.26097835156250004 0.7512315375 0.40625862812499997 0.838192996875 0.38546956875
1 0.4136783109375 0.340780815625 0.479927075 0.47316875156249993 0.5663303843749999 0.4482339984375 0.48841463906250004 0.29737746249999997 0.404416890625 0.31890714375 0.4136783109375 0.340780815625
1 0 0.5437443281250001 0.007072053125 0.5838519343749999 0.10064874374999999 0.5610635203125 0.045148996875 0.4134543 0 0.422514953125 0 0.5437443281250001
0 0.10443420781249999 0.5601895781249999 0.1966578453125 0.5365247390625 0.1410617140625 0.4022133765625 0.0498842375 0.41957886875000006 0.10443420781249999 0.5601895781249999
0 0.2932791546875 0.5155473953125 0.3857660421875 0.4927702640625 0.321558965625 0.361546440625 0.23242047968750001 0.380918246875 0.2932791546875 0.5155473953125
0 0.200332596875 0.5380496906250001 0.292965728125 0.5190369828125 0.2310218125 0.3802577859375 0.1421514640625 0.40017531875 0.200332596875 0.5380496906250001
0 0.3859886625 0.4920064421875 0.47606998593750005 0.47263438124999996 0.4086101125 0.34287394843749996 0.32363797031249997 0.362707759375 0.3859886625 0.4920064421875
1 1 0.47613256093749995 0.9428171390625 0.486588578125 1 0.596419440625 1 0.47613256093749995
1 0.22331500625 0.8630468656250001 0.3257778671875 0.840529034375 0.24524688437500003 0.6503747 0.1479734421875 0.6691829484375 0.22331500625 0.8630468656250001
1 1 0.6032975921875 0.9387470468749999 0.489016078125 0.8587778421875001 0.505535703125 0.952997859375 0.6956099734375 1 0.68285425 1 0.6032975921875
1 0.534007065625 0.79416190625 0.44393971875 0.59995251875 0.350857975 0.6264372671875 0.433785721875 0.8167310390625 0.534007065625 0.79416190625
0 0.22168462500000002 0.8609825125 0.14560230937500002 0.6712404171874999 0.048102548437499996 0.6963172531249999 0.11960861874999999 0.890126384375 0.22168462500000002 0.8609825125
1 0.933206928125 0.70199935625 0.833605775 0.5134037671875 0.7438471546875001 0.535253684375 0.8398162734374999 0.7224227046875 0.933206928125 0.70199935625
1 0.6309895203125 0.7672214125 0.5435588 0.5871918828125 0.44863757031249996 0.6051246375 0.5338107875 0.7919320546875 0.6309895203125 0.7672214125
0 0.4329562171875 0.8174913328125 0.3494913125 0.6325646828125 0.2492024125 0.648541665625 0.32935533437500003 0.841978275 0.4329562171875 0.8174913328125
1 0.83849955625 0.72272669375 0.7413361968750001 0.536412253125 0.6401011140625 0.563754128125 0.739631053125 0.7483962453124999 0.83849955625 0.72272669375
0 0.5462010890625 0.5863424125 0.6227146171875 0.7452425953125 0.6327176953125 0.7651160578125 0.7356977812500001 0.7475979359375 0.6372737109375 0.5644185078125 0.5462010890625 0.5863424125
1 0 0.16266585625000002 0.029925489062499998 0.1554400640625 0.0064992984375 0.100781559375 0 0.10228204062499999 0 0.16266585625000002
1 0.006946457812499999 0.1006783265625 0.0309272765625 0.15654298125 0.11490830468749999 0.13626496875 0.0901918203125 0.08145962031250001 0.006946457812499999 0.1006783265625
0 0.090975146875 0.081278775 0.1158692734375 0.1374217609375 0.2008809453125 0.12058033125 0.172366090625 0.06248819375 0.090975146875 0.081278775
1 0.17330909218749999 0.062270484375000004 0.20112773125 0.12052335781250001 0.2830762171875 0.1039249484375 0.25260895 0.0439626703125 0.17330909218749999 0.062270484375000004
1 0.253035634375 0.0438641625 0.283206784375 0.103430625 0.3663740734375 0.08422994218749999 0.3366967828125 0.0245494640625 0.253035634375 0.0438641625
1 1 0.8147584046875 0.935567021875 0.7036362109375001 0.8419017265625 0.7246798640625001 0.9393161859375001 0.9061750453125 1 0.8926736953125 1 0.8147584046875
1 0.83801016875 0.9320953875000001 0.937706271875 0.9073907234374999 0.8386420203125 0.7260131125 0.7430875890624999 0.75356765 0.83801016875 0.9320953875000001
1 1 0.683521584375 0.9408856374999999 0.6998027125 1 0.806286603125 1 0.683521584375
1 0.7871702203125001 0.9468535843750001 0.8365822578125 0.9354459171875 0.7377270125 0.7535311828125 0.6422652906249999 0.772119509375 0.7316041859375 0.9583491453124999 0.7871702203125001 0.9468535843750001
1 0.393489728125 1 0.3233753921875 0.844971784375 0.22738801562500002 0.8665515328125 0.2800596796875 1 0.393489728125 1
1 0.5132766609375 1 0.4291961890625 0.82222913125 0.32740753749999996 0.8461600953125 0.39735635 1 0.5132766609375 1
1 0.5437443328125 1 0.599718125 0.990130309375 0.6256828734375001 0.984135875 0.535452496875 0.800229934375 0.43114262031250006 0.8222109640624999 0.51442844375 1 0.5437443328125 1
1 0.730310875 0.9599805984374999 0.637818403125 0.7732208984375 0.53789720625 0.798239696875 0.6255590343749999 0.9841644671875001 0.730310875 0.9599805984374999
1 0.276313028125 1 0.2255529375 0.867555878125 0.12152109375 0.8943676984375 0.1590267625 1 0.276313028125 1
1 0.59310389375 0 0.612107765625 0.0357510703125 0.6897726234375 0.0164105359375 0.6805240515625 0 0.59310389375 0
1 0.3374376765625 0.024378415625 0.36621249843750003 0.0838030703125 0.444597003125 0.0644449546875 0.413033171875 0.007621292187500001 0.40028187187500003 0.009869690625 0.3374376765625 0.024378415625
1 0.5002972640625 0 0.5285534921874999 0.0501054296875 0.60961520625 0.0335061453125 0.5905584453125 0 0.5002972640625 0
1 0.4562556671875 0 0.4141554375 0.00742340625 0.44627329531250004 0.065783753125 0.5273363703125 0.049853934375 0.4979334609375 0 0.4562556671875 0