1 0.68203125 0.278125 0.15625 0.1984375
1 0.50625 0.2828125 0.1375 0.1671875
1 0.5875 0.2828125 0.14375 0.1765625
1 0.41328125 0.28828125 0.159375 0.184375
1 0.1515625 0.29609375 0.1640625 0.19375
1 0.9328125 0.28203125 0.134375 0.1953125
1 0.775 0.28671875 0.1578125 0.2
0 0.3375 0.2953125 0.153125 0.1859375
1 0.859375 0.2875 0.153125 0.19375
0 0.24609375 0.30390625 0.1546875 0.1921875
0 0.07421875 0.31484375 0.1203125 0.16875
1 0.55390625 0.43125 0.1546875 0.1984375
1 0.45546875 0.4359375 0.159375 0.1875
0 0.27265625 0.44296875 0.1453125 0.16875
1 0.6453125 0.4359375 0.165625 0.203125
1 0.82734375 0.434375 0.1625 0.203125
0 0.18046875 0.446875 0.15625 0.1859375
0 0.3625 0.44375 0.1515625 0.1796875
1 0.91953125 0.43515625 0.1609375 0.2140625
0 0.73203125 0.44140625 0.1671875 0.190625
1 0.03515625 0.45859375 0.0703125 0.1546875
0 0.08984375 0.4578125 0.159375 0.184375
1 0.115625 0.06640625 0.084375 0.1328125
1 0.89140625 0.09453125 0.109375 0.0578125
1 0.43359375 0.06875 0.1296875 0.1375
1 0.35 0.06875 0.13125 0.1375
1 0.8515625 0.73828125 0.1703125 0.21875
1 0.9203125 0.7375 0.1125 0.1953125
1 0.746875 0.75 0.171875 0.2125
0 0.1828125 0.07421875 0.140625 0.1484375
1 0.51328125 0.0703125 0.1296875 0.140625
1 0.75 0.08515625 0.115625 0.1
1 0.26484375 0.07421875 0.1390625 0.1484375
1 0.646875 0.75703125 0.1828125 0.221875
0 0.06796875 0.7734375 0.1359375 0.228125
0 0.55234375 0.7703125 0.18125 0.2109375
0 0.25 0.7765625 0.178125 0.21875
1 0.146875 0.7828125 0.184375 0.21875
1 0.3484375 0.78125 0.190625 0.2265625
1 0.45625 0.78515625 0.1734375 0.221875
1 0.590625 0.0703125 0.134375 0.140625
1 0.671875 0.078125 0.125 0.1203125
0 0.8203125 0.09375 0.1203125 0.0875
1 0.8171875 0.9171875 0.15625 0.165625
1 0.88359375 0.9140625 0.0984375 0.171875
1 0.503125 0.91953125 0.1625 0.1609375
1 0.715625 0.91796875 0.1625 0.1640625
1 0.28984375 0.9109375 0.1578125 0.1328125
1 0.39921875 0.92109375 0.1640625 0.1578125
1 0.61171875 0.92109375 0.1671875 0.1578125
1 0.18671875 0.90390625 0.140625 0.0984375
1 0.07890625 0.8921875 0.146875 0.0765625