1 0.62421875 0.23125 0.121875 0.171875
1 0.46171875 0.2796875 0.1078125 0.14375
1 0.53828125 0.25859375 0.1125 0.1515625
1 0.37734375 0.3078125 0.128125 0.1546875
1 0.13515625 0.3796875 0.13125 0.1640625
1 0.86875 0.1703125 0.1171875 0.16875
1 0.71328125 0.21484375 0.121875 0.171875
0 0.30703125 0.3328125 0.11875 0.159375
1 0.7921875 0.19453125 0.1171875 0.1671875
0 0.225 0.36328125 0.1203125 0.1671875
0 0.05625 0.4171875 0.1125 0.15
1 0.54375 0.40546875 0.1203125 0.171875
1 0.453125 0.43359375 0.125 0.159375
0 0.284375 0.48515625 0.115625 0.14375
1 0.6296875 0.3859375 0.128125 0.171875
1 0.79765625 0.33828125 0.125 0.1734375
0 0.1984375 0.5125 0.125 0.159375
0 0.36796875 0.46484375 0.11875 0.1515625
1 0.8875 0.31640625 0.1296875 0.1828125
0 0.7125 0.36953125 0.1328125 0.1609375
1 0.04453125 0.56484375 0.0890625 0.1484375
0 0.1171875 0.54609375 0.1265625 0.1546875
1 0.0375 0.17265625 0.075 0.1265625
1 0.7703125 0.01328125 0.103125 0.0265625
1 0.3390625 0.08828125 0.103125 0.1359375
1 0.259375 0.11015625 0.1046875 0.1359375
1 0.896875 0.615625 0.13125 0.1890625
1 0.96171875 0.5953125 0.0765625 0.178125
1 0.80078125 0.65234375 0.1328125 0.18125
0 0.10703125 0.1578125 0.1140625 0.14375
1 0.41328125 0.0703125 0.1046875 0.1390625
1 0.63671875 0.0375 0.1015625 0.075
1 0.18515625 0.13671875 0.1125 0.1453125
1 0.7109375 0.6828125 0.14375 0.190625
0 0.15234375 0.8515625 0.1515625 0.2046875
0 0.62578125 0.71875 0.14375 0.1796875
0 0.346875 0.80078125 0.1390625 0.1890625
1 0.25078125 0.8328125 0.1453125 0.1875
1 0.4390625 0.7796875 0.15 0.1953125
1 0.53984375 0.75703125 0.134375 0.1921875
1 0.4859375 0.059375 0.109375 0.11875
1 0.56328125 0.04765625 0.1046875 0.0953125
0 0.7046875 0.028125 0.109375 0.05625
1 0.9171875 0.81328125 0.1328125 0.1875
1 0.96875 0.7859375 0.0625 0.190625
1 0.62578125 0.89765625 0.1390625 0.1875
1 0.821875 0.8421875 0.1390625 0.1875
1 0.421875 0.93203125 0.146875 0.1359375
1 0.52734375 0.91640625 0.1453125 0.1671875
1 0.728125 0.87109375 0.14375 0.1859375
1 0.321875 0.94921875 0.134375 0.1015625
1 0.21953125 0.9625 0.1484375 0.075