0 0.9168541109375001 0.6930827828125 0.9342810390625 0.680757321875 0.9025092296875 0.6258715734375 0.8794127906250001 0.6355236859375 0.9168541109375001 0.6930827828125
0 0.89637554375 0.693816021875 0.8617843687500001 0.6352396265625 0.838439003125 0.637831984375 0.8696078249999999 0.6996119484375 0.89637554375 0.693816021875
0 0.8938195859375 0.6933191937500001 0.9129194265624999 0.68603278125 0.8814602359375 0.6348753921875 0.8611957562500001 0.6382677703125 0.8938195859375 0.6933191937500001
0 0.8456593578125 0.7090984437500001 0.8764236734375 0.700936815625 0.839145703125 0.6341963296875 0.8128340296875001 0.6414375578125 0.8456593578125 0.7090984437500001
0 0.8194802625 0.7118661703125 0.8479519109375 0.706401453125 0.8136860578125 0.641603175 0.7786664453125 0.6450785015625 0.8194802625 0.7118661703125
0 0.646988971875 0.7616155796874999 0.697379828125 0.752555096875 0.6551050203125001 0.6516316515625 0.6170196531250001 0.6570473328124999 0.646988971875 0.7616155796874999
0 0.6541300156250001 0.7567185390625 0.61129749375 0.654115375 0.5692016078125001 0.6628445453125 0.6014156093749999 0.7731837390625 0.6541300156250001 0.7567185390625
0 0.5445340390625 0.7746974359375 0.6011522453125 0.7699900453125 0.5708979640625 0.6572614890625 0.518012940625 0.65640941875 0.5445340390625 0.7746974359375
0 0.48421358750000004 0.78025655 0.545943709375 0.7765428156249999 0.516603309375 0.6545641625 0.461407740625 0.6550971265625 0.48421358750000004 0.78025655
0 0.4219257359375 0.7822906234375 0.491292840625 0.784775234375 0.46460120937499993 0.649169846875 0.40784539531249997 0.6522317125 0.4219257359375 0.7822906234375
0 0.3516757703125 0.78434826875 0.41904458125 0.7880157015625 0.41021369218750003 0.6605960171875 0.34874201718750003 0.661494815625 0.3516757703125 0.78434826875
0 0.283981740625 0.786902853125 0.3530854421875 0.7861936468749999 0.3499242078125 0.6614472250000001 0.28975120312499997 0.6538011874999999 0.283981740625 0.786902853125
0 0.20979708125 0.781910553125 0.283656484375 0.7931247484374999 0.287373015625 0.6602874921875 0.22694858281250002 0.65479918125 0.20979708125 0.781910553125
0 0.14213396875 0.7797571624999999 0.21373177656250003 0.7889604984374999 0.23052234062500002 0.6570933265625001 0.171025353125 0.64770183125 0.14213396875 0.7797571624999999
0 0.0773211171875 0.7765865578125 0.1446589703125 0.78496184375 0.1708523625 0.650208525 0.11577130312499999 0.6426210703125 0.0773211171875 0.7765865578125
0 0.013948915624999999 0.77055336875 0.0773211171875 0.7765865578125 0.1145594140625 0.6486940203125 0.061736243749999996 0.6384262359374999 0.013948915624999999 0.77055336875
0 0 0.7620246859375001 0.016830101562499998 0.7648282953125001 0.0605899765625 0.6397746765625001 0.0108804390625 0.6316834874999999 0 0.6583014281249999 0 0.7620246859375001