1 0.08515625 0.51484375 0.1703125 0.2171875
1 0.14296875 0.478125 0.1640625 0.2140625
1 0.2140625 0.446875 0.1984375 0.2453125
1 0.2859375 0.41640625 0.178125 0.228125
1 0.3484375 0.38671875 0.1875 0.234375
1 0.415625 0.3546875 0.16875 0.2203125
1 0.53984375 0.3 0.1953125 0.259375
0 0.4796875 0.346875 0.19375 0.2515625
0 0.14921875 0.83828125 0.2390625 0.2453125
0 0.23671875 0.8234375 0.246875 0.303125
1 0.3234375 0.7921875 0.25625 0.334375
1 0.4046875 0.76875 0.228125 0.3109375
1 0.48515625 0.7296875 0.2390625 0.3265625
1 0.56953125 0.6953125 0.221875 0.30625
1 0.64453125 0.6796875 0.209375 0.2875
1 0.7328125 0.63359375 0.225 0.3
0 0.8203125 0.61171875 0.2484375 0.321875
1 0.603125 0.26875 0.1703125 0.215625
1 0.665625 0.246875 0.1703125 0.2328125
1 0.73203125 0.215625 0.1671875 0.2265625
1 0.79921875 0.19609375 0.175 0.234375
1 0.865625 0.1578125 0.16875 0.21875
1 0.915625 0.15234375 0.1390625 0.1875
1 0.88984375 0.55859375 0.2203125 0.3265625
1 0.93359375 0.5171875 0.1328125 0.315625
1 0.796875 0.8375 0.234375 0.290625
0 0.88125 0.7875 0.1890625 0.271875
0 0.35390625 0.94375 0.1390625 0.096875
1 0.53125 0.9109375 0.19375 0.178125
1 0.43515625 0.925 0.1671875 0.15
0 0.9421875 0.73515625 0.078125 0.1921875