1 0.815625 0.71484375 0.3046875 0.475
1 0.73203125 0.61171875 0.2796875 0.39375
1 0.64140625 0.48046875 0.290625 0.41875
1 0.5390625 0.3859375 0.253125 0.3515625
1 0.4578125 0.28671875 0.3015625 0.415625
1 0.3828125 0.18125 0.30625 0.3625
1 0.03671875 0.60546875 0.0734375 0.3859375
1 0.09375 0.67734375 0.1875 0.3609375
1 0.16953125 0.76484375 0.2796875 0.31875
1 0.29765625 0.8484375 0.25 0.2671875
1 0.934375 0.46484375 0.13125 0.3421875
1 0.88515625 0.3640625 0.2296875 0.35
1 0.81796875 0.26328125 0.271875 0.35625
1 0.709375 0.190625 0.26875 0.3328125
1 0.60078125 0.1328125 0.2421875 0.265625
1 0.50546875 0.0875 0.2171875 0.175
1 0.20859375 0.07578125 0.1734375 0.1515625