0 0.06171875 0.77265625 0.1125 0.2078125
0 0.1796875 0.75078125 0.10625 0.225
0 0.30546875 0.7140625 0.1015625 0.2265625
0 0.42109375 0.68125 0.121875 0.21875
0 0.5421875 0.64140625 0.1265625 0.225
0 0.65234375 0.59765625 0.13125 0.2328125
0 0.765625 0.59140625 0.1234375 0.2390625
1 0.875 0.540625 0.1328125 0.228125
0 0.234375 0.91875 0.153125 0.1625
1 0.36171875 0.896875 0.1546875 0.2046875
1 0.4765625 0.87421875 0.153125 0.2390625
1 0.596875 0.85078125 0.134375 0.26875
0 0.72578125 0.83046875 0.1546875 0.25
0 0.8421875 0.7859375 0.15625 0.240625
0 0.9453125 0.74609375 0.109375 0.2296875
1 0.84609375 0.13828125 0.125 0.2125
0 0.94140625 0.1109375 0.09375 0.184375
0 0.73828125 0.17265625 0.1390625 0.2015625
1 0.62890625 0.1953125 0.140625 0.2265625
0 0.52578125 0.23125 0.14375 0.2125
0 0.42265625 0.2640625 0.146875 0.196875
0 0.30625 0.2921875 0.1515625 0.190625
1 0.1953125 0.31796875 0.1421875 0.2203125
0 0.0796875 0.35078125 0.159375 0.2265625
0 0.053125 0.16171875 0.10625 0.1890625
0 0.14765625 0.1390625 0.1171875 0.1953125
0 0.25390625 0.11640625 0.13125 0.2015625
1 0.36875 0.09375 0.125 0.1828125