1 0.88671875 0.51640625 0.090625 0.1484375
1 0.8265625 0.503125 0.0828125 0.15
1 0.765625 0.496875 0.0796875 0.15
1 0.70703125 0.478125 0.08125 0.1546875
1 0.65 0.465625 0.0875 0.1515625
1 0.5890625 0.4546875 0.0890625 0.1484375
1 0.53125 0.44765625 0.0921875 0.1546875
0 0.47109375 0.43984375 0.0890625 0.1484375
0 0.41171875 0.42890625 0.0921875 0.1453125
1 0.3546875 0.421875 0.0875 0.140625
1 0.29609375 0.4109375 0.090625 0.1546875
0 0.2453125 0.40390625 0.090625 0.1546875
0 0.1890625 0.39453125 0.0921875 0.1453125
1 0.13125 0.39140625 0.090625 0.1546875
0 0.078125 0.3765625 0.0984375 0.1609375
0 0.03828125 0.36640625 0.0671875 0.140625
1 0.85234375 0.8875 0.1078125 0.1890625
1 0.77734375 0.88046875 0.10625 0.165625
0 0.70625 0.86328125 0.1 0.1671875
1 0.63828125 0.8546875 0.1015625 0.1578125
1 0.571875 0.84609375 0.09375 0.16875
1 0.50078125 0.8375 0.09375 0.1796875
1 0.43984375 0.8171875 0.1015625 0.18125
1 0.371875 0.80703125 0.0890625 0.178125
1 0.30703125 0.80078125 0.0953125 0.1875
0 0.23984375 0.78515625 0.0953125 0.1765625
1 0.17578125 0.77109375 0.0875 0.1609375
1 0.1140625 0.7578125 0.0921875 0.175
1 0.053125 0.7515625 0.09375 0.16875
1 0.01640625 0.73828125 0.0328125 0.1640625