0 0.19453125 0.73046875 0.284375 0.428125
0 0.4375 0.66953125 0.3078125 0.425
0 0.671875 0.6015625 0.2765625 0.434375
1 0.88046875 0.52734375 0.2390625 0.4234375
0 0.25703125 0.325 0.3203125 0.115625
0 0.1765625 0.2421875 0.128125 0.0875
0 0.28515625 0.21875 0.11875 0.0828125
0 0.38671875 0.203125 0.115625 0.08125
0 0.48515625 0.17421875 0.1125 0.0828125
0 0.58515625 0.1546875 0.109375 0.08125
1 0.23984375 0.10625 0.078125 0.071875
1 0.0609375 0.23359375 0.121875 0.1515625
0 0.54609375 0.26953125 0.2953125 0.1265625
0 0.6796875 0.128125 0.1046875 0.0734375
0 0.1734375 0.1328125 0.0734375 0.0484375
0 0.30703125 0.10234375 0.0796875 0.0578125
1 0.37109375 0.0828125 0.071875 0.0734375
1 0.43515625 0.0703125 0.071875 0.065625
1 0.4984375 0.05703125 0.06875 0.0671875