1 0.11171875 0.1546875 0.1421875 0.121875
0 0.22734375 0.17109375 0.1203125 0.075
0 0.23125 0.06328125 0.08125 0.059375
0 0.36484375 0.05078125 0.078125 0.05625
1 0.2984375 0.0453125 0.0734375 0.0734375
1 0.43203125 0.03671875 0.071875 0.06875
0 0.5390625 0.14609375 0.115625 0.065625
0 0.33671875 0.1640625 0.103125 0.0734375
0 0.43359375 0.1578125 0.109375 0.0734375
0 0.6375 0.1359375 0.115625 0.06875
0 0.74296875 0.12265625 0.1109375 0.0734375
0 0.59140625 0.22734375 0.2984375 0.1015625
0 0.296875 0.253125 0.3109375 0.0984375
0 0.4484375 0.64296875 0.275 0.390625
0 0.1859375 0.665625 0.2921875 0.40625
0 0.69921875 0.61015625 0.2703125 0.3953125
1 0.9046875 0.54140625 0.190625 0.4765625