0 0.228125 0.3796875 0.1109375 0.1125
0 0.34609375 0.36015625 0.1265625 0.1109375
1 0.46953125 0.30546875 0.1265625 0.1703125
1 0.13125 0.36796875 0.1234375 0.16875
1 0.23046875 0.203125 0.0828125 0.0875
0 0.30234375 0.2125 0.0734375 0.065625
0 0.596875 0.29921875 0.1375 0.1234375
0 0.72265625 0.2671875 0.1359375 0.11875
1 0.87109375 0.20703125 0.1671875 0.146875
0 0.3671875 0.1875 0.06875 0.0625
0 0.43828125 0.17109375 0.0796875 0.0625
0 0.5109375 0.15390625 0.0796875 0.06875
0 0.5828125 0.1359375 0.0765625 0.0765625
0 0.65859375 0.11796875 0.0796875 0.06875
0 0.73828125 0.09609375 0.084375 0.0609375
1 0.82421875 0.05390625 0.0953125 0.0984375
0 0.24140625 0.53671875 0.3671875 0.1796875
0 0.61171875 0.46875 0.3921875 0.1953125