1 0.12890625 0.17109375 0.1375 0.1296875
0 0.409375 0.6875 0.2828125 0.4078125
1 0.5296875 0.08671875 0.0734375 0.08125
0 0.25 0.2046875 0.115625 0.071875
0 0.3578125 0.20703125 0.1046875 0.06875
0 0.45546875 0.20703125 0.10625 0.06875
0 0.55625 0.20546875 0.10625 0.071875
0 0.65703125 0.20625 0.1078125 0.0703125
0 0.75859375 0.20703125 0.1046875 0.06875
0 0.60546875 0.2890625 0.3015625 0.1015625
0 0.3125 0.29140625 0.3109375 0.09375
0 0.14375 0.67734375 0.2875 0.3984375
0 0.6734375 0.671875 0.28125 0.4078125
0 0.39765625 0.09453125 0.075 0.0546875
1 0.4640625 0.084375 0.0734375 0.084375
0 0.25859375 0.09453125 0.08125 0.0546875
1 0.89375 0.59296875 0.2125 0.5171875
1 0.3328125 0.07890625 0.0765625 0.090625
1 0.59296875 0.0796875 0.0640625 0.09375