1 0.19140625 0.34296875 0.178125 0.1828125
0 0.334375 0.3203125 0.1578125 0.15
1 0.6078125 0.26171875 0.1609375 0.175
0 0.46875 0.3078125 0.1546875 0.153125
0 0.721875 0.2625 0.121875 0.1328125
0 0.85546875 0.2390625 0.1171875 0.1125
0 0.94609375 0.21484375 0.1078125 0.1046875
0 0.43046875 0.15546875 0.0890625 0.084375
1 0.5875 0.1203125 0.09375 0.090625
0 0.509375 0.14296875 0.0875 0.0796875
0 0.35 0.16640625 0.09375 0.0859375
0 0.26796875 0.17109375 0.0984375 0.0875
0 0.1875 0.17734375 0.0984375 0.0796875