0 0.64765625 0.58046875 0.278125 0.425
0 0.1671875 0.15234375 0.1265625 0.0796875
1 0.05625 0.14375 0.1125 0.125
0 0.27734375 0.14453125 0.1125 0.084375
0 0.37890625 0.134375 0.115625 0.0765625
0 0.4796875 0.11484375 0.1140625 0.0765625
0 0.58203125 0.103125 0.1078125 0.0734375
0 0.534375 0.2046875 0.296875 0.096875
0 0.24140625 0.2328125 0.3140625 0.0984375
0 0.14296875 0.6578125 0.271875 0.434375
0 0.39296875 0.61640625 0.29375 0.425
1 0.85390625 0.509375 0.2921875 0.43125
0 0.6859375 0.08671875 0.10625 0.0828125