0 0.51796875 0.6703125 0.2546875 0.378125
0 0.26171875 0.66796875 0.2671875 0.3765625
0 0.0671875 0.66640625 0.134375 0.35625
0 0.7640625 0.67109375 0.2296875 0.4078125
0 0.13515625 0.2890625 0.2703125 0.0796875
0 0.409375 0.290625 0.275 0.071875
0 0.690625 0.28125 0.3 0.0765625
0 0.8546875 0.19140625 0.1078125 0.065625
1 0.22890625 0.18515625 0.121875 0.0921875
0 0.3375 0.20390625 0.1015625 0.065625
0 0.4375 0.2046875 0.1078125 0.0671875
1 0.125 0.1765625 0.0953125 0.1125
0 0.53671875 0.19921875 0.1 0.059375
0 0.6375 0.1953125 0.1015625 0.06875
0 0.74453125 0.19140625 0.1171875 0.0625
0 0.34609375 0.096875 0.0703125 0.05
1 0.4125 0.09140625 0.065625 0.05
0 0.478125 0.0875 0.065625 0.0515625
1 0.54140625 0.08203125 0.065625 0.0578125
1 0.60703125 0.07734375 0.0671875 0.059375
1 0.67265625 0.075 0.0625 0.0625
1 0.74140625 0.07109375 0.0734375 0.0640625