1 0.1421875 0.171875 0.1375 0.1296875
0 0.41875 0.6859375 0.2828125 0.415625
1 0.53828125 0.1 0.0734375 0.08125
0 0.25 0.2046875 0.115625 0.071875
0 0.3578125 0.20703125 0.1046875 0.06875
0 0.45546875 0.20703125 0.10625 0.06875
0 0.55625 0.20546875 0.10625 0.071875
0 0.65703125 0.20625 0.1078125 0.0703125
0 0.75859375 0.20703125 0.1046875 0.06875
0 0.60546875 0.2890625 0.3015625 0.1015625
0 0.31953125 0.29921875 0.3109375 0.09375
0 0.14765625 0.68046875 0.2953125 0.3984375
0 0.67109375 0.6953125 0.28125 0.4078125
0 0.40703125 0.10390625 0.075 0.0546875
1 0.47265625 0.09609375 0.0734375 0.084375
0 0.26796875 0.1015625 0.08125 0.0546875
1 0.89375 0.62109375 0.2125 0.5171875
1 0.33984375 0.0828125 0.0765625 0.090625
1 0.60078125 0.0953125 0.0640625 0.09375