1 0.2484375 0.05703125 0.1625 0.1140625
0 0.3625 0.0828125 0.128125 0.1046875
0 0.46484375 0.109375 0.11875 0.1
0 0.56015625 0.13828125 0.121875 0.09375
0 0.6640625 0.159375 0.1203125 0.0921875
0 0.76875 0.17734375 0.128125 0.1
0 0.87109375 0.1953125 0.1171875 0.084375
0 0.4015625 0.19296875 0.3109375 0.146875
0 0.690625 0.2578125 0.3125 0.1609375
0 0.16484375 0.525 0.3296875 0.4625
0 0.41015625 0.5953125 0.365625 0.4609375
0 0.6671875 0.63984375 0.3265625 0.4421875
1 0.8609375 0.62421875 0.278125 0.5390625