0 0.55703125 0.6953125 0.128125 0.1015625
0 0.58828125 0.846875 0.4046875 0.1390625
0 0.21015625 0.87890625 0.3546875 0.1078125
1 0.0765625 0.73203125 0.1421875 0.153125
0 0.184375 0.74453125 0.1015625 0.1125
0 0.31015625 0.73125 0.1140625 0.09375
0 0.4359375 0.7078125 0.1203125 0.103125
0 0.684375 0.67890625 0.1390625 0.103125
0 0.82578125 0.66171875 0.1453125 0.1015625
0 0.4171875 0.56953125 0.078125 0.0640625
1 0.48671875 0.55234375 0.0734375 0.0765625
1 0.55703125 0.5375 0.0796875 0.078125
1 0.34296875 0.56796875 0.090625 0.08125
1 0.62890625 0.525 0.0765625 0.078125