0 0.59921875 0.6140625 0.3203125 0.44375
0 0.23203125 0.10546875 0.140625 0.0984375
0 0.3421875 0.1203125 0.11875 0.0953125
0 0.4453125 0.1265625 0.1234375 0.096875
0 0.5453125 0.1421875 0.1203125 0.0890625
0 0.64765625 0.1453125 0.1140625 0.0859375
0 0.58046875 0.23671875 0.2984375 0.1328125
0 0.2796875 0.20859375 0.3328125 0.153125
0 0.1234375 0.58359375 0.246875 0.4546875
0 0.33828125 0.61875 0.3359375 0.45625
1 0.8296875 0.571875 0.340625 0.496875
0 0.74609375 0.14765625 0.1140625 0.0953125
1 0.12578125 0.0734375 0.125 0.1453125