0 0.5203125 0.67421875 0.2734375 0.390625
0 0.26796875 0.65234375 0.265625 0.3703125
0 0.07734375 0.63359375 0.1546875 0.3640625
0 0.76640625 0.68515625 0.25 0.41875
0 0.15703125 0.27421875 0.2828125 0.0890625
0 0.43125 0.28671875 0.275 0.0859375
0 0.71484375 0.29921875 0.30625 0.0828125
0 0.88515625 0.2140625 0.1109375 0.071875
1 0.259375 0.171875 0.128125 0.0984375
0 0.36640625 0.1984375 0.1046875 0.0703125
0 0.46484375 0.20390625 0.1109375 0.0734375
1 0.1546875 0.159375 0.1015625 0.1171875
0 0.565625 0.20859375 0.103125 0.0640625
0 0.66640625 0.21328125 0.1046875 0.0734375
0 0.7734375 0.2125 0.1203125 0.06875
0 0.37890625 0.09765625 0.0734375 0.053125
1 0.44609375 0.0921875 0.06875 0.053125
0 0.50859375 0.0953125 0.06875 0.0546875
1 0.5734375 0.09296875 0.06875 0.0609375
1 0.63984375 0.09453125 0.0703125 0.0625
1 0.70546875 0.09453125 0.065625 0.065625
1 0.77421875 0.09296875 0.0765625 0.0671875