1 0.29609375 0.33984375 0.0875 0.1015625
0 0.2453125 0.6875 0.4578125 0.1890625
1 0.21796875 0.3546875 0.0921875 0.0921875
1 0.13359375 0.365625 0.0953125 0.090625
0 0.6375 0.61328125 0.3609375 0.1625
0 0.046875 0.384375 0.09375 0.08125
0 0.07890625 0.54921875 0.153125 0.11875
0 0.22265625 0.528125 0.1546875 0.1125
0 0.3609375 0.5078125 0.1484375 0.1078125
0 0.4890625 0.4828125 0.13125 0.1078125
0 0.7203125 0.453125 0.11875 0.09375
0 0.82421875 0.43515625 0.1109375 0.0890625
0 0.6046875 0.471875 0.1328125 0.0984375
0 0.909375 0.4234375 0.096875 0.078125