1 0.10859375 0.23203125 0.146875 0.140625
0 0.50546875 0.65234375 0.321875 0.4359375
1 0.4671875 0.04453125 0.084375 0.0890625
0 0.2296875 0.22578125 0.1234375 0.0859375
0 0.32734375 0.203125 0.1078125 0.08125
0 0.42578125 0.184375 0.1140625 0.0828125
0 0.5203125 0.15703125 0.1140625 0.0859375
0 0.62109375 0.134375 0.115625 0.084375
0 0.7203125 0.10390625 0.1125 0.0828125
0 0.596875 0.240625 0.321875 0.14375
0 0.30078125 0.30390625 0.3171875 0.1359375
0 0.25234375 0.7078125 0.3375 0.428125
0 0.7421875 0.59453125 0.33125 0.4375
0 0.340625 0.08671875 0.0828125 0.065625
1 0.40234375 0.05859375 0.0828125 0.0921875
0 0.21171875 0.11953125 0.0859375 0.0640625