1 0.15859375 0.1234375 0.1265625 0.15625
1 0.26484375 0.14453125 0.1515625 0.1515625
1 0.4671875 0.0953125 0.096875 0.1
0 0.3984375 0.1 0.0921875 0.0734375
0 0.36796875 0.203125 0.128125 0.09375
0 0.4671875 0.2203125 0.1140625 0.0875
0 0.5578125 0.240625 0.1203125 0.0875
0 0.39921875 0.296875 0.3109375 0.159375
0 0.68984375 0.35234375 0.3140625 0.153125
0 0.18203125 0.63359375 0.3640625 0.4546875
0 0.421875 0.68828125 0.35 0.453125
0 0.67265625 0.73984375 0.3828125 0.453125
1 0.85 0.71796875 0.3 0.5390625
0 0.66015625 0.25625 0.1265625 0.0890625
0 0.8625 0.29140625 0.1421875 0.1015625
0 0.76171875 0.27265625 0.1234375 0.09375
0 0.528125 0.1203125 0.08125 0.06875
1 0.72578125 0.1359375 0.0859375 0.1015625
1 0.66015625 0.12890625 0.084375 0.09375
1 0.59609375 0.12109375 0.084375 0.090625