0 0.34453125 0.59921875 0.303125 0.4109375
0 0.69140625 0.0265625 0.1046875 0.053125
0 0.59296875 0.5140625 0.290625 0.4078125
0 0.11875 0.65390625 0.2375 0.3890625
0 0.08203125 0.15703125 0.1359375 0.0890625
1 0.8 0.39765625 0.321875 0.4203125
0 0.1640625 0.24140625 0.328125 0.1265625
0 0.4625 0.1640625 0.30625 0.11875
0 0.1921875 0.13359375 0.1234375 0.090625
0 0.29609375 0.1109375 0.115625 0.0828125
0 0.40078125 0.08828125 0.1140625 0.084375
0 0.49921875 0.0609375 0.109375 0.0859375
0 0.5984375 0.040625 0.1046875 0.0765625