0 0.5734375 0.5875 0.2703125 0.4203125
1 0.3140625 0.06484375 0.1296875 0.125
0 0.7765625 0.2015625 0.3234375 0.0953125
0 0.42421875 0.09609375 0.1125 0.0796875
1 0.2140625 0.06328125 0.096875 0.1203125
0 0.5203125 0.09921875 0.1 0.078125
0 0.621875 0.10078125 0.1078125 0.071875
0 0.72890625 0.103125 0.1125 0.075
0 0.8421875 0.10078125 0.125 0.0734375
0 0.478125 0.1859375 0.2953125 0.09375
0 0.2109375 0.17421875 0.253125 0.0875
0 0.11015625 0.53515625 0.2171875 0.375
0 0.3265625 0.56484375 0.278125 0.4
0 0.83515625 0.61328125 0.3265625 0.4359375
0 0.9484375 0.10234375 0.103125 0.0828125