0 0.61328125 0.62421875 0.346875 0.459375
0 0.2984375 0.0625 0.1359375 0.1015625
1 0.18125 0.04375 0.159375 0.0875
0 0.4046875 0.09140625 0.1234375 0.1015625
0 0.5046875 0.11484375 0.125 0.0953125
0 0.60625 0.12890625 0.1234375 0.0953125
0 0.70625 0.1515625 0.1171875 0.0921875
0 0.628125 0.23203125 0.3015625 0.15
0 0.34296875 0.16328125 0.31875 0.1546875
0 0.14140625 0.53359375 0.2828125 0.4671875
0 0.3609375 0.575 0.3625 0.4625
1 0.825 0.62734375 0.35 0.4703125
0 0.81015625 0.16953125 0.1171875 0.1