1 0.14453125 0.11171875 0.1359375 0.1234375
0 0.265625 0.128125 0.1125 0.0796875
0 0.37109375 0.1296875 0.103125 0.0765625
0 0.47109375 0.134375 0.1078125 0.0703125
0 0.5765625 0.1296875 0.10625 0.06875
0 0.6828125 0.121875 0.1140625 0.075
0 0.78671875 0.11484375 0.10625 0.0609375
0 0.33046875 0.22578125 0.3015625 0.0765625
0 0.6265625 0.21875 0.2984375 0.0921875
0 0.17109375 0.60859375 0.2578125 0.4125
0 0.4359375 0.6140625 0.275 0.40625
0 0.69609375 0.5953125 0.2375 0.396875
1 0.9 0.52890625 0.2 0.50625