1 0.1015625 0.509375 0.1109375 0.14375
1 0.21875 0.5359375 0.1765625 0.1640625
0 0.32109375 0.59609375 0.1078125 0.096875
0 0.43515625 0.62578125 0.1171875 0.1015625
0 0.5515625 0.6515625 0.1359375 0.121875
0 0.6765625 0.68046875 0.1546875 0.1296875
0 0.815625 0.715625 0.1625 0.1203125
1 0.78984375 0.54921875 0.0921875 0.096875
1 0.7109375 0.53203125 0.0984375 0.1046875
0 0.56484375 0.52265625 0.090625 0.0703125
1 0.6375 0.5203125 0.0875 0.096875
0 0.3125 0.734375 0.365625 0.1765625
0 0.68671875 0.81640625 0.4546875 0.2171875