0 0.121875 0.16953125 0.1171875 0.090625
1 0.0390625 0.196875 0.078125 0.13125
0 0.21875 0.14375 0.134375 0.1
0 0.31953125 0.10859375 0.1265625 0.10625
0 0.41796875 0.07265625 0.13125 0.0953125
0 0.51796875 0.046875 0.1171875 0.0859375
0 0.61328125 0.02734375 0.1109375 0.0546875
0 0.7109375 0.0125 0.115625 0.025
0 0.20703125 0.2515625 0.3265625 0.165625
0 0.4953125 0.1609375 0.3140625 0.165625
0 0.18125 0.67734375 0.3390625 0.4375
0 0.42890625 0.58359375 0.353125 0.459375
0 0.66484375 0.49609375 0.3265625 0.4640625
1 0.85078125 0.36484375 0.2984375 0.5046875