0 0.18671875 0.8140625 0.3734375 0.121875
0 0.56171875 0.77578125 0.390625 0.134375
0 0.665625 0.62109375 0.1375 0.1
0 0.5359375 0.634375 0.1296875 0.0984375
0 0.4125 0.6453125 0.128125 0.1109375
0 0.28515625 0.6609375 0.1125 0.1078125
0 0.15390625 0.67734375 0.10625 0.0953125
1 0.0609375 0.6625 0.121875 0.15
1 0.47421875 0.4875 0.075 0.0828125
1 0.54453125 0.475 0.0765625 0.0734375
0 0.40546875 0.50703125 0.0734375 0.0625
0 0.81171875 0.60078125 0.1546875 0.103125
1 0.6171875 0.4625 0.071875 0.08125
1 0.3296875 0.49453125 0.08125 0.090625