1 0.19765625 0.36484375 0.1625 0.1703125
0 0.334375 0.34296875 0.146875 0.1390625
1 0.6 0.26875 0.1546875 0.1703125
0 0.46640625 0.3125 0.14375 0.134375
0 0.72265625 0.2625 0.1109375 0.125
0 0.06328125 0.4125 0.1265625 0.134375
0 0.84140625 0.2390625 0.109375 0.103125
0 0.93515625 0.2078125 0.1296875 0.090625
0 0.41640625 0.1703125 0.0828125 0.078125
1 0.5640625 0.12578125 0.0890625 0.09375
1 0.64921875 0.10546875 0.096875 0.10625
0 0.4875 0.15859375 0.075 0.071875
0 0.33671875 0.184375 0.0875 0.0796875
0 0.253125 0.20625 0.096875 0.075
0 0.17109375 0.2171875 0.090625 0.071875