1 0.3578125 0.10234375 0.1296875 0.1375
0 0.4609375 0.140625 0.1171875 0.084375
0 0.478125 0.03125 0.084375 0.0625
1 0.259375 0.0953125 0.1 0.1234375
0 0.76328125 0.1609375 0.121875 0.084375
0 0.5609375 0.1453125 0.1109375 0.084375
0 0.6578125 0.15 0.1234375 0.09375
0 0.8765625 0.1671875 0.1328125 0.0859375
0 0.965625 0.1765625 0.06875 0.08125
0 0.80703125 0.26171875 0.33125 0.13125
0 0.50859375 0.24296875 0.2984375 0.1125
0 0.5734375 0.6296875 0.3109375 0.4296875
0 0.3265625 0.58359375 0.26875 0.403125
0 0.825 0.665625 0.31875 0.4421875
0 0.1171875 0.54375 0.234375 0.371875
0 0.25234375 0.203125 0.2921875 0.1078125
0 0.6109375 0.0390625 0.078125 0.065625