0 0.20703125 0.6890625 0.3375 0.44375
0 0.47421875 0.64453125 0.3234375 0.4328125
0 0.721875 0.6046875 0.340625 0.4375
1 0.87734375 0.51640625 0.2453125 0.5109375
0 0.58984375 0.23359375 0.315625 0.121875
0 0.29765625 0.2796875 0.309375 0.1234375
1 0.0234375 0.20078125 0.046875 0.1421875
1 0.10078125 0.18671875 0.14375 0.146875
0 0.20703125 0.0875 0.0890625 0.0671875
0 0.21953125 0.2 0.11875 0.075
0 0.32265625 0.1875 0.1171875 0.075
0 0.34296875 0.0703125 0.08125 0.059375
1 0.2765625 0.06640625 0.0890625 0.0890625
1 0.40703125 0.046875 0.0796875 0.0859375
1 0.47265625 0.0375 0.0765625 0.075
1 0.5375 0.03203125 0.084375 0.0640625
0 0.5265625 0.15390625 0.1234375 0.0796875
0 0.62734375 0.13515625 0.1140625 0.078125
0 0.7234375 0.11640625 0.1078125 0.075
0 0.4234375 0.171875 0.115625 0.0796875