1 0.1265625 0.1546875 0.1171875 0.1515625
1 0.23515625 0.16640625 0.14375 0.14375
1 0.43203125 0.1 0.090625 0.0953125
0 0.3640625 0.1109375 0.0890625 0.0671875
0 0.3421875 0.215625 0.125 0.084375
0 0.44296875 0.22421875 0.1109375 0.08125
0 0.534375 0.23671875 0.1171875 0.0796875
0 0.38203125 0.30625 0.309375 0.1359375
0 0.6765625 0.33671875 0.3125 0.1296875
0 0.18125 0.6625 0.3625 0.434375
0 0.43828125 0.69453125 0.3203125 0.4375
0 0.69296875 0.7234375 0.3546875 0.434375
1 0.86875 0.6859375 0.2625 0.53125
0 0.6390625 0.24375 0.1234375 0.08125
0 0.84296875 0.2609375 0.1375 0.0921875
0 0.74140625 0.25078125 0.11875 0.084375
0 0.49453125 0.11953125 0.078125 0.0640625
1 0.69375 0.11796875 0.0796875 0.096875
1 0.62734375 0.11640625 0.078125 0.0890625
1 0.5625 0.1140625 0.078125 0.0859375