1 0.07734375 0.2171875 0.096875 0.1375
1 0.1859375 0.21171875 0.125 0.125
1 0.3703125 0.115625 0.078125 0.084375
0 0.3046875 0.13671875 0.08125 0.0546875
0 0.3 0.24375 0.115625 0.0671875
0 0.40078125 0.23671875 0.1015625 0.065625
0 0.49296875 0.234375 0.1078125 0.0640625
0 0.353125 0.32734375 0.2984375 0.090625
0 0.6484375 0.3109375 0.303125 0.0828125
0 0.20625 0.71171875 0.3140625 0.390625
0 0.46953125 0.7015625 0.2609375 0.4015625
0 0.72578125 0.690625 0.296875 0.3921875
1 0.90078125 0.62578125 0.1984375 0.50625
0 0.596875 0.225 0.1140625 0.0640625
0 0.8015625 0.21015625 0.128125 0.0734375
0 0.69921875 0.21640625 0.109375 0.06875
0 0.43515625 0.125 0.0703125 0.053125
1 0.63125 0.0921875 0.0671875 0.0875
1 0.565625 0.1015625 0.0671875 0.0796875
1 0.5015625 0.109375 0.0671875 0.0765625