0 0.10625 0.75625 0.2125 0.384375
0 0.33515625 0.71328125 0.2671875 0.4015625
0 0.58203125 0.6234375 0.23125 0.41875
1 0.82421875 0.55625 0.30625 0.375
0 0.2015625 0.3421875 0.321875 0.1109375
0 0.13515625 0.24296875 0.121875 0.075
0 0.2453125 0.2234375 0.1125 0.071875
0 0.3484375 0.2109375 0.109375 0.06875
0 0.453125 0.2 0.10625 0.071875
0 0.54921875 0.1796875 0.1015625 0.0640625
1 0.21015625 0.11640625 0.084375 0.06875
1 0.04140625 0.22890625 0.0765625 0.1375
0 0.50078125 0.2890625 0.2875 0.0921875
0 0.65234375 0.1578125 0.1 0.0640625
0 0.13359375 0.134375 0.078125 0.0546875
0 0.28203125 0.1140625 0.0765625 0.05
1 0.478125 0.07578125 0.0609375 0.0671875