1 0.5171875 0.33828125 0.0921875 0.1046875
0 0.375 0.634375 0.4390625 0.2140625
1 0.446875 0.32578125 0.0953125 0.1
1 0.37265625 0.3046875 0.0953125 0.0984375
0 0.74375 0.71796875 0.3765625 0.203125
0 0.13671875 0.41953125 0.1609375 0.121875
0 0.27890625 0.453125 0.15625 0.121875
0 0.39921875 0.48046875 0.1515625 0.1234375
0 0.64140625 0.5421875 0.1375 0.125
0 0.75859375 0.57109375 0.14375 0.1265625
0 0.521875 0.509375 0.1421875 0.115625
0 0.8828125 0.60625 0.153125 0.1234375
1 0.85234375 0.43671875 0.1078125 0.1125
0 0.2921875 0.29921875 0.0984375 0.090625