1 0.25859375 0.0921875 0.1515625 0.1453125
0 0.440625 0.640625 0.3390625 0.44375
1 0.6625 0.07265625 0.0875 0.0921875
0 0.37109375 0.13671875 0.125 0.090625
0 0.46953125 0.1578125 0.109375 0.0859375
0 0.56640625 0.18203125 0.115625 0.0875
0 0.66328125 0.19765625 0.115625 0.090625
0 0.7640625 0.21953125 0.1171875 0.0890625
0 0.8671875 0.234375 0.1140625 0.0875
0 0.69765625 0.30625 0.321875 0.159375
0 0.40234375 0.23828125 0.3171875 0.15
0 0.1875 0.58359375 0.353125 0.4375
0 0.6796875 0.68828125 0.3484375 0.446875
0 0.53046875 0.05859375 0.0859375 0.06875
1 0.59765625 0.059375 0.0859375 0.0953125
0 0.4 0.03359375 0.0875 0.0671875