1 0.40390625 0.3921875 0.0859375 0.1
0 0.27421875 0.69140625 0.4515625 0.2265625
1 0.32734375 0.38359375 0.096875 0.096875
1 0.24765625 0.3734375 0.0953125 0.0953125
0 0.66171875 0.7296875 0.365625 0.1796875
0 0.15078125 0.521875 0.1625 0.115625
0 0.29140625 0.54296875 0.1515625 0.1140625
0 0.42109375 0.55859375 0.1453125 0.115625
0 0.65703125 0.5953125 0.13125 0.11875
0 0.7703125 0.615625 0.128125 0.1140625
0 0.5390625 0.5796875 0.1328125 0.1046875
0 0.8796875 0.6265625 0.1140625 0.103125
1 0.73046875 0.459375 0.0953125 0.0953125
1 0.825 0.47578125 0.090625 0.1015625
0 0.16484375 0.36640625 0.0953125 0.0859375