0 0.2296875 0.375 0.1125 0.1140625
0 0.3484375 0.35703125 0.128125 0.1140625
1 0.4734375 0.30546875 0.1296875 0.1734375
1 0.13359375 0.36171875 0.1265625 0.171875
1 0.23515625 0.1984375 0.084375 0.0890625
0 0.3078125 0.20859375 0.0734375 0.0671875
0 0.6 0.30078125 0.140625 0.125
0 0.7265625 0.27109375 0.1390625 0.121875
1 0.87578125 0.2140625 0.16875 0.15
0 0.37265625 0.18515625 0.06875 0.0625
0 0.44453125 0.16953125 0.0796875 0.0640625
0 0.51640625 0.15390625 0.0796875 0.0703125
0 0.5890625 0.1375 0.078125 0.078125
0 0.66484375 0.12109375 0.0796875 0.0703125
0 0.7453125 0.10078125 0.084375 0.0625
1 0.83203125 0.059375 0.096875 0.1
0 0.240625 0.53203125 0.3703125 0.1859375
0 0.61171875 0.47109375 0.3953125 0.203125