1 0.38828125 0.40859375 0.071875 0.090625
0 0.30703125 0.72421875 0.43125 0.1609375
1 0.3109375 0.41171875 0.084375 0.084375
1 0.23125 0.4140625 0.0828125 0.0828125
0 0.6953125 0.7015625 0.35 0.1265625
0 0.15859375 0.5765625 0.15 0.09375
0 0.30078125 0.575 0.1390625 0.09375
0 0.43125 0.5703125 0.1328125 0.0953125
0 0.6703125 0.56953125 0.1171875 0.1015625
0 0.78515625 0.571875 0.1140625 0.096875
0 0.55078125 0.57265625 0.1203125 0.0875
0 0.89453125 0.565625 0.1015625 0.0890625
1 0.72109375 0.42421875 0.0828125 0.0828125
1 0.8171875 0.425 0.078125 0.090625
0 0.14765625 0.4203125 0.084375 0.0734375