0 0.83203125 0.6953125 0.3359375 0.26875
0 0.4734375 0.4078125 0.159375 0.159375
0 0.7328125 0.37890625 0.2328125 0.1
1 0.20703125 0.26015625 0.190625 0.121875
0 0.50078125 0.315625 0.1015625 0.0890625
0 0.5125 0.26171875 0.0796875 0.0625
0 0.11484375 0.3484375 0.1890625 0.08125
1 0.6890625 0.25859375 0.1640625 0.096875
0 0.81640625 0.5375 0.3671875 0.2
0 0.76328125 0.4421875 0.28125 0.13125
0 0.7234375 0.3359375 0.2203125 0.090625
1 0.9421875 0.18515625 0.0765625 0.0625
0 0.39296875 0.6375 0.3359375 0.3890625
0 0.16171875 0.3171875 0.18125 0.071875
0 0.065625 0.39375 0.128125 0.0828125