0 0.52890625 0.709375 0.1296875 0.103125
0 0.54609375 0.8609375 0.40625 0.1453125
0 0.178125 0.85234375 0.35625 0.1140625
1 0.06015625 0.70234375 0.1203125 0.1515625
0 0.1578125 0.72578125 0.103125 0.0953125
0 0.28046875 0.72578125 0.1140625 0.096875
0 0.41171875 0.71640625 0.121875 0.1046875
0 0.65703125 0.70625 0.1390625 0.1046875
0 0.79609375 0.69765625 0.146875 0.1046875
0 0.19140625 0.58828125 0.0640625 0.053125
0 0.4046875 0.56640625 0.0828125 0.065625
1 0.5453125 0.54375 0.08125 0.078125
1 0.61953125 0.54453125 0.0796875 0.078125
1 0.33125 0.56171875 0.0890625 0.0890625