1 0.35546875 0.28515625 0.0953125 0.1078125
0 0.21640625 0.59921875 0.4328125 0.2328125
1 0.2765625 0.27421875 0.1 0.1
1 0.19375 0.259375 0.103125 0.0984375
0 0.59609375 0.65078125 0.36875 0.196875
0 0.1015625 0.24921875 0.109375 0.090625
0 0.084375 0.41640625 0.1625 0.1328125
0 0.22734375 0.44140625 0.1625 0.1265625
0 0.365625 0.4640625 0.15625 0.1203125
0 0.49453125 0.48046875 0.1390625 0.11875
0 0.72421875 0.5234375 0.125 0.1046875
0 0.828125 0.53828125 0.1171875 0.0984375
0 0.60859375 0.50546875 0.140625 0.109375
0 0.9125 0.553125 0.103125 0.0859375