0 0.646875 0.7640625 0.4328125 0.203125
0 0.28125 0.8625 0.390625 0.2046875
1 0.11875 0.72890625 0.1859375 0.175
0 0.240625 0.72890625 0.1125 0.1171875
0 0.35703125 0.6921875 0.1296875 0.1171875
0 0.48046875 0.6546875 0.1390625 0.109375
0 0.59375 0.625 0.140625 0.1140625
0 0.7171875 0.58828125 0.1515625 0.121875
0 0.853125 0.55 0.1703125 0.1296875
0 0.4328125 0.51875 0.0890625 0.075
1 0.3625 0.525 0.09375 0.0953125
1 0.50078125 0.49140625 0.0890625 0.0859375
1 0.5671875 0.4640625 0.090625 0.096875
1 0.6375 0.4390625 0.0921875 0.103125