2 0.6286892361111112 0.8212528935185185 0.04029224537037024 0.0346498842592593
2 0.2175564236111111 0.7532190393518519 0.04517505787037035 0.03483072916666674
2 0.4014756944444444 0.8304398148148149 0.04510271990740744 0.03287760416666652
2 0.6678240740740741 0.8207465277777778 0.03718171296296302 0.02965856481481488
2 0.8445457175925926 0.4322193287037037 0.0844545717592593 0.04213686342592593
2 0.40936053240740744 0.2214988425925926 0.08438223379629628 0.04018373842592593
2 0.6682942708333333 0.27998408564814814 0.08727575231481488 0.03931568287037035
2 0.18131510416666669 0.754810474537037 0.04029224537037035 0.03464988425925908
2 0.15465856481481483 0.761646412037037 0.04040075231481477 0.03757957175925908
2 0.8512731481481481 0.5146122685185186 0.08116319444444442 0.0322627314814814
2 0.2515552662037037 0.8121744791666667 0.05262586805555558 0.0253544560185186
2 0.6434461805555556 0.21158854166666669 0.09208622685185186 0.03754340277777779
2 0.6786747685185185 0.34295428240740744 0.0971498842592593 0.04260706018518512
2 0.030996817129629622 0.7736906828703703 0.04307725694444445 0.03085214120370372
2 0.7000868055555556 0.8209635416666667 0.04014756944444442 0.03074363425925908
2 0.41106047453703703 0.25481047453703703 0.09317129629629628 0.0405092592592593
2 0.48564091435185186 0.8286675347222222 0.03826678240740744 0.03262442129629628
2 0.47204137731481477 0.4037543402777778 0.0766420717592593 0.04184751157407407
2 0.6908998842592593 0.43532986111111116 0.09313512731481488 0.0395326967592593
2 0.7052228009259259 0.5502748842592593 0.08532262731481488 0.03924334490740744
2 0.7072844328703703 0.6002242476851851 0.08221209490740744 0.0342520254629628
2 0.7208839699074074 0.6554904513888888 0.0742910879629628 0.03103298611111116
2 0.6608434606481481 0.24352575231481483 0.08926504629629628 0.04036458333333337
2 0.06333188657407407 0.7719545717592593 0.04021990740740741 0.03269675925925908
2 0.6671006944444444 0.31221064814814814 0.07743778935185186 0.03700086805555558
2 0.5641276041666666 0.8217954282407407 0.03428819444444442 0.03052662037037024
2 0.728587962962963 0.8171296296296297 0.04029224537037024 0.0346498842592593
2 0.8795211226851851 0.7024377893518519 0.07599103009259256 0.02426938657407396
2 0.5953052662037037 0.8249059606481481 0.03247974537037024 0.03436053240740744
2 0.29289641203703703 0.7520978009259259 0.07020399305555558 0.05233651620370372
2 0.31235532407407407 0.8075810185185185 0.05060040509259256 0.02332899305555558
2 0.3525028935185185 0.7533275462962963 0.03739872685185186 0.03551793981481488
2 0.8405309606481481 0.4614076967592593 0.0888310185185186 0.02864583333333326
2 0.8668981481481481 0.6208043981481481 0.08210358796296302 0.03132233796296302
2 0.6889105902777778 0.48904079861111105 0.0776186342592593 0.04188368055555558
2 0.6794343171296295 0.37525318287037035 0.09790943287037024 0.03678385416666674
2 0.5306351273148149 0.8283781828703703 0.04040075231481488 0.0375795717592593
2 0.49052372685185186 0.43279803240740744 0.08130787037037024 0.0361689814814814
2 0.19849537037037035 0.8190104166666667 0.04969618055555558 0.02524594907407396
2 0.8396629050925926 0.4848451967592593 0.06922743055555558 0.02596932870370372
2 0.38990162037037035 0.19241898148148148 0.09266493055555558 0.026837384259259245
2 0.006239149305555554 0.8211082175925926 0.012478298611111108 0.02206307870370372
2 0.6221064814814815 0.7349537037037037 0.03848379629629628 0.03848379629629628
2 0.8774594907407407 0.7581018518518519 0.0634403935185186 0.02770543981481488
2 0.41236255787037035 0.7477213541666666 0.03533709490740744 0.03251591435185186
2 0.38483796296296297 0.7515914351851851 0.0322265625 0.02752459490740744
2 0.3573857060185185 0.8327184606481481 0.0341796875 0.02759693287037024
2 0.7102502893518519 0.6257595486111112 0.07118055555555558 0.02604166666666652
2 0.1443142361111111 0.8297164351851851 0.05244502314814814 0.0204716435185186
2 0.8794487847222222 0.8100043402777778 0.06043836805555558 0.02564380787037046
2 0.8475115740740741 0.5633680555555556 0.0771484375 0.02918836805555558
2 0.5347945601851851 0.7688802083333334 0.03200954861111116 0.02166521990740744
3 0.6833767361111112 0.4008246527777778 0.05251736111111116 0.02242476851851849
2 0.7299262152777778 0.7281901041666667 0.06629774305555558 0.02586082175925908
3 0.4486038773148148 0.8253399884259259 0.03193721064814814 0.01971209490740744
2 0.8512369791666667 0.5419921875 0.0741825810185186 0.02810329861111116
3 0.6851851851851852 0.4576099537037037 0.04951533564814814 0.02036313657407407
2 0.8744936342592593 0.679759837962963 0.076171875 0.02915219907407396
2 0.8785445601851851 0.7288049768518519 0.06629774305555536 0.0258608217592593
3 0.8674045138888888 0.6599392361111112 0.05038339120370372 0.017469618055555358
2 0.727466724537037 0.7153862847222223 0.0732060185185186 0.02806712962962976
2 0.8808955439814814 0.3748914930555556 0.13219762731481488 0.06731047453703698
3 0.7032696759259259 0.5766059027777778 0.04557291666666674 0.01924189814814814
2 0.7312644675925926 0.6920572916666667 0.06817853009259256 0.02398003472222232
2 0.0337818287037037 0.8305121527777778 0.037398726851851846 0.00918692129629628
2 0.572193287037037 0.7624421296296297 0.04459635416666652 0.01920572916666674
3 0.8647280092592593 0.6529947916666666 0.06123408564814814 0.02079716435185186
2 0.7435980902777778 0.7550998263888888 0.0556640625 0.0283926504629628
2 0.9601417824074074 0.8491753472222222 0.01822916666666652 0.01822916666666674
2 0.8658854166666666 0.6481481481481481 0.06904658564814814 0.02108651620370372
3 0.524341724537037 0.4966362847222222 0.04286024305555536 0.02499276620370372
2 0.8816189236111112 0.7778139467592593 0.06629774305555536 0.02586082175925908
3 0.5545789930555556 0.5779441550925926 0.05078125 0.02821180555555558
3 0.8489945023148149 0.5761357060185185 0.06119791666666652 0.01982060185185186
2 0.8740596064814815 0.691478587962963 0.07732928240740744 0.03407118055555536
2 0.7280092592592593 0.6743344907407407 0.07306134259259256 0.02416087962962976
2 0.5534215856481481 0.6091941550925926 0.07635271990740744 0.03403501157407396
3 0.509693287037037 0.46969039351851855 0.04969618055555558 0.02524594907407407
3 0.5404730902777778 0.5363498263888888 0.04304108796296302 0.02987557870370372
3 0.5553023726851851 0.5584129050925926 0.05096209490740744 0.03309461805555558
3 0.7088035300925926 0.5064019097222222 0.0528067129629628 0.0302372685185186
2 0.7974175347222223 0.8069661458333333 0.08510561342592604 0.05971498842592604
3 0.25119357638888884 0.7427300347222223 0.03436053240740744 0.03247974537037024