2 0.4348741319444444 0.3798972800925926 0.14518229166666663 0.0951822916666667
2 0.6172670717592592 0.3283347800925926 0.14622395833333313 0.07770543981481481
2 0.4281467013888889 0.7033781828703703 0.28831018518518525 0.18831018518518516
2 0.1861617476851852 0.4554615162037037 0.18172019675925927 0.10486834490740748
2 0.1301142939814815 0.3565321180555555 0.16737557870370368 0.10996817129629632
3 0.2645182291666667 0.8146773726851853 0.1508752893518519 0.11106047453703694
3 0.2443287037037037 0.27423321759259256 0.04505931712962963 0.02376302083333326
3 0.21598668981481484 0.2375144675925926 0.032060185185185164 0.017245370370370383
3 0.3603877314814815 0.2652777777777778 0.05004340277777786 0.02596932870370372
3 0.26286168981481484 0.23508391203703705 0.034013310185185164 0.017346643518518556
3 0.30379774305555557 0.269191261574074 0.04798900462962963 0.02391493055555549
3 0.516333912037037 0.38350694444444444 0.04819155092592586 0.027821180555555602
3 0.23800636574074074 0.20895543981481482 0.02995515046296293 0.01421440972222221
3 0.3540436921296296 0.4261935763888889 0.05620659722222232 0.032132523148148184
3 0.1838324652777778 0.2783492476851852 0.046137152777777746 0.025766782407407485
3 0.33293547453703703 0.34014033564814816 0.041825810185185164 0.017751736111111027
3 0.4131221064814815 0.26254340277777777 0.05004340277777786 0.02596932870370372
3 0.3900462962962963 0.32738715277777775 0.037818287037037046 0.015596064814814792
3 0.36997974537037037 0.22365451388888888 0.03704427083333328 0.019451678240740733
3 0.9743091724537036 0.4037037037037037 0.05138165509259274 0.028226273148148184
3 0.3686125578703704 0.19728732638888888 0.031958912037036935 0.015292245370370383
3 0.5652777777777778 0.36432291666666666 0.04798900462962963 0.023914930555555602
3 0.21809172453703704 0.372533275462963 0.04526186342592592 0.02766927083333326
3 0.11930700231481481 0.24252748842592592 0.028877314814814814 0.012210648148148151
3 0.6957971643518519 0.33209635416666666 0.034989872685185386 0.01739728009259256
3 0.12616464120370371 0.28036024305555557 0.04212962962962963 0.023611111111111138
3 0.27392216435185185 0.3539713541666667 0.039872685185185164 0.01765046296296302
3 0.32788628472222225 0.22387876157407408 0.034266493055555625 0.0222294560185185
3 0.29506655092592593 0.4596064814814815 0.06735387731481479 0.040502025462963
3 0.7273148148148147 0.3167534722222222 0.031908275462963154 0.014315682870370328
3 0.44895833333333335 0.3116030092592592 0.05101996527777786 0.026019965277777724
3 0.24073350694444445 0.2048972800925926 0.029130497685185164 0.01709346064814815
3 0.1967375578703704 0.20619936342592593 0.034013310185185164 0.017346643518518556
3 0.4125578703703704 0.19500868055555554 0.03509114583333339 0.01935040509259256
3 0.7597583912037037 0.3003833912037037 0.030107060185185164 0.01714409722222232
3 0.6221643518518518 0.1772858796296296 0.03580005787037033 0.03302228009259256
2 0.05227864583333334 0.5172381365740741 0.05613425925925926 0.12465277777777795