2 0.6126953125 0.3796657986111111 0.1396484375 0.07823350694444442
2 0.4253255208333333 0.3445095486111111 0.1474609375 0.07852285879629628
2 0.6576171875 0.7010633680555556 0.28977864583333335 0.18218315972222232
2 0.8688151041666666 0.4328342013888889 0.18873697916666665 0.11317274305555558
2 0.9128092447916667 0.32939091435185186 0.1743815104166666 0.11751302083333326
3 0.8333984375 0.7973451967592593 0.1503255208333334 0.10687934027777768
3 0.7895833333333333 0.2575954861111111 0.04531250000000009 0.02213541666666663
3 0.8134114583333334 0.2185329861111111 0.03216145833333339 0.01482928240740744
3 0.6731770833333333 0.2589699074074074 0.05039062499999991 0.02524594907407407
3 0.7665364583333334 0.2202690972222222 0.03437499999999982 0.01880787037037035
3 0.7298828125 0.2578486689814815 0.048307291666666696 0.02322048611111116
3 0.5321614583333334 0.39048032407407407 0.048567708333333126 0.02712673611111116
3 0.7881510416666666 0.19205729166666669 0.030013020833333126 0.01182725694444442
3 0.6985026041666667 0.4185836226851852 0.054492187499999956 0.0283203125
3 0.8501953124999999 0.25632957175925924 0.04531250000000009 0.02213541666666663
3 0.7093098958333333 0.3310546875 0.04205729166666661 0.01714409722222221
3 0.6204427083333333 0.2609230324074074 0.05039062499999991 0.02524594907407407
3 0.6510416666666667 0.32342303240740744 0.03802083333333339 0.01504629629629628
3 0.6587239583333333 0.21838831018518517 0.037304687500000044 0.01891637731481477
3 0.07708333333333334 0.45138888888888884 0.05638020833333335 0.02741608796296302
3 0.6569661458333333 0.19202112268518517 0.03216145833333339 0.01482928240740744
3 0.48125 0.37572337962962965 0.04843750000000002 0.02517361111111116
3 0.8272786458333333 0.3531177662037037 0.04563802083333335 0.02701822916666674
3 0.9100911458333334 0.21495225694444445 0.029166666666666785 0.013744212962962965
3 0.34772135416666666 0.35521556712962965 0.035351562500000044 0.01884403935185186
3 0.9077473958333333 0.25321903935185186 0.04225260416666665 0.02007378472222221
3 0.7695963541666666 0.33959056712962965 0.04023437499999982 0.0190248842592593
3 0.7005859375000001 0.21487991898148145 0.03457031250000009 0.02173755787037035
3 0.7610677083333333 0.4466145833333333 0.06998697916666652 0.04155815972222221
3 0.3145833333333333 0.3427372685185185 0.03229166666666661 0.01678240740740744
3 0.590625 0.3129340277777778 0.05332031249999991 0.0253544560185186
3 0.7849609375 0.1882595486111111 0.030468749999999822 0.01866319444444442
3 0.8288411458333333 0.18565538194444442 0.03424479166666661 0.01685474537037035
3 0.6130208333333333 0.19364872685185186 0.035351562500000044 0.01884403935185186
3 0.2804036458333333 0.3293185763888889 0.030208333333333393 0.01475694444444442
3 0.40260416666666665 0.19458912037037038 0.03834635416666665 0.034541377314814825
2 0.9908365885416667 0.4814453125 0.018326822916666652 0.12192563657407396