3 0.5121093750000001 0.3710214120370371 0.11848958333333348 0.22537615740740735
2 0.14596354166666667 0.6216579861111111 0.12864583333333335 0.21666666666666679
2 0.7320963541666667 0.6143880208333333 0.11334635416666661 0.20679253472222214
2 0.4975260416666667 0.6190538194444445 0.12571614583333335 0.21664496527777777
2 0.7416666666666667 0.3976273148148148 0.14225260416666652 0.2304325810185185
2 0.3826822916666667 0.6140480324074074 0.10781249999999998 0.21163194444444455
2 0.27656250000000004 0.37569444444444444 0.11894531249999996 0.21757089120370376
2 0.16979166666666667 0.3813657407407407 0.14095052083333331 0.240183738425926
2 0.05139973958333333 0.38919994212962966 0.10279947916666667 0.2460069444444445
3 0.2679036458333333 0.6227068865740741 0.13352864583333335 0.20206163194444438
2 0.05185546875 0.6264178240740741 0.1037109375 0.2353443287037038
2 0.39876302083333337 0.38747829861111105 0.15501302083333335 0.2607855902777778
3 0.6279296875 0.3760199652777778 0.1358072916666666 0.2508825231481482
3 0.6133463541666666 0.6094111689814815 0.1430338541666667 0.1982277199074074