2 0.7978370949074074 0.46567563657407407 0.09498697916666665 0.07367621527777768
2 0.8449652777777779 0.3856336805555556 0.08975694444444438 0.06763599537037046
2 0.28682725694444444 0.5296223958333334 0.11090133101851851 0.0791377314814814
2 0.8914134837962964 0.7235243055555556 0.15102719907407414 0.14785879629629628
2 0.7263093171296295 0.4477719907407407 0.09171006944444438 0.06770833333333326
2 0.8694227430555554 0.48455584490740744 0.08412905092592604 0.0713252314814814
2 0.9697717737268519 0.40794994212962965 0.06045645254629628 0.07917390046296302
2 0.7868489583333333 0.6931423611111112 0.12102864583333339 0.11848958333333348
2 0.35921585648148147 0.5455367476851851 0.12256944444444451 0.09516059027777768
2 0.821238425925926 0.24949363425925924 0.05223524305555571 0.04286024305555558
2 0.9358940972222223 0.49971064814814814 0.09660011574074057 0.0844545717592593
2 0.6124204282407407 0.6399016203703705 0.13780381944444442 0.1220341435185186
2 0.4671730324074074 0.5836226851851851 0.1387152777777778 0.1045283564814814
2 0.5565393518518519 0.40708188657407407 0.08952546296296293 0.06372974537037035
2 0.44442274305555557 0.7116970486111112 0.1498625578703704 0.11176215277777768
2 0.7817129629629629 0.37525318287037035 0.0766565393518519 0.06032986111111116
2 0.5739149305555555 0.3369502314814815 0.06820746527777777 0.0492983217592593
2 0.16415653935185184 0.6065899884259259 0.11653645833333331 0.09201388888888884
2 0.9689796730324074 0.745189525462963 0.06204065393518521 0.1151982060185186
2 0.5012152777777779 0.39836516203703703 0.08136574074074066 0.05758101851851849
2 0.3953920717592593 0.3797743055555556 0.08125000000000004 0.0556278935185186
2 0.6768663194444444 0.35662615740740744 0.07579571759259274 0.06224681712962954
2 0.5392795138888888 0.6112919560185185 0.12573784722222214 0.1157407407407407
2 0.7320167824074074 0.3624131944444444 0.07579571759259252 0.06224681712962954
2 0.8757740162037038 0.2944516782407407 0.06516203703703694 0.04723668981481488
2 0.3700810185185185 0.2994791666666667 0.06286168981481488 0.04130497685185186
2 0.5285300925925926 0.33080150462962965 0.06493055555555571 0.04333043981481488
2 0.30744357638888886 0.6463035300925926 0.12578848379629637 0.10015190972222232
2 0.4541304976851852 0.3139829282407407 0.07297453703703694 0.04752604166666674
2 0.6234375000000001 0.34686053240740744 0.07355324074074066 0.05729166666666674
2 0.45065827546296294 0.38751446759259256 0.07601996527777777 0.04958767361111116
2 0.2070167824074074 0.48755787037037035 0.10797164351851851 0.07902922453703698
2 0.23464988425925926 0.6235532407407407 0.11803385416666667 0.10083912037037024
2 0.9158564814814815 0.26066984953703703 0.05895543981481488 0.04116030092592593
2 0.9132740162037036 0.39876302083333337 0.0766565393518519 0.06032986111111116
2 0.7709129050925926 0.2425491898148148 0.05711805555555549 0.043041087962962965
2 0.609375 0.7701822916666666 0.14049479166666679 0.10167100694444442
2 0.8663917824074074 0.2517361111111111 0.06332465277777777 0.04911747685185186
2 0.33543836805555555 0.2929325810185185 0.06315104166666663 0.04618778935185186
2 0.6946759259259259 0.2277560763888889 0.05056423611111116 0.03110532407407407
2 0.3208767361111111 0.36100260416666663 0.08090277777777777 0.0497685185185186
2 0.8441333912037037 0.18992332175925924 0.04579716435185199 0.03287760416666663
2 0.43387586805555556 0.23643663194444442 0.05935329861111116 0.03143084490740744
2 0.7366898148148149 0.27611400462962965 0.06200086805555571 0.04322193287037046
2 0.5815610532407407 0.21824363425925924 0.043670428240740744 0.02987557870370372
3 0.7007306134259259 0.6767578125 0.08458478009259274 0.06257233796296302
2 0.8853226273148148 0.19133391203703703 0.04890046296296302 0.035915798611111105
2 0.7362702546296296 0.23600260416666666 0.04372829861111116 0.030852141203703665
2 0.4800491898148148 0.20634403935185186 0.05653935185185177 0.033275462962962965
2 0.6475260416666666 0.25788483796296297 0.06234809027777777 0.04908130787037035
2 0.6659866898148148 0.1730324074074074 0.04901620370370363 0.037868923611111105
2 0.7043041087962963 0.17552806712962962 0.040740740740740744 0.029767071759259245
2 0.29085648148148147 0.28381799768518523 0.07584635416666674 0.04665798611111116
2 0.6128689236111111 0.21806278935185186 0.05056423611111116 0.03110532407407407
2 0.1374855324074074 0.569408275462963 0.11043836805555557 0.0713252314814814
3 0.6050925925925925 0.43366608796296297 0.04355468749999991 0.02792245370370372
2 0.15306712962962962 0.46900318287037035 0.08705150462962963 0.05486834490740744
2 0.930418113425926 0.1925998263888889 0.0508535879629628 0.03598813657407407
2 0.08078703703703705 0.43840422453703703 0.10296585648148149 0.06032986111111116
2 0.6598596643518518 0.21827980324074073 0.048553240740740744 0.030056423611111105
2 0.5658926504629629 0.25112123842592593 0.05223524305555571 0.04286024305555558
2 0.6098596643518519 0.16728153935185186 0.045623553240740744 0.02994791666666663
2 0.49654947916666664 0.23705150462962962 0.04918981481481477 0.040798611111111105
3 0.3642216435185185 0.6960720486111112 0.08136574074074066 0.0575810185185186
2 0.53125 0.2445746527777778 0.05194589120370363 0.03797743055555558
2 0.9308666087962962 0.2992621527777778 0.0634403935185186 0.05107060185185186
2 0.809837962962963 0.1892361111111111 0.04286747685185177 0.03276909722222221
2 0.23541666666666666 0.27314814814814814 0.05895543981481477 0.04116030092592593
3 0.6627170138888889 0.44816984953703703 0.04550781249999991 0.02799479166666663
2 0.06628327546296296 0.2432002314814815 0.047063078703703715 0.03779658564814814
2 0.16921296296296295 0.21296296296296297 0.045449942129629606 0.027018229166666685
2 0.6940031828703703 0.2659505208333333 0.05493344907407405 0.0390625
2 0.6071397569444444 0.2535083912037037 0.05436197916666674 0.04586226851851849
2 0.27922453703703703 0.3517795138888889 0.07096354166666663 0.04647714120370372
2 0.036530671296296294 0.25311053240740744 0.045052083333333326 0.03674768518518512
2 0.2377459490740741 0.3454861111111111 0.06510416666666663 0.04626012731481477
2 0.9810836226851851 0.30486834490740744 0.03783275462962976 0.04890046296296302
2 0.5447916666666667 0.20883969907407407 0.053725405092592604 0.03512008101851849
2 0.4067925347222222 0.30790653935185186 0.05682870370370363 0.03815827546296302
2 0.11336805555555556 0.45970775462962965 0.1021629050925926 0.06322337962962954
2 0.10499855324074073 0.2358940972222222 0.046600115740740744 0.02998408564814814
2 0.7019820601851852 0.7804542824074074 0.1410517939814815 0.06174045138888884
2 0.1995949074074074 0.32928240740740744 0.08153935185185185 0.0605107060185186
3 0.4990596064814815 0.32895688657407407 0.03447627314814805 0.02271412037037035
2 0.7417028356481481 0.17903645833333331 0.05194589120370363 0.03797743055555558
2 0.14151475694444443 0.32360387731481477 0.07297453703703705 0.04752604166666674
2 0.3398871527777778 0.21936487268518517 0.04677372685185177 0.03291377314814814
2 0.046947337962962965 0.2967664930555556 0.060792824074074076 0.03927951388888884
2 0.2993851273148148 0.21303530092592593 0.05981626157407405 0.03924334490740744
3 0.8260850694444444 0.2982494212962963 0.03740596064814827 0.02282262731481488
2 0.5685546875 0.16391782407407407 0.04372829861111116 0.03085214120370372
3 0.7796079282407407 0.29018373842592593 0.03246527777777786 0.02166521990740744
3 0.5244646990740741 0.7576678240740741 0.07142650462962963 0.05428964120370372
2 0.14135561342592592 0.22182436342592593 0.051540798611111105 0.03114149305555558
2 0.07669994212962962 0.5511067708333333 0.09280960648148148 0.08626302083333348
2 0.35756655092592593 0.18739149305555555 0.048379629629629606 0.027126736111111105
2 0.3624059606481481 0.2195095486111111 0.04907407407407405 0.038845486111111105
2 0.3875 0.1970486111111111 0.043496817129629606 0.02694589120370372
2 0.09486400462962963 0.3126085069444444 0.06705729166666669 0.04633246527777768
3 0.24500144675925928 0.5174696180555556 0.056655092592592604 0.03522858796296302
2 0.4427662037037037 0.20478877314814814 0.04355468749999991 0.02792245370370372
2 0.9933430989583334 0.2066333912037037 0.013313802083333215 0.0302734375
2 0.053146701388888884 0.41789641203703703 0.05907118055555555 0.04311342592592593
2 0.9918402777777777 0.5136357060185185 0.016319444444444553 0.07009548611111116
2 0.48703703703703705 0.15910734953703703 0.03447627314814805 0.02271412037037035
2 0.20603298611111112 0.20670572916666669 0.040798611111111105 0.0307436342592593
2 0.5086950231481482 0.16124131944444442 0.03252314814814827 0.02264178240740744
3 0.3589699074074074 0.37622974537037035 0.032638888888888884 0.02459490740740744
3 0.41179108796296293 0.5739293981481481 0.05671296296296302 0.03620515046296302
2 0.45383391203703705 0.16033709490740738 0.04498697916666661 0.01920572916666663
3 0.7728443287037037 0.1925636574074074 0.02126012731481497 0.013454861111111105
2 0.20565682870370372 0.2664207175925926 0.07797309027777777 0.04966001157407407
2 0.536328125 0.16511140046296297 0.032754629629629495 0.02654803240740744
2 0.2690972222222222 0.1808810763888889 0.046600115740740744 0.02998408564814814
3 0.9723596643518518 0.20670572916666666 0.022236689814814747 0.013491030092592615
3 0.4607060185185185 0.24327256944444442 0.03574218750000002 0.02763310185185186