3 0.462890625 0.625 0.103515625 0.224609375
2 0.8125 0.376953125 0.1142578125 0.2158203125
2 0.2265625 0.3798828125 0.099609375 0.2060546875
2 0.4609375 0.376953125 0.111328125 0.2158203125
2 0.2314453125 0.5966796875 0.126953125 0.2294921875
2 0.576171875 0.3828125 0.09375 0.2109375
2 0.6982421875 0.6220703125 0.1044921875 0.216796875
2 0.8046875 0.6171875 0.125 0.2392578125
2 0.939453125 0.6103515625 0.1201171875 0.2451171875
3 0.6904296875 0.375 0.1201171875 0.201171875
2 0.927734375 0.373046875 0.130859375 0.234375
2 0.5751953125 0.609375 0.1376953125 0.259765625
3 0.3466796875 0.619140625 0.119140625 0.25
3 0.345703125 0.3857421875 0.1298828125 0.197265625