2 0.5546875 0.5517578125 0.107421875 0.0703125
2 0.142578125 0.4091796875 0.0595703125 0.0390625
2 0.8642578125 0.7109375 0.177734375 0.1298828125
2 0.9453125 0.650390625 0.109375 0.1171875
3 0.494140625 0.3701171875 0.0263671875 0.0107421875
2 0.8203125 0.3466796875 0.076171875 0.0419921875
3 0.380859375 0.345703125 0.0263671875 0.015625
3 0.0673828125 0.2265625 0.0517578125 0.0810546875
3 0.2841796875 0.4013671875 0.0361328125 0.017578125
3 0.525390625 0.365234375 0.025390625 0.013671875
3 0.669921875 0.53125 0.0439453125 0.0263671875
3 0.6201171875 0.552734375 0.048828125 0.03125
3 0.3466796875 0.345703125 0.0234375 0.0126953125
3 0.330078125 0.396484375 0.03125 0.015625
3 0.765625 0.501953125 0.0439453125 0.0205078125
3 0.453125 0.376953125 0.0263671875 0.0126953125
3 0.541015625 0.392578125 0.033203125 0.017578125
3 0.28125 0.3564453125 0.025390625 0.0126953125
3 0.248046875 0.361328125 0.0283203125 0.017578125
3 0.373046875 0.419921875 0.0390625 0.0185546875
3 0.6796875 0.4404296875 0.041015625 0.0205078125
3 0.6142578125 0.3828125 0.0341796875 0.017578125
3 0.490234375 0.5859375 0.044921875 0.033203125
3 0.5029296875 0.400390625 0.03125 0.013671875
3 0.4658203125 0.408203125 0.037109375 0.015625
3 0.4169921875 0.4169921875 0.0341796875 0.015625
3 0.564453125 0.361328125 0.0283203125 0.009765625
3 0.716796875 0.515625 0.041015625 0.021484375
3 0.3671875 0.388671875 0.0341796875 0.0126953125
3 0.1923828125 0.416015625 0.03125 0.015625
3 0.59375 0.4580078125 0.044921875 0.025390625
3 0.576171875 0.384765625 0.0283203125 0.013671875
3 0.330078125 0.4296875 0.0361328125 0.021484375
3 0.6123046875 0.376953125 0.03125 0.015625
3 0.169921875 0.451171875 0.041015625 0.0234375
3 0.240234375 0.4091796875 0.033203125 0.0205078125
3 0.4189453125 0.599609375 0.0625 0.046875
3 0.5517578125 0.4736328125 0.0390625 0.029296875
3 0.5029296875 0.486328125 0.046875 0.0439453125
3 0.7451171875 0.7548828125 0.0625 0.0654296875
3 0.673828125 0.796875 0.0810546875 0.0830078125
3 0.8779296875 0.681640625 0.083984375 0.064453125
3 0.8125 0.4951171875 0.0390625 0.029296875
3 0.8564453125 0.482421875 0.0390625 0.0361328125
3 0.880859375 0.466796875 0.048828125 0.03125
3 0.7294921875 0.431640625 0.0361328125 0.029296875
3 0.646484375 0.451171875 0.0419921875 0.029296875
3 0.3125 0.349609375 0.037109375 0.021484375
3 0.21875 0.443359375 0.046875 0.046875