2 0.3741536458333333 0.6139684606481481 0.146484375 0.09309895833333326
2 0.5559244791666667 0.6627965856481481 0.14726562499999996 0.07559317129629628
2 0.3722005208333333 0.29083478009259256 0.2908854166666668 0.18417245370370372
2 0.1263671875 0.5421368634259259 0.18313802083333336 0.10224971064814814
2 0.07662760416666667 0.6418185763888888 0.15325520833333334 0.10756655092592604
3 0.21009114583333333 0.18203848379629628 0.15240885416666672 0.1089048032407407
3 0.18190104166666665 0.7223668981481481 0.045377604166666696 0.02311197916666674
3 0.15299479166666666 0.7594762731481481 0.03229166666666666 0.01678240740740744
3 0.29791666666666666 0.7296006944444444 0.05039062500000002 0.02524594907407396
3 0.19986979166666666 0.7612123842592593 0.03424479166666666 0.01685474537037024
3 0.24134114583333333 0.7265263310185186 0.048307291666666696 0.02322048611111116
3 0.45572916666666663 0.6091579861111112 0.04856770833333335 0.02712673611111116
3 0.174609375 0.7876880787037037 0.030143229166666674 0.01378038194444442
3 0.2939453125 0.5689019097222222 0.056640625 0.03132233796296302
3 0.12141927083333333 0.7191478587962963 0.046484374999999994 0.02510127314814814
3 0.27154947916666666 0.655201099537037 0.04205729166666672 0.01714409722222232
3 0.35065104166666666 0.7315538194444444 0.05039062500000002 0.02524594907407396
3 0.328515625 0.6671006944444444 0.03802083333333339 0.01504629629629628
3 0.30690104166666665 0.7710503472222222 0.037304687500000044 0.01891637731481488
3 0.9166666666666666 0.5821759259259259 0.05638020833333335 0.02741608796296302
3 0.3051432291666667 0.7974175347222222 0.03216145833333339 0.01482928240740744
3 0.5044270833333333 0.6276041666666667 0.048307291666666696 0.02322048611111116
3 0.15709635416666667 0.6245298032407407 0.04563802083333335 0.02701822916666652
3 0.05631510416666667 0.7558955439814814 0.02903645833333332 0.011791087962962798
3 0.6345703125 0.6578776041666666 0.03522135416666661 0.01689091435185186
3 0.06373697916666667 0.7179904513888888 0.04244791666666667 0.02300347222222232
3 0.2126953125 0.6422526041666667 0.04010416666666672 0.01707175925925908
3 0.2647786458333333 0.7714482060185186 0.03457031249999998 0.02173755787037024
3 0.23541666666666666 0.5363859953703703 0.0679036458333333 0.0395326967592593
3 0.6658854166666667 0.6727430555555556 0.03209635416666656 0.01385271990740744
3 0.3872395833333333 0.6820023148148149 0.05136718749999991 0.025282118055555358
3 0.17727864583333333 0.7917028356481481 0.029361979166666663 0.01667390046296302
3 0.13326822916666667 0.7910517939814814 0.03424479166666666 0.01685474537037024
3 0.3490885416666667 0.7990451388888888 0.035351562500000044 0.018844039351851638
3 0.6981119791666667 0.6886212384259259 0.030338541666666607 0.01671006944444442
3 0.55859375 0.8136574074074074 0.036263020833333215 0.03251591435185186
2 0.0111328125 0.4823857060185185 0.022265625 0.12391493055555558