3 0.5565538194444445 0.37102141203703703 0.10827546296296298 0.22434895833333335
2 0.21980613425925927 0.6216579861111111 0.13634259259259263 0.219675925925926
2 0.805591724537037 0.6143880208333333 0.11430121527777759 0.20877459490740735
2 0.5713686342592592 0.6190538194444444 0.1303819444444443 0.21767939814814818
2 0.7894675925925927 0.39762731481481484 0.14188368055555545 0.2324074074074074
2 0.4558304398148148 0.6140480324074074 0.11265190972222217 0.21461950231481497
2 0.32135416666666666 0.37569444444444444 0.12364728009259263 0.21958188657407407
2 0.21516203703703707 0.3813657407407407 0.14228877314814814 0.2402199074074074
2 0.08075086805555556 0.38919994212962966 0.1328269675925926 0.2460069444444445
3 0.34197771990740744 0.6227068865740741 0.12453703703703711 0.19908854166666679
2 0.10477430555555556 0.6264178240740741 0.13900462962962962 0.2333622685185186
2 0.44505931712962965 0.3874782986111111 0.12526765046296284 0.25083188657407407
3 0.6730685763888888 0.3760199652777778 0.11720196759259238 0.24589120370370376
3 0.6861472800925925 0.6094111689814814 0.12408130787037042 0.19029947916666679