2 0.08222656249999999 0.33797743055555557 0.10512152777777778 0.08609664351851853
2 0.4180989583333333 0.46599392361111114 0.11089409722222221 0.0844907407407407
2 0.09650607638888889 0.4839482060185185 0.10970052083333331 0.07955005787037028
2 0.5899522569444444 0.5852647569444445 0.08604600694444442 0.0732783564814814
2 0.6376736111111111 0.8043185763888889 0.08836805555555549 0.05978009259259265
2 0.08556857638888889 0.41317274305555557 0.12100694444444446 0.09288194444444442
2 0.41846788194444445 0.5838686342592593 0.10184461805555556 0.0781105324074074
2 0.11731770833333333 0.6673177083333333 0.09835069444444444 0.06524160879629637
2 0.3022135416666667 0.2691984953703704 0.13559027777777777 0.11419994212962958
2 0.5589409722222223 0.7860170717592593 0.07825520833333321 0.05138888888888893
2 0.9457899305555555 0.6143156828703704 0.10842013888888902 0.07202690972222214
2 0.30438368055555554 0.4933449074074074 0.09891493055555556 0.07793692129629626
2 0.3134982638888889 0.5669343171296297 0.10948350694444442 0.0746672453703705
2 0.7947699652777778 0.7668764467592593 0.07052951388888884 0.05287905092592604
2 0.6924696180555556 0.5689380787037037 0.09403211805555545 0.07764756944444451
2 0.1271701388888889 0.7136791087962964 0.0995876736111111 0.07115885416666679
2 0.40201822916666663 0.6958767361111111 0.09466145833333339 0.0698929398148147
2 0.5867838541666667 0.6454644097222222 0.08285590277777777 0.06724537037037037
2 0.8990234375 0.701953125 0.09605034722222228 0.057313368055555536
2 0.6774956597222221 0.626490162037037 0.10230034722222214 0.06644965277777781
2 0.9629014756944445 0.5483796296296296 0.07419704861111098 0.06563946759259265
2 0.42365451388888886 0.6348234953703704 0.09155815972222214 0.0658130787037039
2 0.7443359375 0.37721354166666665 0.11794704861111116 0.08977864583333339
2 0.5560112847222223 0.8296730324074074 0.08216145833333321 0.05162037037037037
2 0.30078125 0.7629267939814814 0.09053819444444444 0.06477864583333348
2 0.7809678819444444 0.8069661458333333 0.06423611111111116 0.04276620370370354
2 0.8858506944444444 0.5151403356481481 0.09136284722222232 0.08333333333333348
2 0.6424479166666667 0.254296875 0.10028211805555554 0.08678385416666667
2 0.3053168402777778 0.6677445023148147 0.09902343749999998 0.058463541666666785
2 0.3070529513888889 0.35617042824074074 0.12087673611111116 0.08995225694444442
2 0.3094401041666667 0.7166883680555556 0.08815104166666665 0.05489728009259265
2 0.9949869791666667 0.7786892361111111 0.010026041666666652 0.04918981481481488
2 0.1427951388888889 0.7584346064814815 0.08339843749999998 0.057537615740740566
2 0.42432725694444445 0.3212384259259259 0.11647135416666665 0.10040509259259256
2 0.9567925347222221 0.3120515046296296 0.08641493055555571 0.09895833333333326
2 0.7490234375 0.30736400462962965 0.12964409722222214 0.11189959490740731
2 0.3107421875 0.43917824074074074 0.11310763888888886 0.09046585648148153
2 0.428515625 0.3935619212962963 0.11115451388888886 0.0903501157407407
2 0.9391059027777777 0.39849537037037036 0.08674045138888875 0.08890335648148151
2 0.8301432291666666 0.861501736111111 0.06610243055555554 0.040928819444444375
2 0.9827039930555556 0.8168836805555555 0.034592013888888884 0.04764901620370354
3 0.11024305555555555 0.5957971643518518 0.05362413194444443 0.04505931712962963
2 0.05555555555555555 0.2857494212962963 0.09058159722222223 0.10958478009259265
2 0.8692274305555556 0.7547309027777778 0.05349392361111116 0.04212962962962963
2 0.05310329861111111 0.6907841435185185 0.04830729166666667 0.07883391203703694
2 0.97197265625 0.4506727430555556 0.05605468750000009 0.10572916666666665
3 0.31341145833333334 0.6088107638888889 0.06946614583333333 0.050868055555555625
3 0.6396267361111112 0.40996817129629626 0.062369791666666785 0.04460358796296293
3 0.5779079861111112 0.6868200231481482 0.04520399305555545 0.03092447916666674
2 0.049609375 0.5902560763888889 0.04468315972222223 0.06303530092592591
3 0.421484375 0.2353587962962963 0.058463541666666674 0.04437210648148149
3 0.5701822916666667 0.7321397569444444 0.048480902777777724 0.03891059027777777
3 0.7028428819444444 0.4955295138888889 0.0517578125 0.046896701388888795
2 0.041449652777777776 0.5381510416666666 0.0367404513888889 0.0596426504629628
3 0.9523871527777779 0.8726417824074073 0.04622395833333348 0.031958912037036935
3 0.872873263888889 0.5737847222222222 0.05132378472222232 0.037131076388888795
3 0.8437934027777778 0.6207609953703703 0.04644097222222232 0.036841724537036935
2 0.03901909722222222 0.48346354166666666 0.03704427083333334 0.06647858796296291
2 0.7571614583333333 0.24940682870370368 0.10512152777777795 0.08609664351851853
2 0.6206597222222223 0.8598017939814815 0.05271267361111098 0.024551504629629628
3 0.40685763888888893 0.5198712384259259 0.07035590277777781 0.04897280092592604
3 0.8108940972222223 0.7132884837962963 0.04839409722222232 0.03695746527777777
3 0.3643446180555555 0.19885706018518517 0.07161458333333326 0.03346354166666665
3 0.9724392361111112 0.8416883680555556 0.03739149305555545 0.03046151620370363
3 0.8293185763888888 0.667628761574074 0.04817708333333348 0.03207465277777777
3 0.908203125 0.44828559027777776 0.0537109375 0.04701244212962963
3 0.7083984375000001 0.4452112268518519 0.04520399305555545 0.03092447916666674
3 0.6030598958333333 0.5295500578703703 0.06484375000000009 0.056438078703703765
3 0.10368923611111111 0.5359953703703704 0.05850694444444443 0.04534866898148149
3 0.6179904513888889 0.47102141203703707 0.05837673611111116 0.04241898148148149
3 0.39296875 0.7771556712962963 0.034157986111111205 0.023451967592592604
2 0.31124131944444444 0.4723234953703703 0.11375868055555549 0.10511429398148153
3 0.6442491319444444 0.7550347222222222 0.04053819444444451 0.03551793981481488
3 0.8941840277777777 0.6588107638888889 0.03424479166666661 0.025405092592592604
2 0.757421875 0.8688802083333333 0.06816406249999996 0.021571180555555625
3 0.6453559027777778 0.7141927083333333 0.03543836805555545 0.0303457754629628
3 0.6508897569444444 0.33466435185185184 0.06527777777777777 0.06620370370370376
3 0.8471788194444445 0.7845920138888889 0.03726128472222223 0.02753182870370363
3 0.8446614583333334 0.8156105324074074 0.034852430555555536 0.039076967592592604
3 0.7647786458333333 0.8371744791666667 0.05349392361111116 0.04212962962962963
3 0.6588541666666667 0.6672670717592593 0.036046006944444375 0.04401765046296302
3 0.3930555555555556 0.735279224537037 0.04542100694444451 0.03580729166666652