2 0.208984375 0.6357421875 0.0859375 0.0859375
2 0.5439453125 0.4970703125 0.0625 0.0732421875
2 0.9169921875 0.568359375 0.0654296875 0.080078125
2 0.326171875 0.671875 0.0859375 0.09375
2 0.5234375 0.7138671875 0.0888671875 0.125
2 0.8642578125 0.78125 0.080078125 0.119140625
2 0.4892578125 0.484375 0.0625 0.0625
2 0.7919921875 0.7705078125 0.078125 0.1201171875
2 0.3876953125 0.46875 0.0673828125 0.0673828125
2 0.296875 0.4501953125 0.0595703125 0.060546875
2 0.4453125 0.6953125 0.080078125 0.109375
2 0.4921875 0.390625 0.0517578125 0.0498046875
2 0.388671875 0.689453125 0.080078125 0.1044921875
2 0.439453125 0.4794921875 0.0595703125 0.0625
2 0.029296875 0.58203125 0.05859375 0.07421875
2 0.6484375 0.7470703125 0.080078125 0.107421875
2 0.4248046875 0.291015625 0.041015625 0.037109375
2 0.6376953125 0.849609375 0.078125 0.0546875
2 0.341796875 0.462890625 0.0517578125 0.0576171875
2 0.857421875 0.5546875 0.064453125 0.0751953125
2 0.9609375 0.466796875 0.056640625 0.064453125
2 0.1689453125 0.3095703125 0.0595703125 0.0439453125
2 0.6201171875 0.3154296875 0.041015625 0.03125
2 0.359375 0.3701171875 0.060546875 0.0576171875
2 0.4453125 0.3857421875 0.052734375 0.046875
2 0.5966796875 0.5078125 0.0517578125 0.0673828125
2 0.537109375 0.3935546875 0.0546875 0.0625
2 0.212890625 0.783203125 0.09375 0.1142578125
2 0.580078125 0.3095703125 0.0419921875 0.037109375
2 0.9091796875 0.4580078125 0.0546875 0.0625
2 0.0732421875 0.765625 0.087890625 0.119140625
2 0.1328125 0.7783203125 0.0888671875 0.1142578125
2 0.498046875 0.294921875 0.0419921875 0.033203125
2 0.859375 0.4501953125 0.044921875 0.052734375
3 0.5810546875 0.736328125 0.0595703125 0.0595703125
2 0.580078125 0.3984375 0.046875 0.052734375
2 0.5390625 0.3046875 0.0419921875 0.037109375
2 0.25 0.443359375 0.064453125 0.060546875
2 0.3515625 0.8154296875 0.09375 0.1142578125
2 0.0517578125 0.4169921875 0.064453125 0.0498046875
2 0.314453125 0.369140625 0.060546875 0.052734375
2 0.6328125 0.4033203125 0.0419921875 0.0576171875
3 0.9736328125 0.5859375 0.048828125 0.046875
2 0.158203125 0.623046875 0.091796875 0.0908203125
2 0.3876953125 0.2841796875 0.0419921875 0.03125
3 0.2734375 0.6591796875 0.044921875 0.0361328125
2 0.03125 0.740234375 0.0625 0.1142578125
2 0.564453125 0.8359375 0.072265625 0.0751953125
3 0.9296875 0.8125 0.0673828125 0.0673828125
2 0.6640625 0.3203125 0.041015625 0.0419921875
2 0.109375 0.369140625 0.0595703125 0.044921875
3 0.2734375 0.8076171875 0.0625 0.056640625
3 0.068359375 0.6064453125 0.037109375 0.03125
3 0.4091796875 0.3828125 0.037109375 0.029296875
3 0.7138671875 0.767578125 0.0703125 0.0673828125
2 0.044921875 0.2705078125 0.0498046875 0.041015625
3 0.408203125 0.8466796875 0.068359375 0.0517578125
3 0.466796875 0.296875 0.029296875 0.021484375
2 0.2109375 0.2763671875 0.0439453125 0.0341796875
3 0.486328125 0.8564453125 0.0654296875 0.037109375
2 0.2685546875 0.2109375 0.044921875 0.033203125
2 0.2529296875 0.1376953125 0.0361328125 0.021484375
2 0.779296875 0.267578125 0.0361328125 0.029296875
2 0.2109375 0.1533203125 0.029296875 0.021484375
3 0.083984375 0.2548828125 0.0283203125 0.0263671875
2 0.271484375 0.1669921875 0.03125 0.0234375
2 0.1875 0.171875 0.029296875 0.0263671875