2 0.5383391203703703 0.5271050347222221 0.11154513888888884 0.07810329861111098
2 0.13045428240740742 0.40284288194444445 0.06072771990740744 0.04171006944444444
2 0.8431929976851852 0.6725260416666667 0.18873697916666665 0.1488281250000001
2 0.9260127314814814 0.6093532986111112 0.10675636574074066 0.11397569444444455
3 0.48317418981481486 0.3481553819444444 0.02668547453703707 0.011914062500000044
2 0.8100405092592593 0.3102213541666667 0.07945601851851869 0.04839409722222221
3 0.37061631944444445 0.32877604166666663 0.026830150462963 0.016796875000000044
3 0.06066984953703704 0.22356770833333334 0.051200810185185186 0.08224826388888884
3 0.27228732638888886 0.38873697916666666 0.034700520833333304 0.01909722222222221
3 0.5145688657407408 0.34188368055555557 0.025766782407407263 0.013823784722222232
3 0.6541811342592593 0.5014756944444445 0.04274450231481475 0.027256944444444375
3 0.6037398726851851 0.5251736111111112 0.04771412037037037 0.030403645833333215
3 0.33643663194444445 0.33029513888888884 0.02372685185185186 0.010807291666666607
3 0.3183304398148148 0.3818142361111111 0.033723958333333304 0.01905381944444451
3 0.7507523148148147 0.46792534722222223 0.04463975694444455 0.025390625
3 0.4419560185185185 0.35681423611111107 0.026743344907407374 0.013867187500000044
3 0.5293836805555556 0.36853298611111107 0.033723958333333304 0.01905381944444451
3 0.27068865740740744 0.3439453125 0.025766782407407485 0.013823784722222232
3 0.23734085648148148 0.35030381944444444 0.028783275462962943 0.016883680555555558
3 0.36060474537037035 0.4033420138888889 0.03765914351851851 0.020203993055555536
3 0.6666377314814815 0.41022135416666666 0.04162326388888893 0.022330729166666674
3 0.6029152199074074 0.35551215277777776 0.034700520833333304 0.01909722222222221
3 0.4728732638888889 0.5641493055555555 0.0459056712962963 0.03519965277777781
3 0.49106626157407407 0.3780381944444444 0.03165509259259269 0.015060763888888884
3 0.4537254050925926 0.38749999999999996 0.036653645833333304 0.019184027777777724
3 0.4046368634259259 0.3984592013888889 0.034700520833333304 0.01909722222222221
3 0.5537471064814815 0.33624131944444446 0.02863859953703707 0.012000868055555558
3 0.7015190972222223 0.48376736111111107 0.03969907407407414 0.02322048611111116
3 0.3556712962962963 0.37235243055555556 0.03458478009259258 0.01519097222222221
3 0.18005642361111113 0.4074652777777778 0.03179976851851851 0.019943576388888884
3 0.5801793981481482 0.4316189236111111 0.04463975694444455 0.025390625
3 0.5647714120370371 0.3591579861111111 0.028696469907407263 0.013953993055555558
3 0.3173466435185185 0.4150173611111111 0.03478732638888893 0.02202690972222221
3 0.6011357060185185 0.3497395833333333 0.03171296296296289 0.017013888888888884
3 0.15655381944444444 0.44361979166666665 0.04268663194444444 0.025303819444444375
3 0.22811053240740742 0.39850260416666666 0.033839699074074026 0.022960069444444398
3 0.40117910879629626 0.5809895833333334 0.06184895833333326 0.04663628472222214
3 0.5377242476851851 0.4491102430555556 0.04188368055555536 0.031119791666666563
3 0.48851996527777775 0.4639756944444444 0.04516059027777786 0.04296875
3 0.7227502893518518 0.7217664930555556 0.06644965277777759 0.07024739583333339
3 0.6502170138888889 0.7669270833333333 0.08256655092592591 0.08754340277777795
3 0.8577329282407408 0.6426215277777778 0.0859230324074074 0.06916232638888875
3 0.7978298611111111 0.4590060763888889 0.03794849537037037 0.029969618055555536
3 0.8421513310185185 0.4443576388888889 0.040133101851851816 0.03786892361111116
3 0.8670283564814816 0.4276475694444445 0.04981192129629619 0.03537326388888884
3 0.7167028356481482 0.39921875 0.03501880787037037 0.02983940972222221
3 0.6331163194444445 0.4224392361111111 0.041796874999999956 0.028190104166666674
3 0.30214120370370373 0.3357204861111111 0.03780381944444444 0.025086805555555536
3 0.20561342592592594 0.43363715277777776 0.048263888888888884 0.048958333333333326