2 0.7775245949074074 0.4052734375 0.08912037037037024 0.09039351851851851
2 0.43742766203703703 0.5265769675925926 0.06521267361111116 0.07648292824074066
2 0.06702112268518519 0.4359447337962963 0.06839554398148148 0.08347077546296289
2 0.6616753472222223 0.3630642361111111 0.08940972222222232 0.09820601851851851
2 0.46596498842592593 0.31084346064814816 0.09349681712962954 0.12960792824074074
2 0.12764033564814814 0.2257884837962963 0.08449074074074076 0.12329282407407405
2 0.4916449652777778 0.5421079282407408 0.06481481481481488 0.06574074074074066
2 0.19950810185185186 0.24027777777777776 0.08257378472222221 0.12416811342592593
2 0.5926287615740741 0.5629991319444444 0.06987847222222232 0.07087673611111112
2 0.6827618634259259 0.5862630208333333 0.06181278935185186 0.06363570601851842
2 0.5434027777777777 0.3334490740740741 0.08412905092592604 0.11352719907407405
2 0.4852430555555556 0.6357060185185185 0.05360243055555558 0.05248842592592595
2 0.5998263888888888 0.3422453703703704 0.0839482060185186 0.10864438657407405
2 0.5412688078703703 0.5495732060185186 0.06188512731481488 0.06558883101851842
2 0.9552228009259259 0.4683015046296296 0.06134259259259256 0.07725694444444442
2 0.3421947337962963 0.2711588541666667 0.08405671296296302 0.11157407407407405
2 0.5489366319444444 0.7388093171296297 0.04239004629629628 0.03923611111111125
2 0.35673466435185186 0.1691767939814815 0.08015046296296302 0.05873842592592593
2 0.6383101851851851 0.571238425925926 0.05389178240740744 0.06030092592592595
2 0.12608506944444445 0.4527054398148148 0.06723813657407407 0.07853732638888888
2 0.0244140625 0.535228587962963 0.048828125 0.06739004629629619
2 0.8054832175925926 0.733521412037037 0.06119791666666652 0.04703414351851842
2 0.3545283564814815 0.7042679398148148 0.04217303240740744 0.03337673611111125
2 0.6172960069444444 0.6631004050925926 0.06268084490740744 0.06075665509259265
2 0.5319372106481481 0.6430193865740741 0.05447048611111116 0.049609374999999956
2 0.3850911458333333 0.5131004050925926 0.05425347222222221 0.07006655092592595
2 0.4404296875 0.6304470486111111 0.05700231481481477 0.06533564814814818
2 0.7790798611111112 0.2576099537037037 0.09798177083333348 0.1191189236111111
2 0.39435040509259256 0.7122034143518519 0.04336660879629628 0.03928674768518525
2 0.07074652777777776 0.5467013888888889 0.057002314814814825 0.06533564814814818
2 0.9180772569444444 0.2824291087962963 0.0923032407407407 0.12369791666666663
2 0.8589771412037037 0.2666449652777778 0.09309895833333348 0.11886574074074074
2 0.47583912037037035 0.7311053240740741 0.04322193287037046 0.03538049768518503
2 0.12026186342592593 0.5570963541666667 0.046875 0.05506365740740726
3 0.4091796875 0.2853949652777778 0.06177662037037035 0.06265914351851853
2 0.3976417824074074 0.6233362268518519 0.048828125 0.05516493055555549
2 0.4351851851851852 0.7192129629629629 0.04336660879629628 0.03928674768518503
2 0.7293836805555556 0.5955295138888889 0.06669560185185186 0.06388888888888888
2 0.6416015625 0.21819299768518519 0.09798177083333326 0.1191189236111111
2 0.9266493055555556 0.632175925925926 0.06629774305555558 0.053146701388888884
2 0.6621817129629629 0.6664062500000001 0.0625 0.05587384259259265
2 0.34508825231481477 0.6157190393518519 0.04412615740740744 0.05979456018518503
3 0.018156828703703703 0.4154296875 0.036313657407407406 0.04940682870370372
2 0.8278356481481481 0.42060185185185184 0.09516059027777768 0.09558015046296298
2 0.5857928240740741 0.7475694444444445 0.04314959490740744 0.03342737268518503
3 0.713939525462963 0.3784939236111111 0.04626012731481488 0.038462094907407374
2 0.9591290509259259 0.3099971064814815 0.06673177083333326 0.11749855324074077
2 0.4294704861111111 0.18664641203703702 0.07505063657407407 0.07894241898148147
3 0.06336805555555555 0.19114583333333335 0.06987847222222221 0.07087673611111112
2 0.3107638888888889 0.6971064814814816 0.04257089120370372 0.04411892361111125
2 0.8672598379629629 0.6770399305555556 0.06123408564814814 0.04801070601851842
3 0.7194372106481481 0.23005642361111112 0.06459780092592604 0.059881365740740766
3 0.917064525462963 0.4418619791666667 0.03826678240740744 0.03317418981481479
3 0.5679615162037037 0.6478226273148149 0.03819444444444442 0.031221064814814792
3 0.2775245949074074 0.2472583912037037 0.07280815972222221 0.07102864583333335
2 0.9280598958333333 0.7790147569444444 0.05132378472222232 0.043598090277777724
3 0.5861183449074074 0.18400607638888888 0.0702763310185186 0.05530237268518523
3 0.5071614583333334 0.7307725694444445 0.03009259259259256 0.02300347222222232
2 0.7622612847222222 0.7645471643518518 0.04521122685185186 0.03645833333333348
3 0.5083550347222222 0.17018952546296295 0.06680410879629628 0.040502025462963
2 0.702220775462963 0.8269892939814815 0.04615162037037024 0.035532407407407485
2 0.7151331018518519 0.9010416666666667 0.03692853009259256 0.023357928240740566
2 0.1935763888888889 0.7438657407407407 0.03721788194444442 0.03117042824074079
2 0.7577039930555556 0.8875940393518518 0.03009259259259256 0.02300347222222232
3 0.8884186921296297 0.7926142939814815 0.029296875 0.027835648148148096
2 0.6976634837962963 0.8707826967592592 0.03211805555555558 0.025057870370370328
2 0.7818287037037037 0.8702546296296296 0.0302734375 0.02788628472222232