2 0.4453125 0.5517578125 0.109375 0.0732421875
2 0.857421875 0.4091796875 0.0595703125 0.0390625
2 0.1357421875 0.7109375 0.1845703125 0.140625
2 0.0546875 0.6513671875 0.103515625 0.109375
3 0.505859375 0.3701171875 0.0263671875 0.0107421875
2 0.1796875 0.3466796875 0.078125 0.044921875
3 0.619140625 0.345703125 0.0263671875 0.015625
3 0.9326171875 0.2265625 0.048828125 0.080078125
3 0.7158203125 0.4013671875 0.0341796875 0.017578125
3 0.474609375 0.365234375 0.025390625 0.0126953125
3 0.330078125 0.53125 0.0419921875 0.025390625
3 0.3798828125 0.552734375 0.046875 0.0283203125
3 0.6533203125 0.345703125 0.0234375 0.009765625
3 0.669921875 0.396484375 0.033203125 0.017578125
3 0.234375 0.501953125 0.0439453125 0.0234375
3 0.546875 0.376953125 0.0263671875 0.0126953125
3 0.458984375 0.392578125 0.033203125 0.017578125
3 0.71875 0.3564453125 0.025390625 0.0126953125
3 0.751953125 0.361328125 0.0283203125 0.015625
3 0.626953125 0.419921875 0.037109375 0.0185546875
3 0.3203125 0.4404296875 0.041015625 0.0205078125
3 0.3857421875 0.3828125 0.0341796875 0.017578125
3 0.509765625 0.5859375 0.044921875 0.033203125
3 0.4970703125 0.400390625 0.03125 0.013671875
3 0.5341796875 0.408203125 0.0361328125 0.017578125
3 0.5830078125 0.4169921875 0.0341796875 0.017578125
3 0.435546875 0.361328125 0.0283203125 0.0107421875
3 0.283203125 0.515625 0.0390625 0.021484375
3 0.6328125 0.388671875 0.0341796875 0.013671875
3 0.8076171875 0.416015625 0.03125 0.0185546875
3 0.40625 0.4580078125 0.0439453125 0.0234375
3 0.423828125 0.384765625 0.0283203125 0.0126953125
3 0.669921875 0.4296875 0.0341796875 0.0205078125
3 0.3876953125 0.376953125 0.03125 0.015625
3 0.830078125 0.451171875 0.0419921875 0.0234375
3 0.759765625 0.4091796875 0.033203125 0.021484375
3 0.5810546875 0.599609375 0.060546875 0.0439453125
3 0.4482421875 0.4736328125 0.041015625 0.029296875
3 0.4970703125 0.486328125 0.0439453125 0.041015625
3 0.2548828125 0.7548828125 0.064453125 0.0673828125
3 0.326171875 0.796875 0.080078125 0.083984375
3 0.1220703125 0.681640625 0.083984375 0.0654296875
3 0.1875 0.4951171875 0.037109375 0.0283203125
3 0.1435546875 0.482421875 0.0390625 0.0361328125
3 0.119140625 0.466796875 0.048828125 0.033203125
3 0.2705078125 0.431640625 0.0341796875 0.0283203125
3 0.353515625 0.451171875 0.041015625 0.0263671875
3 0.6875 0.349609375 0.037109375 0.0234375
3 0.78125 0.443359375 0.046875 0.046875