3 0.43974247685185186 0.6009982638888889 0.1118344907407407 0.2299768518518519
2 0.7985387731481481 0.33482349537037037 0.12225115740740744 0.2217447916666666
2 0.21249276620370372 0.3681351273148148 0.10724103009259256 0.21121961805555556
2 0.44697627314814814 0.353052662037037 0.11932146990740744 0.22159288194444438
2 0.20934606481481483 0.5846788194444444 0.13545283564814814 0.23607494212962954
2 0.5619936342592593 0.3529369212962963 0.1015625 0.2157986111111111
2 0.6752025462962963 0.5858651620370371 0.11252170138888884 0.2222149884259259
2 0.7818287037037037 0.575462962962963 0.13386140046296302 0.24573929398148153
2 0.9168475115740741 0.5616391782407407 0.12919560185185186 0.25134548611111107
3 0.6765407986111112 0.3391999421296297 0.12756799768518512 0.20740017361111107
2 0.9139178240740741 0.32494212962962965 0.13953993055555558 0.241160300925926
2 0.5526258680555556 0.5795500578703704 0.14731626157407396 0.26690538194444446
3 0.3237485532407407 0.6011646412037037 0.1283998842592593 0.25617766203703707
3 0.33141637731481477 0.3678168402777778 0.1371889467592593 0.20400028935185188