2 0.7392722800925926 0.49983362268518516 0.09274450231481479 0.06608796296296293
2 0.7956597222222221 0.42209201388888884 0.0864221643518519 0.05823206018518512
2 0.22293836805555556 0.5409505208333334 0.11412037037037037 0.08088831018518539
2 0.8019458912037036 0.7611545138888889 0.15206163194444455 0.14461805555555562
2 0.6701750578703705 0.47880497685185186 0.09286024305555562 0.06804108796296293
2 0.8083116319444444 0.5218388310185185 0.08200231481481479 0.06600839120370372
2 0.9297815393518518 0.45044126157407405 0.08551070601851851 0.07579571759259252
2 0.7014322916666667 0.7262152777777777 0.12918836805555545 0.1210214120370372
2 0.29312789351851853 0.560033275462963 0.11613136574074079 0.08187934027777777
2 0.788136574074074 0.2852575231481481 0.05211950231481488 0.03943142361111107
2 0.8726996527777777 0.5399016203703704 0.09234664351851851 0.07584635416666674
2 0.5340639467592593 0.6653790509259259 0.1313657407407407 0.10834780092592577
2 0.3961082175925926 0.602806712962963 0.1303819444444445 0.091746238425926
2 0.5059606481481481 0.4306929976851852 0.08964120370370376 0.06313657407407414
2 0.35831163194444443 0.7295355902777778 0.1572193287037037 0.11634837962962963
2 0.7339120370370371 0.40893373842592595 0.07648292824074066 0.05523003472222232
2 0.5315538194444445 0.36151620370370374 0.0683232060185186 0.049312789351851904
2 0.09170283564814816 0.6122757523148148 0.11671006944444445 0.09164496527777777
2 0.9019458912037037 0.7882740162037036 0.1098813657407407 0.10818865740740735
2 0.45190972222222225 0.41954571759259257 0.07923900462962963 0.052322048611111116
2 0.3487485532407407 0.39631076388888886 0.07797309027777777 0.047432002314814814
2 0.6317274305555556 0.3857060185185185 0.07683015046296293 0.06108940972222232
2 0.4646267361111111 0.6336009837962963 0.13504774305555556 0.12106481481481479
2 0.6859519675925926 0.3939236111111111 0.07677228009259252 0.06011284722222221
2 0.8371166087962963 0.33251591435185185 0.06723090277777777 0.0473524305555556
2 0.3330439814814815 0.31510416666666663 0.06510416666666674 0.04440827546296289
2 0.48709490740740746 0.35337094907407407 0.06820746527777777 0.047359664351851904
2 0.2296657986111111 0.6582392939814814 0.12894965277777776 0.10052083333333339
2 0.4150101273148148 0.33329716435185186 0.07309027777777777 0.047395833333333304
2 0.5796874999999999 0.3735966435185185 0.07550636574074066 0.05522280092592591
2 0.402857349537037 0.4064814814814815 0.07929687500000004 0.053298611111111116
2 0.1484519675925926 0.495457175925926 0.10797164351851851 0.07596209490740735
2 0.15988136574074074 0.6323206018518519 0.12533275462962962 0.10537471064814818
2 0.8810185185185185 0.3006004050925926 0.05895543981481488 0.039482060185185186
2 0.8621166087962964 0.43821614583333335 0.07987557870370354 0.06306423611111112
2 0.7388527199074074 0.27609953703703705 0.05700231481481488 0.03946759259259258
2 0.515625 0.7951822916666667 0.14049479166666679 0.09767795138888902
2 0.8328269675925926 0.2894965277777778 0.06320891203703694 0.045370370370370394
2 0.29932725694444445 0.3070384837962963 0.06303530092592591 0.04244068287037028
2 0.664699074074074 0.25796440972222223 0.050506365740740744 0.02868200231481477
2 0.2767795138888889 0.37428385416666665 0.0830295138888889 0.050397858796296324
2 0.8179759837962963 0.22685908564814816 0.04568142361111116 0.02962239583333337
2 0.40401475694444444 0.2550564236111111 0.061537905092592604 0.03364438657407409
2 0.7008101851851851 0.3080584490740741 0.06200086805555571 0.04145688657407409
2 0.5532045717592593 0.24346064814814813 0.04568142361111116 0.029622395833333315
3 0.6176287615740741 0.7060546875 0.08148148148148149 0.05721932870370372
2 0.8588179976851852 0.2300925925925926 0.04890046296296302 0.03452690972222222
2 0.7051359953703704 0.2680338541666667 0.04257812499999991 0.026671006944444464
2 0.4535445601851852 0.22709056712962963 0.05653935185185188 0.03165509259259258
2 0.6141927083333334 0.2859230324074074 0.060279224537036935 0.04534866898148149
2 0.6426070601851852 0.20211226851851852 0.04890046296296302 0.03452690972222222
2 0.6804615162037038 0.20630063657407408 0.04275173611111116 0.029600694444444464
2 0.25601851851851853 0.29597077546296297 0.07584635416666663 0.04448784722222221
2 0.5843967013888889 0.24466869212962963 0.05056423611111116 0.029658564814814825
2 0.06954571759259259 0.5740089699074074 0.11158854166666665 0.07110821759259256
3 0.5511574074074074 0.4593605324074074 0.042404513888888884 0.023741319444444464
2 0.09693287037037038 0.4745587384259259 0.08705150462962963 0.05237991898148153
2 0.903566261574074 0.23335503472222222 0.05096932870370363 0.036494502314814825
2 0.03973343460648148 0.4408347800925926 0.07946686921296296 0.05346498842592595
2 0.631155960648148 0.24696903935185185 0.04843749999999991 0.02671440972222222
2 0.5337167245370371 0.27555700231481484 0.05223524305555571 0.04138454861111107
2 0.5874059606481481 0.19388744212962963 0.04677372685185199 0.03158275462962962
2 0.4663411458333333 0.2584490740740741 0.04918981481481488 0.039409722222222165
3 0.2803096064814815 0.7103949652777777 0.0780888310185186 0.0493851273148147
2 0.5 0.2674913194444445 0.05194589120370363 0.03650173611111107
2 0.8913990162037038 0.33975694444444443 0.06234809027777777 0.04731626157407409
2 0.783912037037037 0.22465277777777776 0.04275173611111116 0.029600694444444464
2 0.20208333333333334 0.2828703703703704 0.06010561342592591 0.04241898148148149
3 0.6068142361111111 0.47638165509259256 0.045623553240740744 0.02864583333333326
2 0.03723234953703704 0.2455005787037037 0.049074074074074076 0.03745659722222222
2 0.14328703703703705 0.21990740740740738 0.045449942129629606 0.02571614583333337
2 0.6595124421296297 0.2960286458333333 0.05504918981481488 0.03945312499999998
2 0.5745008680555556 0.2797670717592593 0.054419849537036935 0.045305266203703676
2 0.23640046296296297 0.3632378472222222 0.06998697916666663 0.04444444444444451
2 0.014482060185185185 0.25504195601851853 0.02896412037037037 0.03742766203703707
2 0.19584780092592594 0.3551215277777778 0.06297743055555555 0.041464120370370394
2 0.9505063657407407 0.3480107060185185 0.055396412037036935 0.04531249999999998
2 0.5177083333333333 0.23245081018518518 0.05165653935185177 0.03161892361111113
2 0.3685980902777778 0.32513744212962964 0.05682870370370363 0.03653790509259258
2 0.058506944444444445 0.4635271990740741 0.10319733796296296 0.061284722222222254
2 0.07664207175925926 0.23993055555555556 0.048726851851851855 0.03159722222222222
2 0.6066116898148148 0.8095341435185186 0.1445023148148148 0.06647135416666661
2 0.1597800925925926 0.3372685185185185 0.07832031249999999 0.053291377314814814
3 0.4579716435185185 0.35022424768518523 0.03246527777777786 0.020739293981481444
2 0.7172815393518519 0.21145833333333333 0.0508535879629628 0.034541377314814825
2 0.10262586805555556 0.32902922453703703 0.07515914351851852 0.04936342592592591
2 0.31245659722222224 0.23386140046296294 0.046889467592592604 0.03353587962962967
2 0.021079282407407408 0.2970920138888889 0.042158564814814815 0.03949652777777779
2 0.2728804976851852 0.2257523148148148 0.05975839120370374 0.03655960648148149
3 0.7871961805555556 0.3341001157407407 0.03539496527777786 0.02076099537037046
2 0.5466796875 0.1887008101851852 0.04372829861111116 0.029607928240740766
3 0.7418764467592592 0.32399450231481486 0.032349537037037024 0.018786168981481444
3 0.43256655092592594 0.7789351851851851 0.07659866898148149 0.05718315972222232
2 0.11450376157407408 0.22751012731481482 0.051540798611111105 0.029665798611111127
2 0.026772280092592596 0.5530454282407408 0.05354456018518519 0.07874710648148153
2 0.33383969907407407 0.20275607638888887 0.050332754629629606 0.02575231481481477
2 0.3348596643518519 0.23500434027777778 0.04907407407407405 0.037456597222222165
2 0.3625 0.21371527777777777 0.043496817129629606 0.025701678240740766
2 0.05747974537037037 0.3159939236111111 0.06809172453703705 0.045406539351851904
3 0.18273292824074072 0.5269748263888889 0.05458622685185188 0.03164062500000009
2 0.4166087962962963 0.22388599537037035 0.042404513888888884 0.023741319444444464
2 0.9719184027777779 0.25047019675925924 0.02810329861111116 0.029492187500000044
2 0.015480324074074075 0.4191550925925926 0.03096064814814815 0.03749999999999998
2 0.942086226851852 0.5560474537037037 0.05414496527777768 0.07361111111111107
2 0.46608796296296295 0.18028790509259257 0.034418402777777746 0.020753761574074048
2 0.1806857638888889 0.21529947916666667 0.04286747685185188 0.031553819444444464
2 0.48739872685185187 0.1833767361111111 0.03252314814814816 0.021715856481481444
3 0.3129050925925926 0.3911603009259259 0.032638888888888884 0.023668981481481444
3 0.34211516203703707 0.5906828703703704 0.05682870370370363 0.03653790509259269
2 0.43288483796296295 0.18004195601851852 0.044871238425926 0.01595052083333337
3 0.7466869212962963 0.2263310185185185 0.02126012731481497 0.012847222222222232
2 0.17324942129629628 0.2748408564814815 0.07797309027777777 0.047432002314814814
2 0.514453125 0.1884620949074074 0.034707754629629495 0.025636574074074048
2 0.2465277777777778 0.19233940972222224 0.04550781250000002 0.02669270833333337
3 0.9436559606481482 0.24928385416666665 0.024247685185185164 0.013845486111111138
3 0.4299189814814815 0.2630642361111111 0.03574218750000002 0.02662037037037035