2 0.392578125 0.5361328125 0.0703125 0.044921875
2 0.0888671875 0.537109375 0.0908203125 0.046875
3 0.4814453125 0.591796875 0.0419921875 0.0234375
3 0.6923828125 0.5751953125 0.0390625 0.0234375
3 0.5126953125 0.560546875 0.0390625 0.0185546875
3 0.4765625 0.5029296875 0.0341796875 0.015625
3 0.416015625 0.5888671875 0.041015625 0.0205078125
3 0.7421875 0.619140625 0.0546875 0.033203125
3 0.302734375 0.5751953125 0.0390625 0.0205078125
2 0.765625 0.513671875 0.044921875 0.041015625
3 0.5654296875 0.513671875 0.0341796875 0.015625
3 0.5439453125 0.603515625 0.0439453125 0.0205078125
2 0.1611328125 0.435546875 0.060546875 0.0341796875
3 0.8125 0.5888671875 0.046875 0.0263671875
3 0.810546875 0.626953125 0.0576171875 0.03125
3 0.673828125 0.6142578125 0.0517578125 0.0283203125
3 0.361328125 0.5810546875 0.0419921875 0.0263671875
3 0.5185546875 0.5107421875 0.03125 0.0107421875
2 0.4326171875 0.4580078125 0.0419921875 0.025390625
3 0.427734375 0.5 0.03125 0.015625
3 0.603515625 0.607421875 0.056640625 0.0283203125
3 0.4560546875 0.556640625 0.0341796875 0.015625
3 0.390625 0.4970703125 0.033203125 0.015625
3 0.2451171875 0.5703125 0.0419921875 0.0185546875
3 0.193359375 0.564453125 0.0390625 0.0185546875
3 0.814453125 0.5341796875 0.041015625 0.0185546875
3 0.6123046875 0.517578125 0.03125 0.0126953125
3 0.8779296875 0.5966796875 0.046875 0.025390625
3 0.6328125 0.568359375 0.0419921875 0.0205078125
3 0.568359375 0.564453125 0.0390625 0.0185546875
3 0.7080078125 0.525390625 0.041015625 0.0185546875
3 0.884765625 0.638671875 0.0517578125 0.037109375
3 0.5205078125 0.4716796875 0.0283203125 0.0126953125
3 0.345703125 0.494140625 0.03125 0.013671875
3 0.5595703125 0.4736328125 0.03125 0.0126953125
3 0.748046875 0.5830078125 0.044921875 0.0263671875
3 0.662109375 0.5205078125 0.033203125 0.0185546875
3 0.869140625 0.5361328125 0.044921875 0.021484375
3 0.1455078125 0.556640625 0.0419921875 0.021484375
3 0.4794921875 0.46875 0.029296875 0.013671875
3 0.3046875 0.541015625 0.0361328125 0.013671875
3 0.205078125 0.5283203125 0.0419921875 0.0205078125
3 0.25 0.5341796875 0.037109375 0.0126953125
3 0.271484375 0.486328125 0.0390625 0.015625
3 0.2294921875 0.484375 0.03125 0.0126953125
3 0.0830078125 0.470703125 0.03125 0.0107421875
3 0.8544921875 0.4921875 0.0341796875 0.017578125
3 0.6357421875 0.478515625 0.0283203125 0.015625
3 0.6826171875 0.4814453125 0.0341796875 0.013671875
3 0.1904296875 0.4814453125 0.0263671875 0.009765625
3 0.041015625 0.546875 0.0263671875 0.013671875
3 0.162109375 0.525390625 0.041015625 0.017578125
3 0.810546875 0.4892578125 0.0390625 0.025390625
3 0.767578125 0.486328125 0.0361328125 0.0283203125
3 0.7265625 0.482421875 0.037109375 0.0263671875
3 0.6982421875 0.4501953125 0.0439453125 0.0283203125
3 0.662109375 0.447265625 0.03125 0.0205078125
3 0.7109375 0.3984375 0.0341796875 0.013671875
3 0.4609375 0.435546875 0.0283203125 0.0126953125
3 0.1533203125 0.474609375 0.0341796875 0.0205078125
3 0.0263671875 0.529296875 0.03125 0.0234375
3 0.068359375 0.513671875 0.0390625 0.0263671875