2 0.04903971354166667 0.6610243055555556 0.09807942708333334 0.0825014467592593
2 0.38191550925925927 0.528103298611111 0.11174768518518519 0.08817997685185186
2 0.0597728587962963 0.5149377893518519 0.1085865162037037 0.08015046296296302
2 0.5521484375 0.4063585069444444 0.08503327546296302 0.07450810185185186
2 0.5966579861111111 0.1867404513888889 0.08439670138888888 0.05302372685185186
2 0.054103370949074074 0.5858289930555556 0.10820674189814815 0.08951822916666652
2 0.3805338541666667 0.41030092592592593 0.0956886574074074 0.07237413194444442
2 0.07787905092592592 0.33138020833333337 0.10054253472222224 0.0717592592592593
2 0.26885127314814816 0.726490162037037 0.1308810763888889 0.10908564814814836
2 0.5181278935185185 0.20619936342592593 0.08169849537037033 0.060619212962962965
2 0.9107783564814815 0.37199797453703703 0.11642795138888884 0.08170572916666663
2 0.2676938657407407 0.5024594907407407 0.09574652777777781 0.07432725694444442
2 0.2757233796296296 0.4287832754629629 0.1064308449074074 0.07316984953703698
2 0.7544487847222222 0.22182436342592593 0.07178819444444451 0.05501302083333337
2 0.6549985532407407 0.42115162037037035 0.09284577546296302 0.07508680555555558
2 0.08705150462962963 0.28490306712962965 0.09551504629629631 0.06651475694444442
2 0.3624059606481481 0.2986111111111111 0.09267216435185177 0.06922743055555558
2 0.5480830439814814 0.3462456597222222 0.07989004629629637 0.06535734953703698
2 0.8597583912037037 0.28515625 0.0952835648148147 0.05870225694444442
2 0.6391565393518519 0.3638599537037037 0.10131655092592595 0.06499565972222232
2 0.9331958912037037 0.43757233796296297 0.08569155092592595 0.06383825231481477
2 0.3849681712962963 0.35930266203703703 0.09066116898148147 0.06712962962962965
2 0.7097583912037038 0.6119791666666667 0.1166594328703705 0.08951822916666652
2 0.5145471643518518 0.16261574074074073 0.07934027777777786 0.046802662037037035
2 0.260083912037037 0.23310908564814814 0.08956886574074074 0.06315104166666663
2 0.7400390625 0.18196614583333331 0.06374421296296306 0.04662181712962965
2 0.8493489583333333 0.47204137731481477 0.08819444444444446 0.0825376157407407
2 0.6096064814814814 0.736328125 0.10215567129629632 0.09331597222222232
2 0.2660373263888889 0.3281611689814815 0.09830005787037033 0.06184895833333326
2 0.27240306712962964 0.6395037615740741 0.12476128472222225 0.09986255787037046
2 0.26943721064814813 0.2791883680555556 0.08747106481481481 0.0581235532407407
2 0.9702690972222222 0.2058376736111111 0.0444155092592593 0.05201099537037035
2 0.10202546296296296 0.23994502314814814 0.08569155092592592 0.06383825231481488
2 0.39029947916666663 0.6726707175925926 0.11404803240740735 0.10004340277777768
2 0.9261935763888889 0.673900462962963 0.08072916666666674 0.0936776620370372
2 0.7154875578703703 0.681712962962963 0.12502170138888902 0.10865162037037024
2 0.2748625578703704 0.5564959490740741 0.10884693287037028 0.08893952546296302
2 0.39341724537037037 0.6003327546296297 0.1089048032407407 0.09089265046296302
2 0.9043836805555556 0.587818287037037 0.08253761574074092 0.0889395254629628
2 0.7884476273148149 0.1267361111111111 0.06357060185185182 0.04076244212962965
2 0.9567491319444444 0.16883680555555555 0.06681857638888888 0.051721643518518545
3 0.07186053240740742 0.40295862268518523 0.053002025462962954 0.04582609953703698
2 0.030882884837962962 0.7137586805555556 0.061765769675925924 0.10463686342592604
2 0.829152199074074 0.2328559027777778 0.04981192129629619 0.03682002314814814
2 0.018410011574074073 0.30790653935185186 0.03682002314814815 0.07559317129629628
2 0.9458984375 0.5350477430555556 0.07136863425925921 0.10662615740740744
3 0.2750144675925926 0.3869357638888889 0.06673177083333326 0.04879195601851849
3 0.6044704861111111 0.5808015046296297 0.06170428240740744 0.04354745370370372
3 0.5385850694444444 0.30504918981481477 0.04478443287037037 0.03157552083333326
2 0.017321325231481482 0.4093967013888889 0.034642650462962964 0.06582754629629628
3 0.3887297453703704 0.7585358796296297 0.06090133101851847 0.0493344907407407
3 0.5301793981481482 0.2598741319444444 0.049927662037037024 0.04072627314814814
3 0.6664713541666667 0.4943576388888889 0.04809027777777786 0.04448784722222221
2 0.012160011574074075 0.4595630787037037 0.02432002314814815 0.06134259259259256
3 0.9106336805555555 0.11378761574074073 0.04481336805555536 0.032552083333333315
3 0.8354890046296296 0.4136284722222222 0.052857349537037024 0.04094328703703698
3 0.8056857638888888 0.36711516203703703 0.04590567129629619 0.03653067129629628
2 0.010143590856481482 0.5162760416666666 0.020287181712962964 0.06698495370370372
2 0.7244936342592592 0.7395109953703705 0.1059172453703705 0.08872251157407396
2 0.5788049768518518 0.13154658564814814 0.050325520833333304 0.021267361111111105
3 0.36986400462962965 0.47442853009259256 0.06658709490740744 0.0439091435185186
3 0.7713831018518518 0.27513744212962965 0.0459346064814814 0.03750723379629628
3 0.3320818865740741 0.7958622685185186 0.07106481481481475 0.03059895833333348
3 0.9311631944444445 0.14442274305555552 0.03493200231481497 0.02792245370370372
3 0.790502025462963 0.3204933449074074 0.04774305555555558 0.03276909722222221
3 0.8727141203703703 0.5385199652777778 0.05305989583333348 0.04777922453703698
3 0.672779224537037 0.5445601851851851 0.04590567129629619 0.03653067129629628
3 0.5660951967592593 0.46184172453703703 0.0640335648148147 0.05638744212962965
3 0.0661892361111111 0.46281828703703703 0.055844907407407385 0.04311342592592593
3 0.581908275462963 0.5201099537037037 0.05779803240740744 0.04325810185185186
3 0.3521412037037037 0.21752025462962962 0.03389756944444444 0.025896990740740755
2 0.27486979166666664 0.523365162037037 0.1142795138888889 0.10785590277777768
3 0.6039713541666667 0.2358940972222222 0.04004629629629619 0.03609664351851849
3 0.8555555555555556 0.32834201388888884 0.03389756944444455 0.0258969907407407
2 0.715552662037037 0.12044270833333333 0.06775896990740748 0.017686631944444448
2 0.9778139467592593 0.24717881944444445 0.0268373842592593 0.050708912037037035
3 0.6056857638888888 0.27669270833333337 0.03404224537037037 0.0307798032407407
3 0.6168619791666667 0.6558883101851851 0.06234085648148158 0.06503182870370372
3 0.806640625 0.2033420138888889 0.03794849537037037 0.03106915509259256
3 0.8036603009259259 0.17238136574074076 0.035279224537037024 0.03964120370370372
3 0.723386863425926 0.15201822916666666 0.05291521990740744 0.042896412037037035
3 0.6198929398148147 0.32338686342592593 0.035423900462963065 0.04452401620370372
3 0.35285011574074077 0.2593677662037037 0.042918113425926 0.03436053240740744