2 0.9283854166666667 0.43203125 0.09680989583333321 0.07995515046296298
2 0.40696614583333335 0.38655237268518516 0.09238281249999991 0.057342303240740744
2 0.8819661458333334 0.2943070023148148 0.09654947916666679 0.046853298611111094
2 0.6532552083333334 0.273828125 0.09850260416666679 0.04695457175925921
2 0.9167317708333333 0.2719256365740741 0.08417968750000004 0.05107783564814805
2 0.8869140625 0.16273871527777778 0.0693359375 0.032790798611111116
2 0.41523437500000004 0.3047887731481481 0.08613281250000004 0.05117910879629628
2 0.9654134114583333 0.37861689814814814 0.06917317708333348 0.06402633101851851
3 0.5979166666666667 0.7813657407407408 0.10149739583333339 0.07727864583333321
2 0.9586100260416667 0.24503038194444443 0.08277994791666665 0.043670428240740744
2 0.9743489583333333 0.11588541666666666 0.051302083333333304 0.028327546296296302
2 0.2856770833333333 0.2576099537037037 0.07584635416666674 0.04286024305555558
3 0.8616536458333333 0.18070746527777776 0.03802083333333339 0.015596064814814792
3 0.3569661458333333 0.4156032986111111 0.06673177083333326 0.037521701388888884
3 0.7348958333333333 0.6458912037037037 0.07148437500000004 0.05041956018518512
3 0.85 0.3145833333333333 0.06126302083333335 0.028479456018518534
3 0.8270182291666667 0.5578197337962962 0.08919270833333326 0.05328414351851851
3 0.8892578124999999 0.49187644675925923 0.07070312500000009 0.053298611111111116
3 0.20468749999999997 0.7919560185185185 0.13072916666666667 0.09241898148148153
3 0.44368489583333337 0.6139539930555555 0.08177083333333335 0.05873842592592604
3 0.5153645833333333 0.58671875 0.08977864583333339 0.06207320601851851
3 0.5376953125 0.5395037615740741 0.08906250000000004 0.05133101851851851
3 0.5689453125 0.4937861689814815 0.0625 0.047034143518518534
3 0.6494140625 0.48079427083333337 0.07291666666666674 0.04270833333333335
3 0.6696614583333333 0.44642650462962963 0.05852864583333339 0.0312572337962963
3 0.694140625 0.41673900462962965 0.05078125 0.03182870370370372
3 0.4666666666666667 0.38541666666666663 0.05104166666666665 0.03573495370370372
3 0.4912109375 0.35670572916666665 0.05481770833333344 0.033984374999999956
3 0.5402994791666667 0.34338107638888893 0.048958333333333215 0.03368055555555549
3 0.5670572916666667 0.3184751157407407 0.04667968750000018 0.028696469907407485
3 0.6052734375 0.3037543402777778 0.05039062499999991 0.02596932870370372
2 0.8143229166666667 0.19100115740740742 0.0679036458333333 0.040502025462963
2 0.38470052083333334 0.6405309606481482 0.18593749999999998 0.14686053240740726
2 0.3098958333333333 0.694386574074074 0.205078125 0.1274160879629629
2 0.8195963541666667 0.34359809027777777 0.11901041666666679 0.06261574074074072
2 0.6620442708333334 0.14108072916666664 0.06471354166666687 0.036443865740740766
3 0.4178385416666667 0.22625868055555556 0.05084635416666661 0.01820746527777778
3 0.4513020833333333 0.21374421296296298 0.05039062500000002 0.02596932870370372
3 0.4887369791666667 0.20200376157407407 0.03834635416666665 0.020478877314814792
3 0.5251302083333333 0.18933738425925925 0.04335937500000009 0.022685185185185197
3 0.5637369791666667 0.1804759837962963 0.038541666666666696 0.023408564814814792
3 0.7175130208333333 0.25285734953703703 0.04876302083333339 0.030750868055555602
3 0.7542317708333334 0.23037471064814816 0.04075520833333335 0.027416087962962965
3 0.9327473958333333 0.14468315972222223 0.04225260416666665 0.020681423611111138
3 0.9572916666666667 0.13067129629629629 0.04498697916666661 0.017903645833333315