2 0.5608434606481482 0.20696614583333334 0.1699652777777778 0.14270109953703702
2 0.6723885995370371 0.30617766203703706 0.12277922453703694 0.09932002314814814
2 0.8544777199074074 0.635669849537037 0.09608651620370368 0.054593460648148184
2 0.37351707175925924 0.5845052083333333 0.09710648148148149 0.06048177083333339
2 0.5030454282407408 0.6285083912037037 0.08626302083333348 0.046491608796296324
2 0.3885416666666667 0.6650969328703704 0.07650462962962967 0.047178819444444464
2 0.8953414351851852 0.6549623842592592 0.08431712962962967 0.04741030092592591
2 0.6072482638888889 0.6644748263888889 0.08334056712962967 0.0473813657407407
2 0.8945601851851852 0.49681712962962965 0.0971860532407407 0.07122395833333339
2 0.26317274305555555 0.7186053240740741 0.06472800925925926 0.03901909722222219
2 0.41927083333333337 0.6026765046296296 0.08436776620370368 0.05424623842592591
2 0.544921875 0.6428891782407408 0.07546296296296306 0.038360821759259256
2 0.6918836805555556 0.7059027777777778 0.07058738425925926 0.039192708333333215
2 0.9488642939814815 0.5469545717592592 0.08829571759259247 0.05729166666666652
2 0.6679253472222222 0.5132957175925925 0.10695167824074092 0.07151331018518503
2 0.8137514467592593 0.5978226273148148 0.1205367476851853 0.060199652777777724
2 0.8266276041666667 0.4412254050925926 0.10014467592592591 0.0752170138888889
3 0.32591145833333335 0.5527199074074074 0.06567563657407405 0.035141782407407396
2 0.9381293402777777 0.6781032986111111 0.08919994212962967 0.04755497685185173
3 0.46709346064814816 0.6051649305555555 0.04415509259259265 0.02962239583333348
2 0.7464192708333333 0.7247902199074074 0.06759259259259265 0.030316840277777812
2 0.9470269097222221 0.7950014467592592 0.05978009259259265 0.03008535879629637
2 0.8457609953703704 0.7579716435185185 0.06467013888888884 0.031206597222222188
2 0.9606264467592592 0.8043619791666667 0.06273148148148144 0.03310185185185199
2 0.737890625 0.5580873842592593 0.09215856481481488 0.05154803240740735
3 0.7734013310185186 0.3773871527777778 0.07845052083333348 0.04626012731481488
3 0.4115017361111111 0.3334346064814815 0.08344907407407409 0.0620298032407407
3 0.46784577546296297 0.37179542824074074 0.06770833333333337 0.04594184027777781
3 0.4948784722222222 0.4129774305555556 0.06877893518518519 0.05866608796296302
3 0.6075810185185184 0.4877459490740741 0.06281105324074066 0.04384403935185177
2 0.5717086226851852 0.4536603009259259 0.13043981481481493 0.07904369212962958
3 0.7367476851851852 0.7123842592592593 0.04215133101851842 0.022728587962963065
3 0.43433883101851856 0.6774088541666666 0.047106481481481444 0.032638888888888884
3 0.4732855902777778 0.6918764467592593 0.03632089120370374 0.026461226851851816
3 0.5073857060185185 0.7016059027777778 0.03142361111111103 0.024363425925925997
3 0.5444082754629629 0.7122251157407407 0.03142361111111125 0.024363425925925775
3 0.5755135995370371 0.7308304398148149 0.04419849537037024 0.03548177083333348
3 0.6174479166666667 0.7373987268518518 0.04126880787037024 0.03539496527777786
3 0.6613208912037036 0.7458622685185186 0.03632812499999982 0.027437789351851816
3 0.1253761574074074 0.20912905092592593 0.10996817129629632 0.08331886574074077
2 0.2575882523148148 0.2862485532407407 0.1787543402777778 0.14296151620370368
2 0.3305338541666667 0.3241174768518519 0.15510706018518516 0.11394675925925934