2 0.13055555555555556 0.5161168981481481 0.09431423611111112 0.07209201388888875
2 0.40015914351851856 0.6734953703703703 0.09382233796296302 0.043822337962962976
2 0.0824074074074074 0.56953125 0.08892505787037036 0.06207320601851851
2 0.24576822916666666 0.6041449652777777 0.1140118634259259 0.057530381944444375
3 0.5640986689814815 0.3604673032407407 0.07243923611111125 0.04466145833333335
2 0.06400462962962963 0.8378038194444444 0.03724681712962963 0.023357928240740566
2 0.7741030092592592 0.6903356481481482 0.07999855324074079 0.04018373842592604
3 0.4650535300925926 0.16878616898148147 0.09406105324074077 0.06720920138888886
2 0.7912905092592593 0.26643518518518516 0.12174479166666674 0.09396701388888884
3 0.3261791087962963 0.3042607060185185 0.06956018518518514 0.045486111111111116
3 0.8586082175925926 0.1483796296296296 0.12179542824074074 0.0949435763888889
3 0.23169849537037035 0.389453125 0.07592592592592595 0.05555555555555558
3 0.16956018518518517 0.45632233796296295 0.0668836805555556 0.050217013888888884
3 0.6088975694444445 0.3179976851851852 0.07484809027777795 0.053551793981481466
3 0.5243851273148148 0.4065899884259259 0.07762586805555571 0.0507740162037037
3 0.49921875 0.44999999999999996 0.05681423611111114 0.043851273148148184
3 0.42894241898148144 0.4732277199074074 0.06159577546296302 0.042151331018518534
3 0.38415798611111107 0.4970920138888889 0.056409143518518556 0.036038773148148184
3 0.29430700231481477 0.5771484375 0.05630787037037033 0.034085648148148184
3 0.6710865162037036 0.5164858217592593 0.06997974537037033 0.03479456018518512
3 0.6471643518518518 0.5461226851851853 0.06257233796296302 0.04220196759259265
3 0.6093171296296296 0.5715856481481482 0.0547598379629628 0.041796874999999956
3 0.564699074074074 0.5797743055555555 0.043460648148148096 0.030497685185185253
3 0.5218171296296297 0.6025607638888888 0.04628906250000009 0.028696469907407263
3 0.49723668981481484 0.6195023148148149 0.05307436342592586 0.028074363425925952
3 0.46649305555555554 0.6308883101851852 0.040024594907407396 0.0205801504629628
3 0.6420066550925926 0.635496238425926 0.03872974537037033 0.03317418981481479
3 0.6537181712962963 0.7102864583333333 0.04485677083333339 0.01985677083333348
3 0.624826388888889 0.7196180555555556 0.030360243055555625 0.02202690972222232
3 0.5972149884259259 0.7347583912037037 0.027582465277777857 0.02480468750000009
3 0.5503761574074074 0.7567708333333333 0.02214265046296293 0.013809317129629628
3 0.5154224537037038 0.7625 0.026200810185185386 0.016941550925925863
2 0.24467592592592594 0.7530381944444444 0.07218605324074073 0.03977864583333335
3 0.2622685185185185 0.733521412037037 0.05620659722222221 0.032132523148148184
3 0.2909071180555556 0.7193070023148148 0.05307436342592586 0.028074363425925952
3 0.32340133101851853 0.7039134837962964 0.0663917824074074 0.021947337962962887
3 0.2013888888888889 0.7680121527777778 0.05575086805555557 0.023343460648148184
3 0.16771556712962965 0.7795500578703703 0.048090277777777746 0.02586805555555549
3 0.1334201388888889 0.797974537037037 0.05071614583333334 0.020160590277777724
3 0.09887152777777777 0.8115162037037037 0.05014467592592592 0.02792245370370372
2 0.15282118055555555 0.8322193287037036 0.056004050925925974 0.028226273148148184
2 0.3924479166666667 0.8080439814814815 0.059085648148148096 0.031307870370370416