2 0.9003472222222222 0.51484375 0.09131944444444429 0.06805555555555554
2 0.640870949074074 0.687673611111111 0.09208622685185186 0.03974247685185173
2 0.9515046296296297 0.5652488425925926 0.08636429398148149 0.05825376157407414
2 0.7906901041666666 0.6094111689814815 0.11171151620370368 0.05258246527777777
3 0.45893373842592594 0.3852936921296296 0.07061631944444446 0.041536458333333304
2 0.9837800202546296 0.8316116898148148 0.032439959490740744 0.021752025462963065
2 0.26906828703703706 0.7265625 0.07839265046296295 0.03671151620370372
3 0.5463469328703703 0.18834635416666667 0.09128327546296289 0.06317274305555554
2 0.22688078703703704 0.30497685185185186 0.11783854166666669 0.08875868055555558
3 0.6928023726851852 0.31519820601851856 0.06769386574074066 0.04249131944444451
3 0.15279224537037037 0.19126157407407407 0.11784577546296299 0.08973524305555558
3 0.7920283564814815 0.3945457175925926 0.07362557870370368 0.05230034722222221
3 0.8579282407407407 0.4575376157407407 0.06480034722222205 0.04735243055555549
3 0.4117621527777778 0.3456018518518519 0.07263454861111107 0.05033998842592591
3 0.5012514467592593 0.4289279513888889 0.07554253472222228 0.047432002314814814
3 0.52890625 0.4707175925925926 0.054991319444444464 0.04142071759259258
3 0.600339988425926 0.489720775462963 0.05985966435185186 0.03950376157407409
3 0.6463975694444444 0.510865162037037 0.05493344907407405 0.03360821759259269
3 0.7407045717592593 0.5853660300925927 0.054918981481481666 0.03165509259259247
3 0.36149450231481484 0.5471571180555556 0.06859085648148144 0.0317563657407407
3 0.38709490740740743 0.5752893518518518 0.06083622685185186 0.039510995370370505
3 0.4263310185185185 0.5984375 0.05302372685185186 0.03945312500000009
3 0.4712962962962963 0.6039641203703703 0.04220196759259265 0.028631365740740655
3 0.5153935185185186 0.624146412037037 0.04511718749999982 0.026699942129629672
3 0.5408998842592592 0.6395833333333334 0.05194589120370363 0.025774016203703898
3 0.5722222222222222 0.6491174768518518 0.03919994212962963 0.01884403935185186
3 0.3975188078703704 0.6640842013888889 0.037340856481481444 0.031524884259259256
3 0.3902633101851852 0.7393373842592592 0.044075520833333326 0.01790364583333348
3 0.41961805555555554 0.7469328703703704 0.029448784722222232 0.02072482638888884
3 0.4480396412037037 0.7603949652777777 0.026540798611111138 0.023632812499999822
3 0.49603587962962964 0.7795717592592593 0.021578414351851927 0.012854456018518423
3 0.5312210648148148 0.7832175925925926 0.025506365740740833 0.01581307870370363
2 0.8005787037037038 0.7577835648148148 0.07058015046296306 0.036653645833333304
3 0.7818865740740741 0.7393663194444444 0.05490451388888884 0.02970196759259247
3 0.7524956597222222 0.7268880208333334 0.05194589120370363 0.025774016203703676
3 0.7191912615740741 0.7134620949074074 0.06556712962962963 0.019039351851851904
3 0.8446180555555556 0.7701533564814815 0.05483940972222223 0.02091290509259247
3 0.8788700810185186 0.7796657986111111 0.04704861111111125 0.023784722222222054
3 0.9141493055555556 0.7960069444444444 0.049934895833333215 0.01794704861111107
3 0.949392361111111 0.8074652777777778 0.04901620370370363 0.02575231481481488
2 0.8968315972222223 0.8312934027777779 0.05487557870370363 0.02579571759259247
2 0.6565104166666667 0.8213541666666667 0.05782696759259265 0.028747106481481488