2 0.8617187500000001 0.548046875 0.09563802083333339 0.07495659722222214
2 0.7430338541666667 0.7871961805555555 0.07838541666666665 0.035460069444444464
2 0.9100911458333334 0.6003616898148149 0.09759114583333339 0.06039496527777777
2 0.21998697916666665 0.7364728009259258 0.07239583333333333 0.033333333333333215
2 0.9225911458333333 0.8678602430555555 0.04075520833333335 0.02654803240740744
2 0.7451822916666666 0.6375506365740741 0.1147786458333333 0.05505642361111107
2 0.7378255208333333 0.8799985532407407 0.03750000000000009 0.021578414351851816
3 0.4301432291666667 0.40218460648148147 0.0776692708333333 0.039337384259259256
3 0.5369140625 0.20964988425925923 0.09511718750000009 0.06714409722222225
2 0.8296223958333333 0.868041087962963 0.04843749999999991 0.024826388888888884
3 0.6682291666666667 0.33878761574074073 0.07552083333333326 0.05096932870370374
2 0.20625 0.311400462962963 0.12929687499999998 0.09739583333333335
3 0.04251302083333333 0.5071397569444445 0.07447916666666665 0.06458333333333321
3 0.7597005208333334 0.41977719907407407 0.08990885416666661 0.062116608796296324
3 0.81484375 0.4879484953703704 0.07499999999999996 0.04315682870370374
3 0.15143229166666666 0.1943142361111111 0.12376302083333335 0.10210503472222221
3 0.30501302083333337 0.5618851273148148 0.06842447916666661 0.046860532407407396
3 0.3465494791666667 0.5846426504629629 0.049674479166666674 0.043381076388888884
3 0.38483072916666666 0.6121961805555556 0.04908854166666665 0.034592013888888884
3 0.42311197916666665 0.625072337962963 0.0458984375 0.03059895833333348
3 0.45833333333333337 0.6398148148148148 0.040494791666666696 0.02264178240740744
3 0.488671875 0.6544126157407407 0.041015625 0.03045428240740744
3 0.3465494791666667 0.6727068865740741 0.026432291666666607 0.016377314814814747
3 0.3723958333333333 0.6813006365740741 0.025000000000000022 0.024131944444444553
3 0.3940104166666667 0.6946614583333333 0.022656250000000044 0.018214699074074137
3 0.41184895833333335 0.7059534143518518 0.016666666666666607 0.016087962962962887
3 0.4327473958333333 0.7153790509259259 0.024609375000000044 0.018272569444444553
3 0.3154296875 0.7578920717592592 0.029231770833333393 0.014510995370370372
3 0.3560546875 0.7649667245370371 0.022721354166666652 0.019191261574074137
3 0.38385416666666666 0.7736183449074074 0.029752604166666696 0.022323495370370372
3 0.42304687500000004 0.7875000000000001 0.024479166666666607 0.016319444444444553
3 0.47682291666666665 0.4505353009259259 0.0659505208333333 0.05360966435185188
3 0.3800130208333333 0.36155960648148144 0.08756510416666674 0.0708188657407407
3 0.5044921875 0.49049479166666665 0.04908854166666665 0.034592013888888884
3 0.5656901041666667 0.5118778935185185 0.06451822916666661 0.061364293981481355
3 0.6275390625 0.5381727430555556 0.051302083333333304 0.03855613425925908
2 0.3078125 0.3437644675925926 0.15208333333333335 0.13218315972222228