2 0.103515625 0.478515625 0.0908203125 0.0703125
2 0.2060546875 0.236328125 0.076171875 0.033203125
2 0.0517578125 0.427734375 0.09375 0.0576171875
2 0.7314453125 0.271484375 0.0703125 0.033203125
2 0.021484375 0.1611328125 0.037109375 0.0234375
2 0.2138671875 0.3857421875 0.109375 0.048828125
2 0.205078125 0.1435546875 0.0341796875 0.0185546875
3 0.5439453125 0.611328125 0.076171875 0.0419921875
3 0.4501953125 0.806640625 0.091796875 0.0673828125
2 0.1142578125 0.158203125 0.046875 0.021484375
3 0.310546875 0.681640625 0.0703125 0.048828125
2 0.7734375 0.6953125 0.119140625 0.0859375
3 0.923828125 0.4951171875 0.072265625 0.064453125
3 0.2138671875 0.603515625 0.0888671875 0.0654296875
3 0.154296875 0.537109375 0.072265625 0.041015625
3 0.8359375 0.810546875 0.1220703125 0.1044921875
3 0.658203125 0.4482421875 0.064453125 0.0419921875
3 0.615234375 0.4267578125 0.048828125 0.0439453125
3 0.5751953125 0.400390625 0.046875 0.03125
3 0.5361328125 0.388671875 0.046875 0.033203125
3 0.5 0.375 0.0390625 0.021484375
3 0.46875 0.361328125 0.0390625 0.029296875
3 0.609375 0.3388671875 0.025390625 0.015625
3 0.5830078125 0.3310546875 0.0234375 0.0234375
3 0.560546875 0.318359375 0.021484375 0.017578125
3 0.5419921875 0.3076171875 0.015625 0.015625
3 0.5205078125 0.298828125 0.021484375 0.015625
3 0.634765625 0.2529296875 0.0283203125 0.015625
3 0.59375 0.2470703125 0.0234375 0.021484375
3 0.5654296875 0.2392578125 0.0283203125 0.021484375
3 0.525390625 0.2265625 0.0234375 0.017578125
3 0.494140625 0.564453125 0.0654296875 0.056640625
3 0.5966796875 0.650390625 0.078125 0.064453125
3 0.4638671875 0.525390625 0.048828125 0.033203125
3 0.4013671875 0.505859375 0.0625 0.060546875
3 0.337890625 0.4814453125 0.048828125 0.037109375
2 0.669921875 0.666015625 0.1455078125 0.1298828125