2 0.1228298611111111 0.5245515046296296 0.09342447916666669 0.07300347222222214
2 0.23433883101851855 0.769777199074074 0.07740162037037035 0.035460069444444464
2 0.07295283564814815 0.5737991898148148 0.09588396990740741 0.06039496527777777
2 0.7584273726851851 0.7501880787037036 0.07154224537037024 0.035286458333333215
2 0.0525535300925926 0.839503761574074 0.03797743055555555 0.024537037037037024
2 0.23661747685185186 0.6205946180555555 0.11118344907407407 0.052068865740740655
2 0.23679832175925924 0.8625217013888888 0.03486689814814814 0.0195674189814814
3 0.5583405671296297 0.40478877314814815 0.07772714120370372 0.044249131944444464
3 0.4573567708333333 0.20669849537037036 0.09429253472222221 0.07010271990740741
2 0.14543547453703703 0.8451822916666667 0.047670717592592615 0.022873263888888884
3 0.32233796296296297 0.3275607638888889 0.07212094907407407 0.050911458333333326
2 0.7847222222222223 0.3276041666666667 0.12232349537037024 0.08946759259259252
3 0.9425274884259259 0.5322554976851852 0.07465277777777768 0.06659432870370363
3 0.22855179398148148 0.40282118055555555 0.09129050925925924 0.06806278935185184
3 0.1714409722222222 0.46746238425925923 0.07378472222222221 0.04315682870370363
3 0.8429542824074074 0.21422164351851852 0.1259403935185186 0.10810908564814814
3 0.678638599537037 0.5712601273148148 0.06600839120370372 0.04390190972222219
3 0.6364655671296297 0.5914713541666666 0.05045572916666674 0.0453920717592593
3 0.5974030671296297 0.6166521990740741 0.04803240740740744 0.032638888888888884
3 0.5587745949074074 0.6272135416666667 0.04810474537037024 0.034592013888888884
3 0.5231481481481481 0.6398148148148148 0.03985821759259256 0.02264178240740744
3 0.49240451388888895 0.6525607638888888 0.04014756944444442 0.03045428240740744
3 0.633861400462963 0.6791883680555555 0.02596932870370372 0.01637731481481497
3 0.6077835648148149 0.6862196180555555 0.024305555555555358 0.024131944444444553
3 0.5857928240740741 0.6982494212962963 0.02213541666666674 0.018214699074074137
3 0.5676359953703703 0.7084418402777778 0.01620370370370372 0.016087962962962887
3 0.5464771412037037 0.7165943287037038 0.02206307870370372 0.016261574074074137
3 0.6624348958333334 0.7658781828703703 0.02889901620370372 0.016464120370370372
3 0.6216362847222222 0.7705222800925926 0.02423321759259256 0.022178819444444553
3 0.5936053240740741 0.7774956597222222 0.02911603009259256 0.022323495370370372
3 0.5540364583333333 0.7890046296296296 0.02408854166666652 0.018272569444444553
3 0.5102719907407407 0.4501880787037037 0.06752748842592604 0.058579282407407396
3 0.6096281828703705 0.3672887731481481 0.08051215277777768 0.06676793981481488
3 0.4814453125 0.4883535879629629 0.05005787037037046 0.0346498842592593
3 0.41966869212962965 0.5060329861111111 0.06474247685185186 0.06239872685185177
3 0.3570963541666667 0.528566261574074 0.05020254629629628 0.0385561342592593
2 0.6822916666666667 0.353833912037037 0.1503182870370372 0.13419415509259258