2 0.1869140625 0.25341435185185185 0.09110243055555556 0.07291666666666663
2 0.11345486111111111 0.25883969907407406 0.09407552083333331 0.07391493055555554
3 0.27947048611111114 0.2576099537037037 0.09609374999999998 0.05342881944444444
3 0.498046875 0.3477575231481481 0.07421875 0.04448061342592591
3 0.5801649305555556 0.34519675925925924 0.07497829861111116 0.03960503472222221
2 0.9518229166666667 0.32975260416666663 0.06868489583333348 0.0737268518518519
3 0.03194444444444444 0.26242042824074074 0.06388888888888888 0.06109664351851851
3 0.416015625 0.34836516203703705 0.08207465277777781 0.045515046296296324
3 0.7442274305555555 0.34398148148148144 0.06707899305555554 0.037594039351851904
3 0.6621961805555556 0.34458912037037037 0.06725260416666679 0.041500289351851904
3 0.44750434027777775 0.5843822337962963 0.1684244791666667 0.16525607638888884
3 0.31273871527777775 0.5853804976851852 0.1498697916666667 0.1651186342592592
3 0.17660590277777777 0.5951750578703704 0.15594618055555554 0.17004484953703702
3 0.06034071180555556 0.6010271990740741 0.12068142361111112 0.1748842592592592
3 0.9236979166666667 0.5671875 0.10772569444444446 0.13942418981481497
3 0.3233289930555555 0.3470992476851852 0.11542968750000004 0.07114438657407407
3 0.0673828125 0.3509476273148148 0.11041666666666666 0.06817853009259256
3 0.169921875 0.3501880787037037 0.10770399305555556 0.07303964120370376
3 0.4523871527777778 0.18896846064814815 0.059440104166666674 0.04144241898148149
3 0.5509765625 0.18921440972222223 0.078125 0.044509548611111116
3 0.6097873263888889 0.27175925925925926 0.11655815972222228 0.052604166666666674
3 0.4222873263888889 0.27314814814814814 0.09366319444444449 0.04267216435185184