2 0.619140625 0.3251953125 0.087890625 0.0751953125
2 0.822265625 0.5703125 0.15625 0.1533203125
2 0.2060546875 0.818359375 0.3076171875 0.1279296875
2 0.419921875 0.5595703125 0.1171875 0.15625
2 0.7919921875 0.2607421875 0.083984375 0.0732421875
2 0.279296875 0.5517578125 0.134765625 0.154296875
2 0.291015625 0.251953125 0.087890625 0.0732421875
2 0.4423828125 0.326171875 0.0751953125 0.068359375
2 0.0732421875 0.3359375 0.1201171875 0.0810546875
2 0.6953125 0.3232421875 0.076171875 0.0703125
2 0.171875 0.328125 0.0966796875 0.0703125
2 0.2734375 0.328125 0.0966796875 0.0751953125
2 0.9404296875 0.259765625 0.087890625 0.0703125
2 0.869140625 0.2626953125 0.0810546875 0.068359375
2 0.869140625 0.3330078125 0.119140625 0.080078125
2 0.529296875 0.328125 0.0810546875 0.072265625
2 0.5830078125 0.255859375 0.078125 0.072265625
2 0.4345703125 0.259765625 0.0732421875 0.068359375
2 0.359375 0.330078125 0.0859375 0.072265625
2 0.724609375 0.2607421875 0.0751953125 0.060546875
2 0.3642578125 0.2548828125 0.0751953125 0.0703125
2 0.9580078125 0.8046875 0.0830078125 0.1279296875
2 0.5576171875 0.177734375 0.0576171875 0.044921875
2 0.953125 0.3330078125 0.0859375 0.072265625
2 0.271484375 0.1748046875 0.0576171875 0.046875
2 0.931640625 0.1826171875 0.0673828125 0.046875
2 0.072265625 0.251953125 0.083984375 0.0673828125
2 0.974609375 0.1875 0.0498046875 0.037109375
2 0.4423828125 0.1796875 0.056640625 0.0498046875
3 0.630859375 0.2607421875 0.046875 0.0439453125
2 0.1357421875 0.255859375 0.076171875 0.0673828125
2 0.1376953125 0.5341796875 0.140625 0.1142578125
2 0.0234375 0.2490234375 0.046875 0.060546875
3 0.505859375 0.2607421875 0.0703125 0.046875
2 0.7685546875 0.1826171875 0.0751953125 0.046875
2 0.392578125 0.1767578125 0.052734375 0.041015625
2 0.03515625 0.548828125 0.0703125 0.111328125
2 0.017578125 0.333984375 0.0341796875 0.076171875
3 0.5 0.185546875 0.048828125 0.033203125
3 0.7734375 0.34375 0.0888671875 0.0654296875
2 0.8203125 0.1796875 0.052734375 0.044921875
3 0.2236328125 0.265625 0.060546875 0.0419921875
2 0.2138671875 0.1748046875 0.0654296875 0.044921875
2 0.873046875 0.283203125 0.0908203125 0.0810546875
3 0.982421875 0.2607421875 0.029296875 0.0361328125
2 0.330078125 0.173828125 0.046875 0.033203125
3 0.869140625 0.1826171875 0.0439453125 0.029296875
3 0.9375 0.580078125 0.125 0.1357421875
3 0.6220703125 0.833984375 0.279296875 0.0966796875
3 0.1640625 0.177734375 0.068359375 0.037109375