2 0.619140625 0.3445167824074074 0.087890625 0.08268229166666663
2 0.4189453125 0.5719835069444444 0.1142578125 0.1596354166666667
2 0.8154296875 0.5964265046296295 0.1533203125 0.15298032407407414
2 0.0703125 0.3399739583333333 0.1220703125 0.08760127314814814
2 0.2060546875 0.824464699074074 0.310546875 0.15568576388888888
2 0.4423828125 0.3392795138888889 0.080078125 0.07268518518518519
2 0.28125 0.5600911458333333 0.1484375 0.1665075231481481
2 0.8671875 0.28643663194444446 0.083984375 0.07280092592592591
2 0.9306640625 0.5764033564814814 0.138671875 0.19356192129629646
2 0.291015625 0.26057581018518516 0.083984375 0.07573061342592591
2 0.791015625 0.2861328125 0.0810546875 0.0697844328703704
2 0.703125 0.35481770833333337 0.091796875 0.07303240740740735
2 0.783203125 0.3562138310185185 0.0810546875 0.0727141203703704
2 0.626953125 0.8330295138888888 0.2783203125 0.14691840277777768
2 0.501953125 0.2648726851851852 0.078125 0.07555700231481477
2 0.357421875 0.34066840277777777 0.0859375 0.07285879629629632
2 0.271484375 0.33616898148148144 0.087890625 0.07291666666666674
2 0.171875 0.3361472800925926 0.099609375 0.0781467013888889
2 0.529296875 0.3457609953703704 0.078125 0.07262731481481488
2 0.216796875 0.2671657986111111 0.0859375 0.06504629629629632
2 0.951171875 0.36119068287037037 0.083984375 0.07280092592592591
2 0.869140625 0.3558304398148148 0.0986328125 0.0712818287037037
2 0.5810546875 0.2750289351851852 0.0751953125 0.07254050925925926
2 0.5576171875 0.19816261574074073 0.0595703125 0.04864004629629626
2 0.939453125 0.29053096064814815 0.080078125 0.06487268518518519
2 0.0703125 0.2540364583333333 0.0830078125 0.0698423032407407
2 0.4326171875 0.272583912037037 0.072265625 0.06952401620370374
2 0.330078125 0.1845847800925926 0.0595703125 0.04571035879629626
2 0.955078125 0.8349392361111111 0.087890625 0.12565104166666674
2 0.724609375 0.2841652199074074 0.0732421875 0.06662326388888884
2 0.4423828125 0.19279513888888888 0.0595703125 0.04864004629629631
2 0.2705078125 0.1828197337962963 0.0595703125 0.04668692129629631
2 0.3623046875 0.2685474537037037 0.0703125 0.06653645833333333
2 0.9765625 0.21448206018518517 0.046875 0.043381076388888884
2 0.7158203125 0.20089699074074074 0.0546875 0.04556568287037038
2 0.9296875 0.2121166087962963 0.056640625 0.042693865740740744
2 0.7685546875 0.20538917824074074 0.0595703125 0.05156973379629631
2 0.1357421875 0.2618344907407407 0.0732421875 0.06662326388888884
2 0.0244140625 0.25169994212962965 0.048828125 0.0590639467592593
2 0.984375 0.2928385416666667 0.0283203125 0.05747974537037037
2 0.5 0.1945023148148148 0.0517578125 0.038642939814814814
2 0.6611328125 0.19634693287037036 0.0546875 0.04849537037037033
2 0.8779296875 0.20765335648148148 0.0576171875 0.04369936342592595
2 0.037109375 0.553833912037037 0.0732421875 0.12228732638888884
2 0.017578125 0.3315755208333333 0.03515625 0.07330729166666661
2 0.392578125 0.18838975694444443 0.0546875 0.04556568287037033
2 0.212890625 0.1811125578703704 0.0576171875 0.04565248842592595
2 0.8203125 0.20594618055555558 0.052734375 0.04062500000000002
2 0.1513671875 0.5386646412037037 0.1357421875 0.11339699074074061
2 0.609375 0.19578993055555555 0.048828125 0.0453920717592593
2 0.654296875 0.27719907407407407 0.0673828125 0.06742621527777781
2 0.099609375 0.1855685763888889 0.0625 0.031148726851851882