2 0.378443287037037 0.31770833333333337 0.08358651620370372 0.07996961805555558
2 0.5769097222222221 0.5466579861111112 0.12918836805555545 0.17276475694444438
2 0.7888671875 0.7997178819444444 0.31947337962962963 0.15746527777777786
2 0.7071180555555556 0.23619791666666667 0.07862413194444429 0.06911892361111105
2 0.3042317708333333 0.3183810763888889 0.08062065972222232 0.07502170138888897
2 0.9252314814814815 0.3172743055555556 0.12371961805555554 0.09355468749999996
2 0.555201099537037 0.31378038194444446 0.07866030092592591 0.07400173611111116
2 0.3640986689814815 0.8042751736111111 0.2842013888888889 0.14105902777777768
2 0.13088107638888888 0.2577907986111111 0.08155381944444445 0.06918402777777777
2 0.2060619212962963 0.25807291666666665 0.08056278935185185 0.06720920138888897
2 0.7175853587962964 0.5366970486111111 0.15455005787037024 0.1694227430555555
2 0.07423140914351851 0.5510416666666667 0.14846281828703703 0.1928168402777779
2 0.21822916666666664 0.3290798611111111 0.09237557870370372 0.08016493055555562
2 0.640111400462963 0.31872829861111107 0.0845052083333333 0.07217881944444438
2 0.8256799768518519 0.31167534722222223 0.09916811342592613 0.07445746527777786
2 0.7822482638888888 0.24331597222222223 0.0804976851851853 0.05842013888888886
2 0.7241319444444445 0.3119791666666667 0.09432870370370372 0.08020833333333344
2 0.046361400462962964 0.3319227430555556 0.0913990162037037 0.08014322916666661
2 0.4951967592592593 0.24188368055555556 0.0679036458333333 0.07180989583333336
2 0.46825810185185185 0.31961805555555556 0.08161168981481481 0.07699652777777777
2 0.12840711805555555 0.3281467013888889 0.10015190972222221 0.07545572916666665
2 0.9278211805555556 0.23129340277777777 0.0834924768518519 0.06727430555555558
2 0.05861545138888889 0.25939670138888893 0.08052662037037037 0.06232638888888897
2 0.7281973379629629 0.15859375 0.06286168981481488 0.050217013888888884
2 0.043149594907407406 0.8046440972222222 0.08629918981481481 0.12899305555555562
2 0.2695529513888889 0.25470920138888886 0.07272858796296289 0.06410590277777772
2 0.5654875578703704 0.24325086805555557 0.06786024305555571 0.0659505208333333
2 0.4141059027777778 0.24856770833333333 0.07374131944444451 0.06901041666666669
2 0.4410517939814815 0.16985677083333334 0.05697337962962967 0.04618055555555556
2 0.024535228587962962 0.18498263888888888 0.049070457175925924 0.042122395833333326
2 0.5553096064814815 0.16731770833333334 0.05993200231481488 0.05015190972222222
2 0.0660300925925926 0.18111979166666667 0.05499855324074074 0.0432074652777778
2 0.6358000578703704 0.24168836805555555 0.07078993055555571 0.06601562500000002
2 0.2828486689814815 0.17337239583333333 0.053045428240740766 0.04316406249999999
2 0.6686270254629629 0.1599175347222222 0.05501302083333348 0.045160590277777746
2 0.3922019675925926 0.17387152777777776 0.05209056712962967 0.04607204861111114
2 0.337550636574074 0.17020399305555556 0.05306712962962967 0.04609374999999999
2 0.8623625578703704 0.23665364583333331 0.07664930555555571 0.06614583333333335
2 0.7848379629629629 0.15733506944444445 0.06090856481481488 0.05017361111111113
2 0.22816116898148148 0.1745876736111111 0.06091579861111107 0.05115017361111107
2 0.9737413194444444 0.22734375 0.04925491898148149 0.05870225694444442
2 0.3477430555555555 0.24418402777777778 0.0659360532407407 0.06981336805555555
2 0.6061125578703703 0.1632595486111111 0.053038194444444464 0.04218749999999999
2 0.015731698495370372 0.2633029513888889 0.031463396990740744 0.058355034722222254
2 0.12072482638888889 0.1789279513888889 0.05792824074074074 0.043272569444444464
2 0.9789858217592593 0.3102213541666667 0.03765190972222232 0.07406684027777777
2 0.49865451388888893 0.17052951388888887 0.05009403935185186 0.040169270833333326
2 0.956785300925926 0.5391927083333333 0.07915219907407423 0.14040798611111116
2 0.17638165509259257 0.17866753472222222 0.05989583333333337 0.04526909722222222
2 0.8970847800925925 0.1626519097222222 0.06569733796296306 0.0375868055555556
2 0.841746238425926 0.5153862847222223 0.13553964120370354 0.10748697916666661
2 0.8346498842592593 0.1552517361111111 0.0521773726851853 0.05779079861111114