2 0.8030381944444445 0.2179470486111111 0.3221571180555556 0.16538628472222222
3 0.5934027777777777 0.6764539930555555 0.0771484375 0.047287326388888884
3 0.1833767361111111 0.6611545138888888 0.05377604166666666 0.02578125000000009
2 0.9646375868055556 0.48194444444444445 0.07072482638888888 0.1542100694444445
3 0.2633246527777778 0.6617838541666666 0.06987847222222221 0.03721788194444442
3 0.5074652777777777 0.6726345486111112 0.07701822916666679 0.044357638888888884
3 0.42552083333333335 0.6709418402777778 0.07196180555555554 0.04023437499999982
3 0.9487413194444444 0.6893229166666667 0.07838541666666665 0.053190104166666696
3 0.6794704861111112 0.683203125 0.07204861111111116 0.042187500000000044
3 0.7653645833333333 0.6860460069444445 0.08020833333333321 0.05034722222222232
3 0.3463324652777778 0.6654730902777778 0.06903211805555554 0.04010416666666661
3 0.8573567708333334 0.45329861111111114 0.13111979166666687 0.14325086805555554
3 0.723828125 0.45321180555555557 0.17213541666666665 0.1450737847222222
3 0.5906684027777778 0.43949652777777776 0.16000434027777777 0.1572048611111111
3 0.07645399305555556 0.42638888888888893 0.09756944444444443 0.13396267361111103
3 0.09607204861111111 0.6485026041666666 0.07469618055555557 0.05789930555555545
3 0.8510850694444445 0.6849826388888889 0.1127604166666667 0.08103298611111098
3 0.4491970486111111 0.7431423611111111 0.06937934027777781 0.04791666666666661
3 0.5184895833333334 0.7452473958333334 0.07443576388888884 0.05203993055555545
3 0.5823133680555556 0.7558810763888888 0.06794704861111112 0.05954861111111098
3 0.6604383680555554 0.7593532986111111 0.08663194444444455 0.06330295138888897
3 0.735546875 0.7607421875 0.08335503472222205 0.055360243055555536
3 0.8078125 0.7639539930555556 0.09312065972222205 0.05579427083333344
3 0.7521484375 0.8491970486111111 0.07701822916666679 0.044357638888888884
3 0.6953776041666666 0.84375 0.07183159722222232 0.037304687500000044
3 0.5380642361111111 0.8348090277777778 0.06414930555555554 0.03988715277777777
3 0.48422309027777777 0.8294921875 0.064453125 0.04672309027777777
3 0.31017795138888893 0.7291666666666667 0.09730902777777772 0.040386284722222054
3 0.23689236111111112 0.7249348958333334 0.09548611111111116 0.04322916666666665
3 0.2037326388888889 0.4174262152777778 0.13682725694444448 0.16202256944444438