2 0.41276041666666663 0.7021846064814815 0.09450954861111116 0.08973524305555558
2 0.9486165364583333 0.7329282407407407 0.10276692708333335 0.09483506944444464
2 0.8723307291666667 0.23918547453703703 0.2553385416666667 0.12568721064814814
2 0.1968315972222222 0.44285300925925924 0.1581814236111111 0.1645326967592592
2 0.7422309027777778 0.8005642361111112 0.08311631944444442 0.0742910879629628
2 0.5875651041666667 0.7151331018518519 0.07623697916666661 0.07280815972222232
2 0.6004991319444444 0.48054108796296297 0.12146267361111107 0.17057291666666663
2 0.1636284722222222 0.7469979745370371 0.08613281250000004 0.07646122685185186
2 0.5250434027777777 0.7757161458333334 0.07810329861111098 0.07099971064814814
2 0.2505642361111111 0.6882233796296295 0.09212239583333337 0.07982494212962976
2 0.5064236111111111 0.7071759259259259 0.08328993055555545 0.07819733796296302
2 0.8579861111111111 0.7332175925925926 0.10210503472222232 0.08543113425925908
2 0.15442708333333333 0.6713686342592593 0.10991753472222221 0.0860098379629628
2 0.3785590277777778 0.7648654513888888 0.0712673611111111 0.07049334490740744
2 0.6723524305555556 0.7175202546296297 0.08732638888888888 0.08141637731481488
2 0.7404947916666667 0.49869791666666674 0.1578124999999999 0.17813223379629628
2 0.2407769097222222 0.7527126736111112 0.0859157986111111 0.07157841435185186
2 0.32957899305555555 0.6921296296296297 0.08702256944444442 0.07458043981481488
2 0.7583767361111111 0.7258391203703703 0.09730902777777772 0.08702256944444442
2 0.0935329861111111 0.7466724537037037 0.0907986111111111 0.07194010416666674
2 0.08040364583333333 0.4293619791666667 0.13081597222222222 0.18391927083333337
2 0.8124131944444444 0.8028428819444444 0.09110243055555545 0.07877604166666652
2 0.6002821180555555 0.7822627314814815 0.07916666666666661 0.07302517361111116
2 0.7661675347222223 0.8792317708333334 0.061653645833333215 0.0512876157407407
2 0.08140190972222222 0.670826099537037 0.09416232638888888 0.08192274305555536
2 0.4490017361111111 0.7730034722222222 0.0781032986111111 0.07099971064814814
2 0.9561740451388889 0.8137659143518519 0.08765190972222214 0.0800419560185186
2 0.671875 0.7943793402777778 0.0732204861111112 0.07063802083333326
2 0.3062934027777778 0.7595124421296295 0.07601996527777777 0.06792534722222232
2 0.5930989583333333 0.8615451388888888 0.058506944444444375 0.04618778935185164
2 0.4799045138888889 0.8551070601851851 0.056640625 0.04799623842592604
2 0.10957031249999999 0.8228081597222222 0.0693359375 0.04893663194444442
2 0.05546875 0.1968315972222222 0.08856336805555556 0.13114872685185186
2 0.8228081597222223 0.8834273726851852 0.061653645833333215 0.0512876157407407
2 0.7065104166666667 0.8728660300925926 0.054557291666666785 0.044921875
2 0.5316623263888889 0.8589409722222222 0.053580729166666785 0.04484953703703698
2 0.6459635416666667 0.8683810763888888 0.0537109375 0.0477792245370372
2 0.061675347222222225 0.818287037037037 0.05154079861111112 0.04275173611111116
2 0.26790364583333337 0.8374565972222223 0.06764322916666665 0.0546513310185186
2 0.994775390625 0.8234592013888888 0.010449218750000044 0.06365740740740744
2 0.21614583333333334 0.8336226851851852 0.05850694444444443 0.04618778935185186
2 0.93671875 0.8840784143518519 0.06592881944444429 0.03797743055555558
2 0.8906684027777778 0.8115596064814815 0.07797309027777777 0.06807002314814814
2 0.9731282552083333 0.5088252314814814 0.053743489583333304 0.1562138310185186
2 0.3723958333333333 0.8451967592592593 0.06263020833333333 0.05135995370370372
2 0.0484375 0.7394386574074074 0.03381076388888889 0.05993200231481488
2 0.8771918402777777 0.8806423611111112 0.06156684027777781 0.04933449074074092
2 0.4291232638888889 0.8513454861111112 0.0517578125 0.04763454861111116
2 0.9974934895833334 0.7408130787037037 0.005013020833333215 0.0698423032407407
3 0.1708767361111111 0.8224826388888888 0.053146701388888884 0.0350839120370372
2 0.8862847222222222 0.49392361111111116 0.19372829861111107 0.2197265625
2 0.3939453125 0.21314380787037038 0.3379991319444444 0.18077256944444448