2 0.1540870949074074 0.7436487268518519 0.09240451388888893 0.07682291666666652
2 0.08308738425925925 0.7392939814814814 0.0902199074074074 0.07290219907407414
3 0.25013744212962963 0.7370804398148147 0.10233651620370376 0.06323061342592595
3 0.4800130208333333 0.6465494791666666 0.07096354166666674 0.04445167824074092
3 0.5571035879629629 0.6469545717592593 0.07538339120370363 0.03667534722222232
3 0.6360894097222223 0.6483217592592593 0.06665219907407405 0.03758680555555549
3 0.7212239583333333 0.6447627314814814 0.0723379629629628 0.034700520833333304
3 0.02117332175925926 0.7321108217592592 0.04234664351851852 0.06019241898148153
3 0.447142650462963 0.4105685763888889 0.1679253472222222 0.16523437500000004
3 0.9209418402777778 0.42072482638888886 0.11587094907407414 0.14337384259259256
3 0.31467737268518514 0.4056929976851852 0.14724392361111116 0.1621527777777778
3 0.17738715277777778 0.399877025462963 0.16660879629629632 0.17596209490740744
3 0.05631510416666667 0.39697627314814815 0.11263020833333334 0.1806568287037037
3 0.049356192129629634 0.6400245949074074 0.09871238425925927 0.06524884259259256
2 0.9272714120370371 0.6598307291666667 0.07207754629629637 0.0961950231481481
3 0.14350405092592594 0.6422092013888889 0.09820601851851851 0.07588975694444455
3 0.3940755208333333 0.6471860532407407 0.11796151620370376 0.06334635416666656
3 0.5281467013888889 0.7896846064814815 0.07723524305555562 0.06792534722222232
3 0.4744357638888889 0.7900824652777778 0.07901475694444449 0.0650101273148147
3 0.25441984953703706 0.7965928819444444 0.06344039351851849 0.04927662037037028
3 0.035387731481481485 0.8060836226851852 0.07077546296296297 0.04749710648148153
3 0.6004991319444445 0.7217954282407407 0.07097077546296293 0.06104600694444451
3 0.6619068287037038 0.7232928240740741 0.09561631944444438 0.06513310185185173
3 0.6765263310185186 0.7895616319444445 0.06838107638888902 0.050289351851851904
3 0.5827763310185186 0.7902560763888888 0.08659577546296293 0.06116174768518512
3 0.31849681712962963 0.736574074074074 0.07201244212962965 0.07862413194444429
3 0.3812861689814815 0.7312282986111112 0.09194155092592593 0.06901041666666652