2 0.4058159722222222 0.6597222222222222 0.0907841435185186 0.08138020833333326
2 0.1984592013888889 0.42097077546296297 0.1518735532407407 0.1509331597222222
2 0.5845269097222223 0.6531032986111112 0.07866753472222232 0.07020399305555536
2 0.798755787037037 0.1532841435185185 0.3148509837962963 0.15404369212962965
2 0.5963903356481481 0.4189453125 0.123046875 0.16254340277777768
2 0.08503327546296297 0.4476634837962963 0.142578125 0.18959780092592604
2 0.15816695601851852 0.7324580439814814 0.08539496527777779 0.06752748842592604
2 0.9445891203703703 0.6297019675925926 0.1108217592592593 0.09244791666666652
2 0.23531539351851855 0.7296006944444444 0.08355034722222221 0.07038483796296302
2 0.6684389467592593 0.6480396412037037 0.08561197916666652 0.07338686342592604
2 0.7353153935185185 0.42064525462962965 0.14337384259259256 0.15842013888888884
2 0.7366898148148149 0.7217881944444444 0.08561197916666652 0.07338686342592604
2 0.3216869212962963 0.6589265046296295 0.09653501157407407 0.07866753472222232
2 0.24150028935185186 0.6589626736111112 0.08260995370370372 0.0713252314814814
2 0.7514467592592593 0.6449652777777778 0.09848813657407396 0.07873987268518512
2 0.4955150462962963 0.6524884259259259 0.08875868055555558 0.07935474537037046
2 0.8529007523148149 0.6382740162037037 0.10434751157407396 0.07895688657407396
2 0.08987991898148148 0.7369429976851851 0.08550347222222221 0.07045717592592604
2 0.6702835648148149 0.7242476851851851 0.07779947916666652 0.07309751157407396
2 0.8115596064814815 0.7102141203703703 0.08329716435185186 0.06354890046296302
2 0.07349537037037038 0.6642071759259259 0.09371383101851852 0.08148871527777768
2 0.2987919560185185 0.7272497106481481 0.0756655092592593 0.06814236111111116
2 0.3769892939814815 0.17183883101851852 0.2845775462962963 0.15292245370370372
2 0.15563512731481483 0.6640986689814814 0.1013454861111111 0.07689525462962976
2 0.5248480902777778 0.7315899884259259 0.07291666666666674 0.07291666666666674
2 0.9555121527777778 0.7156394675925926 0.08365885416666674 0.0733145254629628
2 0.7004123263888888 0.7984302662037037 0.06416377314814836 0.04723668981481488
2 0.7600549768518519 0.7981770833333333 0.06430844907407396 0.05114293981481488
2 0.051179108796296294 0.19368489583333331 0.08861400462962962 0.12811053240740744
2 0.592845775462963 0.7192925347222222 0.06785300925925908 0.0678530092592593
2 0.053530092592592594 0.8116319444444444 0.04832175925925926 0.04079861111111116
2 0.5879991319444444 0.7996600115740741 0.06434461805555558 0.05211950231481488
2 0.31365740740740744 0.8117766203703705 0.05830439814814814 0.04701967592592604
2 0.10051359953703703 0.8128255208333333 0.05815972222222221 0.04311342592592604
2 0.4446976273148148 0.7326027199074074 0.07620804398148151 0.08279079861111116
2 0.8918185763888888 0.7121310763888888 0.07465277777777768 0.06712962962962976
2 0.9898726851851851 0.7138310185185185 0.02025462962962976 0.06423611111111116
2 0.15237991898148148 0.8138382523148149 0.05801504629629628 0.03920717592592604
2 0.04488570601851852 0.7366536458333334 0.03627748842592593 0.05790653935185186
2 0.5303819444444444 0.8017939814814814 0.0532045717592593 0.0409794560185186
2 0.6398654513888888 0.8006727430555556 0.05631510416666652 0.0459707754629628
2 0.9950810185185186 0.6295934606481481 0.009837962962962798 0.07154224537037046
2 0.2598017939814815 0.8098596643518519 0.05631510416666674 0.04597077546296302
2 0.20804398148148148 0.8117766203703705 0.061197916666666685 0.04615162037037024
2 0.8685257523148149 0.42646846064814814 0.16655815972222232 0.15245225694444442
2 0.37434895833333337 0.7342303240740741 0.05993200231481488 0.06463396990740744
2 0.9710648148148149 0.4115668402777778 0.05787037037037024 0.11986400462962954
2 0.8177806712962963 0.7989728009259259 0.056640625 0.05475983796296302
2 0.9240089699074074 0.7891710069444444 0.06430844907407396 0.05114293981481488
3 0.979736328125 0.7797670717592593 0.04052734375 0.05125144675925908