2 0.3858506944444444 0.6766493055555556 0.08358651620370372 0.07873987268518512
2 0.5843171296296297 0.4447337962962963 0.12918836805555545 0.1708695023148148
2 0.7962745949074074 0.1885054976851852 0.31947337962962963 0.15274884259259258
2 0.7145254629629629 0.7532986111111111 0.07862413194444429 0.06796151620370372
2 0.3116391782407407 0.6770760995370371 0.08062065972222221 0.07383535879629632
2 0.9326388888888889 0.6689814814814814 0.12371961805555554 0.09173177083333339
2 0.5626085069444444 0.6779586226851851 0.07866030092592591 0.07284432870370372
2 0.3715060763888889 0.1902416087962963 0.2842013888888888 0.13686342592592593
2 0.1382884837962963 0.7402416087962963 0.08155381944444445 0.06798321759259252
2 0.2134693287037037 0.7388454861111111 0.08056278935185185 0.06602285879629632
2 0.7249927662037037 0.45261140046296294 0.15455005787037024 0.16715133101851853
2 0.0794849537037037 0.4478298611111111 0.1527705439814815 0.19057436342592582
2 0.22563657407407406 0.6676504629629629 0.09237557870370372 0.07880497685185173
2 0.6475188078703704 0.671752025462963 0.0845052083333333 0.07093460648148153
2 0.8330873842592592 0.6760561342592593 0.09916811342592613 0.07299623842592595
2 0.7896556712962963 0.7450665509259259 0.0804976851851853 0.057233796296296324
2 0.7315393518518518 0.6772569444444445 0.09432870370370372 0.07881944444444455
2 0.05376880787037037 0.6673538773148148 0.0913990162037037 0.07879774305555554
2 0.5026041666666666 0.7507523148148147 0.0679036458333333 0.07081163194444429
2 0.47566550925925927 0.6734085648148148 0.08161168981481481 0.07579571759259252
2 0.13581452546296297 0.6699146412037037 0.10015190972222221 0.07398003472222214
2 0.9352285879629629 0.754933449074074 0.0834924768518519 0.06604456018518512
2 0.0660228587962963 0.7397063078703704 0.08052662037037037 0.061140046296296324
2 0.7356047453703703 0.8305989583333333 0.06286168981481488 0.04929108796296289
2 0.04733796296296296 0.19467592592592592 0.09273726851851852 0.12763310185185184
2 0.2769603587962963 0.7412688078703704 0.07272858796296289 0.06303530092592591
2 0.5728949652777777 0.7483434606481482 0.06786024305555571 0.06495225694444451
2 0.42151331018518523 0.7452690972222222 0.07374131944444451 0.06792534722222232
2 0.44845920138888884 0.8235894097222223 0.05697337962962967 0.0453414351851853
2 0.03142361111111111 0.8146412037037036 0.05010850694444445 0.04138454861111107
2 0.5627170138888888 0.8244357638888888 0.05993200231481488 0.04926938657407387
2 0.0734375 0.8178819444444445 0.05499855324074074 0.04239728009259247
2 0.6432074652777777 0.7488642939814815 0.07078993055555571 0.0649739583333333
2 0.2902560763888889 0.8224175347222222 0.053045428240740766 0.04238281250000009
2 0.6760344328703705 0.8301576967592592 0.05501302083333348 0.04435040509259247
2 0.39960937500000004 0.8202980324074074 0.05209056712962967 0.045305266203703676
2 0.34495804398148144 0.8247757523148148 0.05306712962962967 0.04531250000000009
2 0.8697699652777777 0.7505425347222222 0.07664930555555571 0.06501736111111112
2 0.7922453703703703 0.8310185185185186 0.06090856481481488 0.049276620370370505
2 0.2355685763888889 0.8220124421296295 0.06091579861111107 0.050253182870370505
2 0.9782606336805555 0.758203125 0.04347873263888902 0.05797887731481488
2 0.35515046296296293 0.7506365740740741 0.0659360532407407 0.0688440393518519
2 0.6135199652777777 0.8277416087962963 0.053038194444444464 0.04140625000000009
2 0.022055844907407408 0.736451099537037 0.03362991898148148 0.05786313657407405
2 0.1281322337962963 0.819263599537037 0.057928240740740766 0.04241898148148149
2 0.9837836371527777 0.6752387152777778 0.03243272569444455 0.07351707175925926
2 0.5060619212962963 0.8220630787037038 0.05009403935185186 0.03943142361111107
2 0.9623083043981482 0.44657118055555556 0.07538339120370363 0.13925057870370372
2 0.1837890625 0.8186993634259259 0.05989583333333337 0.04438657407407387
2 0.9044921875 0.8240379050925926 0.06569733796296306 0.036617476851851904
2 0.8491536458333333 0.4720847800925926 0.13553964120370354 0.10549045138888902
2 0.8420572916666667 0.8323640046296297 0.0521773726851853 0.0570240162037039