2 0.8459129050925926 0.7213614004629629 0.09527633101851851 0.07788628472222214
2 0.9188657407407408 0.7143084490740741 0.09314959490740726 0.07489872685185173
3 0.7528501157407408 0.7192274305555555 0.10020978009259274 0.06243489583333339
3 0.5247540509259259 0.6340277777777779 0.07050057870370363 0.0381582754629628
3 0.4428385416666667 0.6384114583333333 0.0742332175925926 0.03534432870370363
2 0.07152054398148147 0.6621310763888889 0.06861979166666665 0.07222222222222219
3 0.9827618634259259 0.7078269675925926 0.03447627314814827 0.06768663194444446
3 0.6067853009259259 0.6315972222222221 0.08268229166666652 0.0463179976851853
3 0.2787760416666667 0.6432725694444444 0.06757089120370363 0.038071469907407396
3 0.3608072916666667 0.6408420138888888 0.06791811342592591 0.04393084490740762
3 0.5507884837962963 0.3965133101851852 0.16568287037037033 0.16380931712962954
3 0.6855541087962963 0.3925202546296296 0.1636212384259259 0.17837094907407414
3 0.820775462962963 0.37970920138888886 0.1532769097222222 0.16831597222222228
3 0.9360170717592593 0.3729311342592593 0.1279658564814814 0.1801215277777778
3 0.07894241898148148 0.4241898148148148 0.11604456018518519 0.14869068287037035
3 0.6996744791666667 0.6308015046296296 0.11647135416666665 0.07364004629629628
3 0.9498119212962963 0.621267361111111 0.10037615740740735 0.07349537037037024
3 0.8528790509259259 0.6243055555555556 0.11193576388888893 0.07935474537037046
3 0.5869212962962963 0.7916449652777777 0.05993200231481488 0.04076967592592595
3 0.4882306134259259 0.7935908564814815 0.07751012731481488 0.041290509259259256
3 0.42081163194444443 0.7124348958333333 0.12071759259259263 0.06304253472222232
3 0.6083116319444445 0.7068793402777778 0.09652777777777777 0.04965277777777777