2 0.3711950231481481 0.3318142361111111 0.0903501157407407 0.08430989583333337
2 0.5644748263888889 0.5681785300925926 0.13296440972222223 0.17181712962962958
2 0.770703125 0.8291594328703704 0.3129846643518519 0.11982060185185173
2 0.7015190972222223 0.2624565972222222 0.08012152777777759 0.06854021990740744
2 0.2970052083333333 0.3297381365740741 0.08831018518518519 0.08135127314814816
2 0.917722800925926 0.35163483796296297 0.12573784722222214 0.09264322916666667
2 0.5479528356481482 0.3344328703703704 0.07831307870370363 0.07339409722222223
2 0.346043113425926 0.8179832175925925 0.29360532407407414 0.15760271990740726
2 0.12508680555555557 0.2627097800925926 0.08612557870370374 0.07350983796296295
2 0.2002242476851852 0.26577690972222223 0.08198784722222219 0.06563946759259254
2 0.7053023726851851 0.563425925925926 0.16421440972222223 0.17228009259259247
2 0.06640625 0.5538194444444444 0.1328125 0.18478732638888884
2 0.21080729166666667 0.3372540509259259 0.09411168981481477 0.07948495370370368
2 0.6327112268518519 0.34252748842592595 0.09011863425925926 0.07649739583333326
2 0.8183449074074074 0.3423466435185185 0.10183738425925926 0.07667100694444451
2 0.7764539930555556 0.2723596643518519 0.08276186342592595 0.05881799768518525
2 0.7168402777777778 0.3388888888888889 0.09405381944444446 0.07753182870370368
2 0.04201027199074074 0.33373119212962965 0.08402054398148148 0.07649739583333326
2 0.48957609953703707 0.2602936921296296 0.07443576388888884 0.07431278935185182
2 0.4609230324074074 0.33705150462962963 0.08221932870370363 0.07345196759259265
2 0.12105034722222223 0.3329933449074074 0.10077401620370371 0.0737268518518519
2 0.9222222222222223 0.2657262731481481 0.08296440972222241 0.06565393518518525
2 0.052821180555555555 0.26163917824074073 0.08290653935185185 0.06370081018518525
2 0.7243127893518518 0.18561197916666666 0.06090133101851847 0.04580439814814813
2 0.03492476851851852 0.8063440393518518 0.06984953703703704 0.13124276620370368
2 0.2637586805555555 0.2647641782407407 0.07719184027777781 0.06849681712962963
2 0.5598017939814814 0.2642650462962963 0.0723379629629628 0.06940104166666661
2 0.40837673611111114 0.26397569444444446 0.0742042824074074 0.06650028935185182
2 0.4370587384259259 0.18624131944444444 0.05794270833333326 0.04478443287037037
2 0.02298900462962963 0.1849464699074074 0.04597800925925926 0.0456741898148148
2 0.5513165509259259 0.1879340277777778 0.05794270833333348 0.04478443287037037
2 0.06197193287037037 0.1836154513888889 0.05593171296296297 0.042802372685185164
2 0.6301142939814814 0.265306712962963 0.06710792824074074 0.0576099537037037
2 0.2788556134259259 0.18389756944444446 0.05601851851851847 0.045732060185185164
2 0.6647424768518518 0.18472945601851853 0.05598958333333326 0.044755497685185164
2 0.3881438078703704 0.18844762731481482 0.053146701388888884 0.04764178240740741
2 0.3336009837962963 0.18275462962962963 0.0561342592592593 0.049638310185185164
2 0.8566767939814814 0.2686631944444444 0.08012152777777759 0.06854021990740744
2 0.7809534143518518 0.18645109953703703 0.05894820601851847 0.045775462962962976
2 0.2241681134259259 0.18308738425925924 0.0610170717592593 0.049710648148148184
2 0.9682074652777778 0.2634765625 0.05053530092592595 0.05834056712962965
2 0.3421440972222222 0.25713252314814816 0.06440972222222219 0.06537905092592589
2 0.6021846064814815 0.1857566550925926 0.05797164351851869 0.04576099537037037
2 0.011650028935185186 0.2639033564814815 0.023300057870370372 0.05707465277777779
2 0.11668836805555556 0.18344907407407407 0.06087239583333334 0.04482783564814813
2 0.971607349537037 0.3465711805555556 0.03927951388888884 0.07379195601851851
2 0.49461805555555555 0.18904803240740742 0.05403645833333337 0.044726562499999956
2 0.9462818287037037 0.5748119212962963 0.07238136574074083 0.1367549189814814
2 0.17232349537037037 0.18525028935185184 0.060814525462962954 0.042874710648148184
2 0.8930266203703704 0.19592737268518517 0.06951678240740744 0.04007523148148151
2 0.8298755787037038 0.5467086226851852 0.13786168981481461 0.10648871527777781
2 0.830787037037037 0.18621238425925923 0.05044849537037033 0.05541087962962965