2 0.39762008101851853 0.3288845486111111 0.09599971064814816 0.08241464120370368
2 0.2074074074074074 0.5748987268518518 0.15335648148148145 0.15352285879629624
2 0.7220486111111111 0.26245659722222225 0.08480179398148158 0.07346643518518525
2 0.6100694444444444 0.5681785300925926 0.11757812500000009 0.15982349537037033
2 0.941652199074074 0.34772858796296297 0.1166956018518519 0.08574942129629626
2 0.14437934027777777 0.2626808449074074 0.08650173611111112 0.06861255787037035
2 0.7523943865740741 0.5654079861111111 0.14857494212962963 0.15540364583333344
2 0.29194155092592594 0.2668185763888889 0.08650173611111112 0.06861255787037035
2 0.06419270833333333 0.33467881944444444 0.09497251157407408 0.08142361111111107
2 0.48859230324074077 0.33315972222222223 0.08983651620370359 0.07646846064814816
2 0.23293547453703706 0.33327546296296295 0.08958333333333335 0.07158564814814816
2 0.5807508680555555 0.2662181712962963 0.07873987268518512 0.06947337962962963
2 0.07596932870370371 0.26069155092592594 0.07951388888888888 0.06558159722222223
2 0.42743055555555554 0.26394675925925926 0.07648292824074066 0.06358506944444442
2 0.8470920138888889 0.3404224537037037 0.10355902777777781 0.07764756944444451
2 0.7942129629629631 0.26157407407407407 0.09487123842592604 0.07947048611111107
2 0.6489583333333333 0.2643012152777778 0.07858796296296289 0.06654369212962963
2 0.0837673611111111 0.8062861689814815 0.09137731481481481 0.14382233796296306
2 0.0911964699074074 0.5731770833333334 0.1320601851851852 0.17565104166666679
2 0.14411892361111112 0.33293547453703703 0.1035083912037037 0.0766710069444444
2 0.5745298032407407 0.3344328703703704 0.07062355324074066 0.0634982638888888
2 0.2224537037037037 0.26286168981481484 0.07607783564814818 0.05577256944444442
2 0.076953125 0.1855685763888889 0.0755714699074074 0.04600694444444442
2 0.4516999421296296 0.18624131944444444 0.05681423611111103 0.041825810185185164
2 0.9379195601851852 0.2666304976851852 0.10706018518518512 0.06989293981481481
2 0.8911458333333333 0.8371238425925926 0.2177083333333334 0.10538194444444438
2 0.413208912037037 0.44133391203703703 0.1669704861111111 0.0961516203703704
2 0.6578920717592593 0.34249855324074074 0.08362268518518512 0.06954571759259265
2 0.7376808449074075 0.18755063657407406 0.05506365740740726 0.045703124999999956
2 0.03408564814814815 0.18688512731481483 0.051157407407407415 0.04564525462962965
2 0.029246238425925927 0.2629267939814815 0.0322337962962963 0.05707465277777779
2 0.5620515046296297 0.1878761574074074 0.05393518518518503 0.04275896990740741
2 0.9726833767361112 0.5650028935185185 0.05463324652777768 0.12130353009259265
2 0.9812319155092593 0.2625 0.03753616898148149 0.06127025462962965
2 0.18900462962962963 0.18234953703703705 0.055013020833333315 0.044726562499999956
2 0.745630787037037 0.34087094907407406 0.09739583333333335 0.07170138888888888
2 0.989966724537037 0.3475622106481482 0.020066550925925908 0.0845052083333333
2 0.6789351851851853 0.18375289351851853 0.045818865740740566 0.03678385416666663
2 0.8935763888888889 0.5782335069444444 0.17167968749999996 0.1869719328703705
2 0.7881076388888889 0.1814670138888889 0.05172887731481479 0.0378472222222222
3 0.5087890625 0.27100694444444445 0.07860243055555549 0.04800347222222223
2 0.6156105324074074 0.1857421875 0.05368200231481479 0.03787615740740741
2 0.23891059027777778 0.18504050925925924 0.07484809027777783 0.050875289351851816
3 0.3138888888888889 0.3325231481481481 0.10227864583333335 0.0717737268518519
3 0.5094184027777777 0.18904803240740742 0.07510127314814818 0.055758101851851816
3 0.13739872685185184 0.18451244212962964 0.06503182870370372 0.049754050925925886
3 0.2965277777777778 0.18589409722222222 0.06678240740740737 0.045876736111111094
3 0.8421730324074075 0.18909866898148148 0.06775896990740726 0.0458912037037037
3 0.8597945601851852 0.26547309027777777 0.08382523148148158 0.07345196759259265
3 0.45937500000000003 0.8235604745370371 0.3504846643518519 0.13497540509259265
2 0.8998408564814815 0.19092881944444445 0.07089120370370372 0.04984085648148151