2 0.6091435185185186 0.6518735532407407 0.08700810185185182 0.07544849537037024
2 0.8139756944444445 0.3973524305555556 0.14566695601851842 0.14789496527777768
2 0.41242042824074077 0.4249131944444444 0.11164641203703707 0.15737123842592604
2 0.2726707175925926 0.4369212962962963 0.13705150462962967 0.15928819444444442
2 0.2809100115740741 0.737232349537037 0.08206741898148151 0.0713614004629628
2 0.1619212962962963 0.6655092592592593 0.0967013888888889 0.07092737268518512
2 0.6872395833333333 0.6509331597222222 0.07721354166666661 0.07313368055555558
2 0.4304470486111111 0.6575159143518519 0.06928530092592589 0.06503182870370372
2 0.062427662037037035 0.6613859953703703 0.11627604166666666 0.07458043981481488
2 0.7741970486111112 0.6447844328703705 0.0869502314814814 0.07154224537037024
2 0.9432436342592593 0.6316912615740741 0.08212528935185182 0.07526765046296302
2 0.2634837962962963 0.6617476851851851 0.0918185763888889 0.07074652777777768
2 0.5183666087962964 0.6523075810185185 0.08209635416666661 0.07331452546296302
2 0.42458043981481486 0.7241030092592593 0.07120949074074079 0.06315104166666652
2 0.34945023148148147 0.6566116898148149 0.0810474537037037 0.0683955439814814
2 0.5749131944444444 0.7224392361111112 0.0732204861111112 0.06712962962962976
2 0.7136574074074074 0.7124204282407407 0.07706886574074057 0.06336805555555558
2 0.35419560185185184 0.7315899884259259 0.0713107638888889 0.06998697916666674
2 0.9235315393518518 0.7105034722222222 0.07695312499999996 0.05555555555555558
2 0.9561197916666666 0.15784143518518517 0.08204571759259238 0.1357783564814815
2 0.06705729166666667 0.7441767939814814 0.09660011574074073 0.06409143518518512
2 0.8581741898148147 0.7080439814814815 0.07706886574074057 0.06336805555555558
2 0.9195312499999999 0.7828776041666666 0.06901041666666652 0.04647714120370372
2 0.5454644097222222 0.7996600115740741 0.05334201388888893 0.04296875
2 0.7829788773148149 0.7108289930555556 0.07897858796296298 0.0605107060185186
2 0.8650752314814815 0.6375144675925926 0.09772135416666661 0.07389322916666652
2 0.256372974537037 0.8123191550925926 0.05335648148148153 0.0439453125
2 0.431177662037037 0.8058449074074074 0.05335648148148153 0.0439453125
2 0.9645254629629629 0.7763310185185185 0.04550057870370372 0.04072627314814814
2 0.015894458912037036 0.7511574074074074 0.03178891782407407 0.06210214120370372
2 0.9714554398148147 0.7038483796296297 0.03006365740740735 0.05284288194444442
2 0.03252133969907407 0.4458912037037037 0.06504267939814815 0.1196831597222221
2 0.010481770833333334 0.6654369212962963 0.02096354166666667 0.07628038194444442
3 0.49981915509259256 0.7183883101851851 0.06803385416666674 0.04644097222222232
2 0.38038194444444445 0.8087022569444444 0.05033998842592591 0.03797743055555558
2 0.1338396990740741 0.45279947916666663 0.14457465277777776 0.14004629629629628
2 0.3188151041666667 0.8139105902777777 0.0493344907407407 0.03598813657407396
2 0.7594039351851851 0.7868561921296297 0.07686631944444455 0.04969618055555558
3 0.6218894675925926 0.7138671875 0.04554398148148131 0.04365596064814814
3 0.487962962962963 0.7939814814814815 0.050224247685185186 0.03016493055555558
2 0.8081886574074074 0.7879774305555556 0.05236545138888893 0.0429325810185186
3 0.93125 0.3871527777777778 0.11918402777777781 0.1391059027777778
3 0.22921006944444444 0.7352430555555556 0.0693142361111111 0.06698495370370372
3 0.14815538194444444 0.7382450810185186 0.0732204861111111 0.06712962962962976
3 0.14992766203703703 0.8162615740740741 0.06507523148148148 0.04437934027777768
3 0.6988570601851851 0.7890986689814814 0.07304687500000018 0.05541087962962976
3 0.8609374999999999 0.7850477430555556 0.06909722222222214 0.05233651620370372
2 0.09717881944444445 0.8191912615740741 0.0651909722222222 0.05219184027777768
2 0.5971932870370371 0.7996961805555556 0.04570312500000018 0.05439814814814814
2 0.6519097222222222 0.7957175925925926 0.044755497685185164 0.05631510416666652