2 0.3597005208333333 0.6568070023148148 0.08872251157407407 0.07965133101851851
2 0.9069733796296295 0.6177083333333333 0.11537905092592604 0.0888310185185186
2 0.6176215277777777 0.6405092592592593 0.0888310185185186 0.08258101851851851
2 0.5326244212962963 0.6458912037037037 0.08289930555555558 0.08032407407407405
2 0.6812789351851851 0.7112847222222223 0.07870370370370372 0.07230902777777759
2 0.5638744212962963 0.40742187500000004 0.12583188657407396 0.16052517361111107
2 0.4544994212962963 0.6499421296296297 0.07798032407407407 0.07909432870370381
2 0.8576388888888888 0.13389756944444445 0.27647569444444464 0.14884259259259258
2 0.2767650462962963 0.6591579861111111 0.09852430555555558 0.08113425925925921
2 0.7045355902777778 0.6360026041666667 0.09657118055555558 0.08103298611111098
2 0.1618923611111111 0.4185185185185185 0.15715422453703703 0.1640986689814814
2 0.10554108796296297 0.7294415509259259 0.08239293981481483 0.06665219907407405
2 0.18070023148148148 0.7265190972222222 0.08640769675925924 0.0697844328703705
2 0.1957465277777778 0.6623842592592593 0.09642650462962965 0.0771267361111112
2 0.705078125 0.41082175925925923 0.15737123842592604 0.1699580439814814
2 0.04627821180555555 0.6629267939814816 0.0925564236111111 0.0868778935185186
2 0.6129195601851851 0.7148292824074074 0.07577401620370372 0.07215711805555558
2 0.8081958912037037 0.6267288773148147 0.09928385416666652 0.07532552083333321
2 0.040084273726851846 0.7390480324074074 0.08016854745370369 0.07018952546296298
2 0.058159722222222224 0.4253689236111111 0.11631944444444445 0.18441840277777777
2 0.8989800347222222 0.7019458912037038 0.09349681712962954 0.07697482638888875
2 0.04054542824074074 0.19010416666666666 0.08109085648148148 0.12740162037037034
2 0.24797453703703703 0.7259548611111111 0.07769097222222221 0.07128182870370381
2 0.5408709490740741 0.712717013888889 0.07494212962962954 0.07601273148148158
2 0.31926359953703703 0.7222583912037037 0.07573784722222221 0.07118055555555558
2 0.7536892361111112 0.7036313657407407 0.09168836805555536 0.08077980324074074
2 0.38657407407407407 0.7207175925925926 0.07573784722222221 0.07118055555555558
2 0.464771412037037 0.7147135416666666 0.07450810185185186 0.06429398148148158
2 0.8297164351851851 0.7035879629629629 0.08246527777777768 0.06860532407407405
2 0.0400390625 0.8137369791666667 0.0740017361111111 0.05062210648148158
2 0.7009910300925926 0.7843388310185185 0.05635127314814814 0.047757523148148184
2 0.9507740162037037 0.6982855902777778 0.04412615740740744 0.05979456018518503
2 0.15125868055555555 0.8108940972222223 0.059244791666666685 0.046932870370370416
2 0.008734809027777776 0.8132378472222221 0.017469618055555552 0.04344618055555571
2 0.46162471064814814 0.7996744791666667 0.05114293981481488 0.038715277777777724
2 0.5769314236111112 0.791746238425926 0.05020254629629628 0.03964120370370372
2 0.5212673611111112 0.7946325231481481 0.05034722222222232 0.04354745370370372
2 0.0020073784722222203 0.7355179398148148 0.004014756944444441 0.05620659722222232
2 0.6393229166666667 0.7914351851851852 0.05620659722222232 0.043851273148148184
2 0.40889033564814814 0.8024088541666666 0.05034722222222221 0.04354745370370372
3 0.12127459490740741 0.646752025462963 0.061885127314814825 0.03927228009259265
2 0.7505787037037037 0.7876157407407407 0.05624276620370372 0.044827835648148184
2 0.947265625 0.39826388888888886 0.0693721064814814 0.10983796296296289
2 0.19831452546296297 0.8035807291666667 0.06626157407407407 0.052170138888888884
2 0.9574291087962963 0.6238642939814815 0.03649450231481488 0.06427228009259256
2 0.87109375 0.7706452546296296 0.05381944444444442 0.032031249999999956
3 0.0968605324074074 0.8059172453703703 0.05005787037037038 0.03573495370370372
3 0.40183738425925924 0.15070891203703704 0.32309751157407407 0.14443721064814813
3 0.2538700810185185 0.8036241319444444 0.07978877314814814 0.04897280092592604
2 0.36212384259259256 0.8019097222222222 0.04090711805555558 0.05183015046296302
2 0.3083767361111111 0.8056712962962963 0.05439814814814814 0.047656249999999956
2 0.8003833912037037 0.785033275462963 0.06159577546296302 0.05777633101851842
2 0.8404224537037037 0.388208912037037 0.16077112268518512 0.20912181712962963