2 0.6202473958333334 0.6585286458333333 0.0884476273148147 0.07779947916666652
2 0.07329282407407407 0.663990162037037 0.10698784722222224 0.07639612268518503
2 0.3624131944444444 0.6632378472222222 0.08653067129629632 0.08262442129629632
2 0.4473813657407407 0.6616970486111111 0.08063512731481481 0.0775679976851853
2 0.29655671296296293 0.7394241898148148 0.07569444444444451 0.06961082175925926
2 0.42316261574074077 0.42505787037037035 0.11830873842592582 0.15483940972222232
2 0.5255063657407407 0.6593822337962963 0.07575231481481493 0.07742332175925926
2 0.13510561342592592 0.17377025462962964 0.26840277777777777 0.11925636574074072
2 0.7032407407407407 0.6541160300925926 0.0913411458333333 0.07300347222222214
2 0.2754991319444445 0.6658130787037038 0.09136284722222221 0.07593315972222214
2 0.8254340277777779 0.40337094907407406 0.141702835648148 0.14967447916666665
2 0.8726417824074074 0.7106336805555555 0.0844907407407407 0.07084780092592591
2 0.7974537037037037 0.7138382523148148 0.0815031828703705 0.0629484953703705
2 0.7842881944444444 0.6507378472222223 0.0923032407407407 0.07107928240740735
2 0.281640625 0.4399956597222222 0.15747974537037046 0.17064525462962976
2 0.945363136574074 0.6381510416666667 0.1079427083333333 0.07349537037037024
2 0.36491608796296293 0.7373987268518518 0.07276475694444451 0.06952401620370363
2 0.17195457175925927 0.6649739583333334 0.0962094907407407 0.07119502314814818
2 0.9449508101851852 0.7143518518518519 0.09623842592592591 0.07510127314814818
2 0.940236183449074 0.3989800347222222 0.119527633101852 0.17052228009259252
2 0.07879774305555556 0.7478298611111112 0.08937355324074076 0.07099247685185173
2 0.9558033130787037 0.1650607638888889 0.0883933738425926 0.12958622685185184
2 0.7300925925925926 0.7187644675925926 0.0786458333333333 0.07262731481481488
2 0.43713831018518523 0.7293981481481482 0.06788194444444451 0.06937934027777781
2 0.6588035300925925 0.720876736111111 0.07078993055555571 0.06653645833333321
2 0.22426215277777778 0.7376591435185185 0.08943142361111112 0.07880497685185173
2 0.5914351851851851 0.7248263888888888 0.07078993055555571 0.06653645833333321
2 0.5132957175925925 0.7251880787037037 0.0687789351851853 0.05866608796296302
2 0.14811921296296296 0.7438223379629629 0.08055555555555555 0.0668258101851853
2 0.9357421875 0.7898365162037038 0.06866319444444446 0.0430410879629628
2 0.27464554398148144 0.8143084490740741 0.05305989583333326 0.04550781249999991
2 0.027032696759259258 0.7483868634259259 0.04241898148148148 0.058861400462963065
2 0.8244357638888888 0.7960648148148148 0.056944444444444464 0.042693865740740744
2 0.9795066550925926 0.7855179398148148 0.04098668981481479 0.040451388888888884
2 0.5139250578703703 0.8101490162037037 0.050072337962963065 0.03760850694444451
2 0.39867621527777775 0.8116102430555556 0.04911747685185186 0.04050925925925908
2 0.45434027777777775 0.8099609375 0.04716435185185186 0.040451388888888884
2 0.9882251880787036 0.7071614583333333 0.023549623842592737 0.053515624999999956
2 0.33619791666666665 0.8163917824074074 0.054998553240740766 0.04361255787037033
2 0.5666594328703705 0.8085865162037038 0.052068865740740655 0.0435257523148147
3 0.8593388310185186 0.628978587962963 0.06276765046296306 0.03798466435185199
2 0.22488425925925926 0.8216435185185185 0.054998553240740766 0.04361255787037033
2 0.04044415509259259 0.449095775462963 0.07504340277777778 0.11352719907407405
2 0.7775245949074074 0.7925708912037037 0.06480034722222205 0.04878472222222219
2 0.023560474537037034 0.6752314814814815 0.037586805555555554 0.06555266203703702
2 0.1046875 0.8144603587962963 0.054933449074074076 0.03482349537037033
3 0.8790653935185185 0.7866319444444445 0.04907407407407405 0.03464988425925908
3 0.5930700231481482 0.15434027777777778 0.31819299768518516 0.11877893518518517
3 0.7218822337962962 0.7971498842592593 0.07847222222222205 0.04918981481481488
2 0.6135127314814814 0.8042679398148148 0.041399016203703676 0.05297309027777786
2 0.6672309027777779 0.8036530671296296 0.050115740740740655 0.04346788194444429
2 0.17507957175925926 0.823119212962963 0.06095196759259258 0.05648148148148158
2 0.14675925925925926 0.4283637152777778 0.1371527777777778 0.19445167824074072