2 0.380859375 0.326171875 0.0908203125 0.0830078125
2 0.1826171875 0.572265625 0.1591796875 0.158203125
2 0.5595703125 0.326171875 0.0810546875 0.072265625
2 0.7919921875 0.8173828125 0.3046875 0.123046875
2 0.580078125 0.5595703125 0.134765625 0.1689453125
2 0.0712890625 0.548828125 0.142578125 0.1923828125
2 0.130859375 0.2626953125 0.0830078125 0.0654296875
2 0.927734375 0.3359375 0.1201171875 0.0810546875
2 0.2080078125 0.2626953125 0.078125 0.0625
2 0.6435546875 0.328125 0.0830078125 0.072265625
2 0.71875 0.552734375 0.1513671875 0.166015625
2 0.708984375 0.251953125 0.0830078125 0.072265625
2 0.296875 0.330078125 0.09375 0.0751953125
2 0.216796875 0.3330078125 0.078125 0.0654296875
2 0.7265625 0.328125 0.09375 0.0732421875
2 0.470703125 0.330078125 0.080078125 0.068359375
2 0.828125 0.3310546875 0.1015625 0.0751953125
2 0.0625 0.2607421875 0.083984375 0.0673828125
2 0.642578125 0.251953125 0.076171875 0.0703125
2 0.7841796875 0.2607421875 0.078125 0.0576171875
2 0.048828125 0.333984375 0.0859375 0.072265625
2 0.271484375 0.2626953125 0.0751953125 0.068359375
2 0.3701171875 0.814453125 0.28125 0.1484375
2 0.130859375 0.3310546875 0.0986328125 0.0732421875
2 0.4970703125 0.25 0.072265625 0.072265625
2 0.927734375 0.25 0.0810546875 0.0703125
2 0.669921875 0.1767578125 0.0595703125 0.0439453125
2 0.7294921875 0.1748046875 0.0625 0.048828125
2 0.0439453125 0.8046875 0.0810546875 0.123046875
2 0.5654296875 0.259765625 0.0654296875 0.0654296875
2 0.0234375 0.1865234375 0.046875 0.0390625
2 0.5576171875 0.1796875 0.0625 0.0498046875
2 0.283203125 0.177734375 0.056640625 0.044921875
2 0.0703125 0.1845703125 0.056640625 0.0419921875
2 0.4169921875 0.251953125 0.0732421875 0.080078125
2 0.8642578125 0.255859375 0.072265625 0.0625
2 0.9775390625 0.25 0.044921875 0.0595703125
2 0.1220703125 0.181640625 0.056640625 0.037109375
2 0.017578125 0.2626953125 0.033203125 0.0546875
2 0.5 0.1796875 0.052734375 0.041015625
2 0.609375 0.1767578125 0.0576171875 0.046875
2 0.9833984375 0.333984375 0.033203125 0.0703125
2 0.2294921875 0.181640625 0.056640625 0.044921875
2 0.177734375 0.181640625 0.0595703125 0.0439453125
2 0.8515625 0.5419921875 0.1611328125 0.146484375
2 0.3466796875 0.2529296875 0.0625 0.0673828125
2 0.9658203125 0.552734375 0.068359375 0.1142578125
2 0.787109375 0.171875 0.0546875 0.052734375
2 0.8935546875 0.177734375 0.0625 0.048828125
3 0.962890625 0.1845703125 0.0625 0.0439453125