2 0.380859375 0.326171875 0.087890625 0.0830078125
2 0.5810546875 0.5595703125 0.1279296875 0.169921875
2 0.794921875 0.8173828125 0.3095703125 0.115234375
2 0.708984375 0.251953125 0.078125 0.0673828125
2 0.306640625 0.3251953125 0.0859375 0.080078125
2 0.927734375 0.337890625 0.123046875 0.0908203125
2 0.5576171875 0.326171875 0.076171875 0.072265625
2 0.3701171875 0.8125 0.2890625 0.1533203125
2 0.1328125 0.2607421875 0.083984375 0.072265625
2 0.2080078125 0.2626953125 0.080078125 0.064453125
2 0.7216796875 0.552734375 0.1591796875 0.169921875
2 0.0732421875 0.552734375 0.146484375 0.1826171875
2 0.220703125 0.333984375 0.091796875 0.078125
2 0.642578125 0.3330078125 0.087890625 0.0751953125
2 0.828125 0.330078125 0.099609375 0.0751953125
2 0.7841796875 0.2607421875 0.0810546875 0.0576171875
2 0.7265625 0.328125 0.091796875 0.076171875
2 0.048828125 0.3330078125 0.087890625 0.0751953125
2 0.4970703125 0.2529296875 0.072265625 0.0732421875
2 0.470703125 0.330078125 0.080078125 0.072265625
2 0.130859375 0.3310546875 0.0986328125 0.072265625
2 0.9296875 0.251953125 0.0810546875 0.064453125
2 0.060546875 0.2607421875 0.0810546875 0.0625
2 0.7294921875 0.1748046875 0.0595703125 0.044921875
2 0.0458984375 0.8056640625 0.091796875 0.1298828125
2 0.271484375 0.2607421875 0.0751953125 0.0673828125
2 0.5673828125 0.255859375 0.0703125 0.068359375
2 0.416015625 0.2578125 0.072265625 0.0654296875
2 0.4423828125 0.1796875 0.056640625 0.0439453125
2 0.025390625 0.1845703125 0.05078125 0.044921875
2 0.556640625 0.1796875 0.056640625 0.0439453125
2 0.0673828125 0.1826171875 0.0546875 0.0419921875
2 0.6376953125 0.255859375 0.0654296875 0.056640625
2 0.2841796875 0.1796875 0.0546875 0.044921875
2 0.669921875 0.1748046875 0.0546875 0.0439453125
2 0.3935546875 0.1826171875 0.0517578125 0.046875
2 0.3388671875 0.177734375 0.0546875 0.048828125
2 0.8642578125 0.255859375 0.078125 0.0673828125
2 0.7861328125 0.1748046875 0.0576171875 0.044921875
2 0.2294921875 0.1796875 0.0595703125 0.048828125
2 0.9755859375 0.2490234375 0.048828125 0.0576171875
2 0.349609375 0.251953125 0.0625 0.064453125
2 0.607421875 0.1767578125 0.056640625 0.044921875
2 0.015625 0.263671875 0.029296875 0.056640625
2 0.1220703125 0.181640625 0.0595703125 0.0439453125
2 0.9814453125 0.33203125 0.037109375 0.0732421875
2 0.5 0.181640625 0.052734375 0.0439453125
2 0.962890625 0.560546875 0.068359375 0.1357421875
2 0.177734375 0.1826171875 0.0595703125 0.0419921875
2 0.8984375 0.1826171875 0.068359375 0.0390625
2 0.845703125 0.5341796875 0.134765625 0.1044921875
2 0.8359375 0.173828125 0.048828125 0.0546875