2 0.3929398148148148 0.3430989583333333 0.09371383101851849 0.08216145833333333
2 0.20576533564814817 0.5804687500000001 0.16691984953703703 0.16341145833333348
2 0.5696976273148149 0.35095486111111107 0.08268229166666652 0.07387152777777772
2 0.8251953125 0.8527126736111111 0.31235532407407396 0.1416015625
2 0.0896629050925926 0.5519097222222222 0.14554398148148148 0.19171006944444446
2 0.6008029513888888 0.5853515625000001 0.12315538194444464 0.16634114583333348
2 0.14058883101851852 0.26851128472222224 0.08365885416666669 0.07391493055555554
2 0.2187138310185185 0.27198350694444445 0.08246527777777779 0.06801215277777772
2 0.7173394097222222 0.2834201388888889 0.08561197916666674 0.07400173611111105
2 0.6557074652777777 0.35672743055555556 0.08872251157407396 0.07901475694444449
2 0.7422960069444444 0.5887152777777778 0.16435185185185186 0.17304687500000004
2 0.7387152777777778 0.36041666666666666 0.0995732060185186 0.08242187499999998
2 0.9369936342592593 0.2912326388888889 0.08365885416666652 0.07391493055555554
2 0.44603587962962965 0.197265625 0.07241030092592593 0.05976562499999999
2 0.2291304976851852 0.3426432291666667 0.08365885416666669 0.07391493055555554
2 0.3072554976851852 0.3461154513888889 0.09335214120370372 0.07239583333333333
2 0.9400860821759259 0.3771701388888889 0.11982783564814814 0.08138020833333337
2 0.8383246527777778 0.36484375 0.10243055555555558 0.0805989583333333
2 0.4828559027777778 0.3490451388888889 0.08373119212962954 0.07586805555555554
2 0.5064019097222222 0.2740451388888889 0.07298900462962976 0.07539062500000004
2 0.7928602430555556 0.2955512152777778 0.08514178240740744 0.06130642361111105
2 0.3993055555555556 0.830859375 0.27513744212962954 0.13702256944444446
2 0.06116174768518519 0.3351779513888889 0.09165219907407407 0.07914496527777781
2 0.07020399305555555 0.26343315972222225 0.08629918981481483 0.06623263888888897
2 0.14308449074074076 0.3358940972222222 0.10221354166666663 0.0747395833333333
2 0.5750506365740741 0.28489583333333335 0.0727358217592593 0.06855468750000004
2 0.7359664351851851 0.2072265625 0.06235532407407396 0.051519097222222254
2 0.2830946180555556 0.2728949652777778 0.07555700231481488 0.06575520833333326
2 0.42556423611111116 0.27630208333333334 0.07458043981481488 0.06571180555555556
2 0.6482204861111112 0.28619791666666666 0.07074652777777768 0.06749131944444442
2 0.28978587962962965 0.19032118055555555 0.05642361111111116 0.04930555555555555
2 0.6763961226851852 0.20457899305555555 0.05830439814814814 0.047439236111111116
2 0.5593171296296297 0.20230034722222223 0.06221064814814814 0.047612847222222254
2 0.08195891203703703 0.18595920138888888 0.06709346064814814 0.047829861111111094
2 0.8717447916666667 0.29320746527777775 0.07269965277777768 0.06757812500000004
2 0.981617115162037 0.2924696180555556 0.03676576967592604 0.05961371527777781
3 0.5066550925925926 0.2019097222222222 0.05410879629629628 0.03945312499999998
2 0.39525462962962965 0.19500868055555556 0.04557291666666674 0.0458984375
2 0.02727141203703704 0.2625 0.036313657407407406 0.05913628472222221
2 0.9881998697916667 0.37764756944444444 0.02360026041666652 0.07183159722222221
2 0.23133680555555555 0.1916232638888889 0.056134259259259245 0.04149305555555555
2 0.6187789351851851 0.20201822916666667 0.05338541666666652 0.04624565972222222
3 0.13371672453703703 0.1882595486111111 0.047960069444444475 0.031380208333333326
2 0.8746744791666667 0.5828993055555556 0.15346498842592604 0.14233940972222214
2 0.9768337673611112 0.599609375 0.04633246527777768 0.13754340277777777
2 0.18059172453703703 0.19034288194444443 0.058268229166666685 0.046462673611111116
2 0.3531177662037037 0.2682074652777778 0.0703486689814814 0.08307291666666672
3 0.03533709490740741 0.19071180555555556 0.05005787037037038 0.035373263888888895