2 0.380859375 0.3251953125 0.0888671875 0.0810546875
2 0.1767578125 0.5654296875 0.1484375 0.1513671875
2 0.7138671875 0.5498046875 0.1357421875 0.15625
2 0.580078125 0.5576171875 0.126953125 0.1640625
2 0.708984375 0.251953125 0.0830078125 0.068359375
2 0.794921875 0.818359375 0.3154296875 0.1455078125
2 0.5576171875 0.326171875 0.072265625 0.0654296875
2 0.9296875 0.333984375 0.115234375 0.0859375
2 0.46875 0.326171875 0.0810546875 0.0703125
2 0.4970703125 0.25 0.0810546875 0.076171875
2 0.3046875 0.3232421875 0.0859375 0.080078125
2 0.2080078125 0.2626953125 0.080078125 0.060546875
2 0.2216796875 0.330078125 0.0859375 0.0703125
2 0.4189453125 0.2529296875 0.0732421875 0.0703125
2 0.828125 0.328125 0.095703125 0.0703125
2 0.724609375 0.328125 0.0908203125 0.0703125
2 0.9296875 0.25 0.0810546875 0.0654296875
2 0.046875 0.3330078125 0.083984375 0.0732421875
2 0.2734375 0.2626953125 0.0703125 0.0625
2 0.0595703125 0.259765625 0.087890625 0.072265625
2 0.130859375 0.2607421875 0.080078125 0.0654296875
2 0.640625 0.3310546875 0.0888671875 0.076171875
2 0.6376953125 0.2548828125 0.0703125 0.0654296875
2 0.1298828125 0.3310546875 0.1142578125 0.0859375
2 0.5673828125 0.255859375 0.0703125 0.068359375
2 0.833984375 0.513671875 0.134765625 0.1611328125
2 0.7294921875 0.1748046875 0.0595703125 0.044921875
2 0.283203125 0.177734375 0.0546875 0.046875
2 0.4423828125 0.1796875 0.0546875 0.041015625
2 0.859375 0.2529296875 0.091796875 0.0703125
2 0.0439453125 0.8056640625 0.087890625 0.1298828125
2 0.072265625 0.1845703125 0.0625 0.041015625
2 0.5546875 0.1796875 0.0546875 0.0419921875
2 0.025390625 0.1875 0.046875 0.037109375
2 0.2294921875 0.1796875 0.0595703125 0.044921875
2 0.974609375 0.2490234375 0.0498046875 0.060546875
2 0.3486328125 0.251953125 0.0654296875 0.072265625
2 0.501953125 0.1796875 0.046875 0.041015625
2 0.3388671875 0.1767578125 0.0546875 0.0390625
2 0.177734375 0.1796875 0.0517578125 0.0361328125
2 0.7890625 0.1748046875 0.064453125 0.048828125
2 0.962890625 0.5498046875 0.072265625 0.1142578125
3 0.1298828125 0.1826171875 0.0517578125 0.0361328125
2 0.982421875 0.33203125 0.0341796875 0.0732421875
2 0.607421875 0.1748046875 0.056640625 0.041015625
3 0.7734375 0.2626953125 0.060546875 0.0419921875
2 0.6689453125 0.1767578125 0.0517578125 0.0390625
2 0.126953125 0.2998046875 0.0888671875 0.0859375
2 0.2138671875 0.294921875 0.0810546875 0.078125
3 0.060546875 0.576171875 0.12109375 0.1484375
3 0.841796875 0.1767578125 0.0673828125 0.048828125
3 0.3876953125 0.828125 0.28125 0.0751953125