2 0.384765625 0.3232421875 0.087890625 0.076171875
2 0.931640625 0.333984375 0.107421875 0.0751953125
2 0.642578125 0.326171875 0.0830078125 0.076171875
2 0.5576171875 0.3251953125 0.0732421875 0.068359375
2 0.708984375 0.251953125 0.076171875 0.068359375
2 0.580078125 0.5625 0.111328125 0.1484375
2 0.4794921875 0.3251953125 0.0732421875 0.0732421875
2 0.8642578125 0.8212890625 0.271484375 0.134765625
2 0.3017578125 0.3251953125 0.091796875 0.0703125
2 0.7294921875 0.326171875 0.09375 0.078125
2 0.177734375 0.572265625 0.1435546875 0.146484375
2 0.1328125 0.263671875 0.080078125 0.064453125
2 0.2080078125 0.2626953125 0.080078125 0.0576171875
2 0.220703125 0.326171875 0.091796875 0.068359375
2 0.7216796875 0.5517578125 0.1484375 0.1591796875
2 0.0595703125 0.333984375 0.111328125 0.076171875
2 0.640625 0.251953125 0.0703125 0.064453125
2 0.8330078125 0.330078125 0.0966796875 0.0703125
2 0.060546875 0.2578125 0.09375 0.0673828125
2 0.064453125 0.5732421875 0.1279296875 0.1748046875
2 0.9267578125 0.25 0.0888671875 0.068359375
2 0.0439453125 0.806640625 0.087890625 0.126953125
2 0.275390625 0.259765625 0.076171875 0.068359375
2 0.568359375 0.2578125 0.0654296875 0.0654296875
2 0.3466796875 0.259765625 0.068359375 0.0625
2 0.78125 0.255859375 0.0888671875 0.076171875
2 0.4140625 0.2578125 0.0703125 0.064453125
2 0.4921875 0.259765625 0.0703125 0.0595703125
2 0.857421875 0.251953125 0.078125 0.0625
2 0.0703125 0.1826171875 0.068359375 0.041015625
2 0.7314453125 0.177734375 0.0546875 0.044921875
2 0.9794921875 0.251953125 0.041015625 0.056640625
2 0.181640625 0.1796875 0.056640625 0.041015625
2 0.0234375 0.185546875 0.046875 0.0390625
2 0.4921875 0.1748046875 0.0498046875 0.037109375
2 0.607421875 0.1767578125 0.048828125 0.037109375
2 0.5517578125 0.1767578125 0.048828125 0.041015625
2 0.015625 0.263671875 0.03125 0.0546875
2 0.669921875 0.173828125 0.052734375 0.0390625
2 0.439453125 0.1748046875 0.0498046875 0.0419921875
3 0.1455078125 0.345703125 0.0625 0.0390625
2 0.78125 0.171875 0.0546875 0.0439453125
2 0.9638671875 0.5517578125 0.068359375 0.107421875
2 0.228515625 0.1845703125 0.064453125 0.046875
2 0.9814453125 0.3232421875 0.037109375 0.064453125
2 0.9013671875 0.1826171875 0.0546875 0.033203125
3 0.126953125 0.1875 0.048828125 0.0341796875
3 0.408203125 0.828125 0.3125 0.0986328125
3 0.2841796875 0.181640625 0.078125 0.0439453125
2 0.392578125 0.177734375 0.0439453125 0.052734375
2 0.3388671875 0.1767578125 0.0517578125 0.0439453125
2 0.8310546875 0.171875 0.056640625 0.0517578125
2 0.8564453125 0.5673828125 0.1376953125 0.1923828125