2 0.43279803240740744 0.6492838541666666 0.09150752314814814 0.08092447916666679
2 0.3487413194444444 0.65390625 0.0932436342592593 0.078125
2 0.7643952546296297 0.70078125 0.08528645833333326 0.0756510416666667
2 0.6124855324074074 0.398828125 0.1254701967592593 0.15898437499999996
2 0.9629720052083333 0.6038411458333334 0.07405598958333348 0.08229166666666665
2 0.18547453703703703 0.7285807291666667 0.09331597222222221 0.0791015625
2 0.40031828703703703 0.7142578125000001 0.08355034722222221 0.07845052083333348
2 0.2113715277777778 0.41575520833333335 0.1514033564814815 0.15488281250000002
2 0.26262297453703703 0.7234375 0.08904803240740744 0.07395833333333335
2 0.2667100694444445 0.659375 0.09092881944444442 0.07311197916666679
2 0.8798466435185186 0.6165364583333334 0.10091145833333348 0.0766927083333333
2 0.6960358796296297 0.7053385416666667 0.0854311342592593 0.0776041666666667
2 0.7546657986111112 0.39720052083333335 0.1552734375 0.16777343749999996
2 0.7764756944444444 0.625390625 0.09309895833333348 0.076171875
2 0.8723596643518519 0.11888020833333335 0.2552806712962963 0.14453125
2 0.6095558449074074 0.6375 0.07830584490740744 0.0732421875
2 0.5294777199074074 0.6428385416666667 0.07005931712962954 0.0668619791666667
2 0.9684063946759259 0.6881510416666666 0.06318721064814814 0.07421875
2 0.6924913194444444 0.6309895833333333 0.0893373842592593 0.07786458333333335
2 0.0962818287037037 0.425390625 0.1422164351851852 0.18828124999999996
2 0.8344184027777778 0.6921875 0.08514178240740744 0.0736979166666667
2 0.32819733796296297 0.7210286458333333 0.08311631944444442 0.07259114583333348
2 0.6204065393518519 0.7044921875 0.07845052083333326 0.0751953125
2 0.11711516203703705 0.7331380208333333 0.08604600694444445 0.0727864583333333
2 0.17950665509259262 0.6612630208333333 0.10369646990740744 0.07493489583333335
2 0.5489728009259259 0.7072916666666667 0.07823350694444442 0.072265625
2 0.47084780092592593 0.7124999999999999 0.08318865740740744 0.07356770833333348
2 0.09816261574074076 0.6627604166666666 0.09331597222222221 0.0791015625
2 0.05841290509259259 0.1923828125 0.09577546296296297 0.13854166666666667
2 0.13071469907407407 0.8107421875 0.07552083333333337 0.04876302083333339
2 0.7906177662037037 0.7765625 0.05598958333333326 0.04746093749999991
2 0.6134982638888888 0.7834635416666667 0.05305989583333348 0.04726562500000009
2 0.503002025462963 0.7888671875 0.05743634259259256 0.040755208333333126
2 0.07016782407407407 0.7352864583333333 0.03349247685185186 0.05859375
2 0.7308304398148149 0.7776041666666667 0.05598958333333348 0.04746093749999991
2 0.9114221643518519 0.6850911458333333 0.07801649305555558 0.0693359375
2 0.2404513888888889 0.8083333333333333 0.05989583333333337 0.047721354166666785
2 0.08383969907407408 0.8138671875 0.05020254629629631 0.048046875000000044
2 0.9785337094907407 0.38105468750000004 0.0429325810185186 0.12968749999999996
2 0.8965928819444444 0.4054036458333333 0.1533926504629628 0.14238281249999996
2 0.6683304398148149 0.7817708333333333 0.05313223379629628 0.04824218750000009
2 0.8427372685185186 0.7779947916666667 0.05255353009259256 0.04042968750000009
2 0.28696469907407407 0.8003255208333333 0.07414641203703698 0.056445312499999956
2 0.17997685185185186 0.7073567708333333 0.08857783564814814 0.08072916666666652
2 0.33195891203703703 0.6923177083333334 0.08608217592592593 0.0863932291666667
3 0.18833188657407407 0.8069010416666667 0.0473813657407407 0.03619791666666661
2 0.0691550925925926 0.6156250000000001 0.04173900462962962 0.03873697916666652
3 0.5619212962962963 0.7761067708333333 0.05967881944444442 0.044791666666666785
2 0.22750289351851855 0.6600260416666667 0.1802300347222222 0.08489583333333339
3 0.4094328703703704 0.14837239583333334 0.27864583333333337 0.1147786458333333
3 0.34946469907407407 0.7961588541666667 0.05989583333333326 0.047721354166666785
3 0.8968460648148148 0.7665364583333334 0.08817997685185186 0.062239583333333126