2 0.2001953125 0.2548828125 0.083984375 0.068359375
2 0.125 0.2607421875 0.0859375 0.0654296875
3 0.513671875 0.353515625 0.068359375 0.037109375
3 0.28125 0.2626953125 0.078125 0.0625
3 0.4326171875 0.349609375 0.078125 0.037109375
3 0.5986328125 0.3515625 0.072265625 0.033203125
3 0.6796875 0.353515625 0.0673828125 0.03125
2 0.96875 0.337890625 0.0595703125 0.0673828125
3 0.7607421875 0.3515625 0.0654296875 0.03125
3 0.0283203125 0.263671875 0.0546875 0.0576171875
3 0.3642578125 0.265625 0.0859375 0.0595703125
3 0.3408203125 0.59375 0.1357421875 0.1611328125
3 0.4716796875 0.587890625 0.1591796875 0.1640625
3 0.201171875 0.5986328125 0.123046875 0.1611328125
3 0.076171875 0.603515625 0.1279296875 0.1611328125
3 0.5673828125 0.189453125 0.060546875 0.037109375
3 0.5185546875 0.1923828125 0.056640625 0.0341796875
3 0.462890625 0.197265625 0.064453125 0.037109375
3 0.4111328125 0.197265625 0.064453125 0.037109375
3 0.6328125 0.2734375 0.091796875 0.052734375
3 0.345703125 0.345703125 0.091796875 0.0361328125
3 0.2578125 0.349609375 0.0888671875 0.0498046875
3 0.1767578125 0.3515625 0.095703125 0.052734375
3 0.095703125 0.357421875 0.1142578125 0.0654296875
3 0.9501953125 0.583984375 0.099609375 0.130859375
3 0.7216796875 0.2734375 0.103515625 0.056640625
3 0.8984375 0.2763671875 0.0810546875 0.044921875
3 0.8720703125 0.349609375 0.087890625 0.048828125
3 0.447265625 0.267578125 0.080078125 0.060546875
3 0.541015625 0.2705078125 0.099609375 0.068359375