2 0.6224175347222223 0.34147135416666663 0.08956163194444455 0.07779947916666674
2 0.07578125 0.33600983796296297 0.10807291666666669 0.07639612268518514
2 0.3646701388888889 0.33676215277777777 0.08771701388888886 0.08262442129629632
2 0.449609375 0.3383029513888889 0.08174913194444444 0.07756799768518519
2 0.29661458333333335 0.26057581018518516 0.0766927083333333 0.06961082175925926
2 0.432421875 0.5749421296296295 0.12055121527777779 0.15483940972222232
2 0.527734375 0.3406177662037037 0.07686631944444455 0.07742332175925926
2 0.15206163194444444 0.8262297453703704 0.2700520833333333 0.11925636574074083
2 0.7054687500000001 0.34588396990740744 0.09238281249999991 0.07300347222222214
2 0.2777560763888889 0.3341869212962963 0.09244791666666663 0.07593315972222225
2 0.8349826388888889 0.5966290509259259 0.14385850694444446 0.14967447916666665
2 0.873046875 0.28936631944444446 0.08550347222222232 0.07084780092592591
2 0.7978298611111111 0.2861617476851852 0.08240017361111107 0.06294849537037028
2 0.7865451388888889 0.3492621527777777 0.09331597222222232 0.07107928240740735
2 0.2905815972222222 0.5600043402777778 0.15993923611111116 0.17064525462962954
2 0.9466796875 0.3618489583333333 0.10664062500000004 0.07349537037037046
2 0.36497395833333335 0.26260127314814813 0.0737630208333333 0.06952401620370374
2 0.17432725694444445 0.33502604166666666 0.09722222222222221 0.07119502314814818
2 0.9451822916666667 0.28564814814814815 0.09730902777777772 0.07510127314814818
2 0.9444064670138889 0.6010199652777778 0.11118706597222228 0.17052228009259252
2 0.07879774305555556 0.2521701388888889 0.09038628472222221 0.07099247685185184
2 0.9635796440972222 0.8349392361111112 0.07284071180555562 0.12958622685185173
2 0.7303819444444444 0.2812355324074074 0.07968749999999991 0.07262731481481488
2 0.4373697916666667 0.2706018518518518 0.0688802083333333 0.06937934027777781
2 0.6590928819444444 0.2791232638888889 0.0717447916666667 0.06653645833333333
2 0.22443576388888886 0.2623408564814815 0.09055989583333335 0.07880497685185184
2 0.5916666666666667 0.2751736111111111 0.0717447916666667 0.06653645833333333
2 0.5135850694444444 0.2748119212962963 0.06961805555555545 0.05866608796296302
2 0.14817708333333335 0.256177662037037 0.0815104166666667 0.06682581018518519
2 0.9337456597222222 0.2101634837962963 0.06927083333333339 0.043041087962962965
2 0.27250434027777776 0.18569155092592593 0.0537109375 0.04550781250000002
2 0.027061631944444445 0.2516131365740741 0.04327256944444444 0.058861400462962954
2 0.8223524305555556 0.2039351851851852 0.05755208333333339 0.042693865740740744
2 0.9784071180555556 0.21448206018518517 0.04318576388888884 0.040451388888888884
2 0.5116970486111111 0.18985098379629628 0.05060763888888897 0.0376085069444444
2 0.3965060763888889 0.18838975694444443 0.04969618055555558 0.0405092592592593
2 0.4521701388888889 0.1900390625 0.04774305555555558 0.040451388888888884
2 0.988232421875 0.2928385416666667 0.02353515624999991 0.053515624999999956
2 0.3339409722222222 0.1836082175925926 0.05562065972222219 0.04361255787037033
2 0.5644314236111111 0.1914134837962963 0.05269097222222219 0.043525752314814814
3 0.8621744791666667 0.37102141203703703 0.06330295138888897 0.03798466435185188
2 0.22256944444444446 0.17835648148148148 0.05562065972222224 0.04361255787037038
2 0.04932725694444444 0.550904224537037 0.07669270833333333 0.11352719907407405
2 0.7755859375 0.20742910879629628 0.06549479166666661 0.04878472222222219
2 0.025759548611111113 0.3247685185185185 0.03854166666666667 0.06555266203703702
2 0.10269097222222222 0.1855396412037037 0.05542534722222223 0.03482349537037038
3 0.8772135416666667 0.21336805555555555 0.04956597222222214 0.0346498842592593
3 0.6101996527777778 0.8456597222222222 0.3198133680555555 0.11877893518518512
3 0.7198567708333333 0.20285011574074074 0.07916666666666661 0.049189814814814825
2 0.6113715277777778 0.19573206018518519 0.04216579861111125 0.052973090277777746
2 0.6650607638888889 0.19634693287037036 0.05073784722222219 0.0434678819444444
2 0.17276475694444443 0.17688078703703702 0.061762152777777746 0.056481481481481466
2 0.15616319444444443 0.5716362847222223 0.13997395833333337 0.19445167824074083