2 0.8173828125 0.572265625 0.142578125 0.140625
2 0.419921875 0.5595703125 0.119140625 0.15625
2 0.203125 0.8173828125 0.310546875 0.140625
2 0.4296875 0.4296875 0.185546875 0.111328125
2 0.279296875 0.556640625 0.158203125 0.1640625
2 0.939453125 0.333984375 0.109375 0.0703125
2 0.9326171875 0.5546875 0.130859375 0.181640625
3 0.8486328125 0.34375 0.060546875 0.033203125
2 0.037109375 0.56640625 0.0732421875 0.142578125
2 0.1328125 0.626953125 0.119140625 0.0654296875
2 0.9853515625 0.3251953125 0.029296875 0.060546875
2 0.1533203125 0.537109375 0.138671875 0.1064453125
2 0.771484375 0.1796875 0.0673828125 0.0595703125
3 0.7734375 0.3544921875 0.0830078125 0.0673828125
3 0.685546875 0.3486328125 0.083984375 0.0595703125
3 0.611328125 0.34375 0.0908203125 0.0703125
3 0.5263671875 0.341796875 0.1015625 0.0673828125
3 0.4423828125 0.3408203125 0.0986328125 0.060546875
3 0.359375 0.3466796875 0.103515625 0.068359375
3 0.2734375 0.3486328125 0.1044921875 0.0751953125
3 0.1904296875 0.3466796875 0.109375 0.078125
3 0.103515625 0.349609375 0.1142578125 0.076171875
3 0.298828125 0.28125 0.0908203125 0.052734375
3 0.2314453125 0.275390625 0.0859375 0.037109375
3 0.15625 0.271484375 0.0888671875 0.0390625
3 0.513671875 0.271484375 0.0830078125 0.046875
3 0.583984375 0.2783203125 0.078125 0.0361328125
3 0.794921875 0.279296875 0.0830078125 0.0361328125
3 0.556640625 0.1953125 0.064453125 0.0390625
3 0.5048828125 0.1923828125 0.0673828125 0.0439453125
3 0.4501953125 0.1904296875 0.0625 0.0390625
3 0.3388671875 0.1904296875 0.0654296875 0.03125
3 0.28125 0.1904296875 0.0703125 0.0341796875
3 0.0576171875 0.185546875 0.080078125 0.0361328125