2 0.41985677083333334 0.6995587384259259 0.0898365162037037 0.08028790509259265
2 0.9539351851851852 0.7212239583333333 0.09212962962962967 0.08966290509259256
2 0.6775173611111112 0.7119068287037037 0.08998842592592604 0.08321759259259265
2 0.5926070601851852 0.7078486689814815 0.08402777777777781 0.08091724537037037
2 0.7477719907407407 0.7900607638888889 0.07971643518518512 0.07287326388888893
2 0.6027633101851853 0.471875 0.12811776620370363 0.16141493055555556
2 0.5144820601851852 0.7032190393518518 0.07909432870370381 0.07965133101851851
2 0.8671440972222222 0.22992621527777776 0.2657118055555556 0.15085358796296294
2 0.33674768518518516 0.6926866319444445 0.09965277777777781 0.08184317129629637
2 0.7644314236111112 0.7170572916666667 0.09769965277777759 0.08172743055555554
2 0.19991319444444444 0.43826678240740735 0.15946903935185186 0.16521990740740744
2 0.17099247685185187 0.7441984953703704 0.08331886574074077 0.06724537037037037
2 0.24623842592592593 0.7496310763888889 0.087377025462963 0.07040653935185182
2 0.2556423611111111 0.6869068287037037 0.09749710648148147 0.07782118055555554
2 0.744921875 0.49100839120370365 0.1597728587962961 0.17107928240740744
2 0.09410445601851852 0.6695457175925926 0.11650752314814816 0.08770978009259256
2 0.6794126157407407 0.786009837962963 0.07678674768518512 0.07269965277777768
2 0.8677445023148148 0.7192853009259259 0.10032552083333335 0.07604166666666679
2 0.0990306712962963 0.7457754629629629 0.09518952546296297 0.0708695023148147
2 0.08668258101851853 0.43253038194444443 0.1381221064814815 0.18537326388888886
2 0.9591814959490741 0.8049189814814814 0.08163700810185182 0.07764756944444429
2 0.05392071759259259 0.19498697916666669 0.09036458333333333 0.12802372685185182
2 0.31377314814814816 0.7565538194444444 0.07868923611111112 0.07183883101851851
2 0.6068431712962963 0.7758680555555555 0.07601273148148158 0.07654803240740726
2 0.38506221064814816 0.7607783564814814 0.07673611111111112 0.07172309027777768
2 0.8198350694444445 0.7904369212962963 0.09281684027777759 0.08143807870370368
2 0.4525462962962963 0.766724537037037 0.07673611111111112 0.07172309027777768
2 0.5305700231481482 0.7694010416666667 0.07540509259259265 0.06482928240740748
2 0.8962094907407407 0.7988570601851852 0.08342013888888888 0.06919849537037037
2 0.1126953125 0.8215494791666667 0.07469618055555555 0.051157407407407485
2 0.7740813078703703 0.8656105324074075 0.05701678240740726 0.048162615740740655
2 0.9974320023148149 0.8070095486111111 0.005135995370370239 0.06010561342592591
2 0.2241753472222222 0.8310763888888889 0.05989583333333337 0.047359664351851904
2 0.06566840277777779 0.8158420138888889 0.04900173611111111 0.04379340277777777
2 0.5349754050925926 0.8543619791666667 0.051678240740740566 0.039084201388888795
2 0.6501085069444444 0.8592375578703704 0.05075231481481479 0.0400028935185186
2 0.5944444444444444 0.8559389467592593 0.05095486111111103 0.0439091435185186
2 0.05380497685185186 0.737254050925926 0.03213252314814816 0.05642361111111116
2 0.7127604166666667 0.8658709490740741 0.05681423611111103 0.044256365740740655
2 0.4822410300925926 0.8512369791666667 0.05095486111111114 0.0439091435185186
3 0.17943431712962962 0.6629195601851852 0.06242042824074073 0.03972077546296293
2 0.8241898148148148 0.8744212962962963 0.05686487268518503 0.045232928240740655
2 0.9758174189814814 0.5053602430555556 0.04836516203703711 0.11032262731481479
2 0.27079716435185186 0.8289713541666667 0.06698495370370372 0.052647569444444375
2 0.9993507667824074 0.7330222800925925 0.0012984664351851638 0.0645254629629628
2 0.9437500000000001 0.8707971643518518 0.05425347222222232 0.032421875000000044
3 0.16908275462962963 0.8200231481481481 0.050549768518518556 0.0360966435185186
3 0.417115162037037 0.1960648148148148 0.32499276620370376 0.14679542824074077
3 0.3266131365740741 0.8351996527777779 0.08045428240740748 0.04955150462962976
2 0.4352141203703703 0.845529513888889 0.041644965277777724 0.05211950231481488
2 0.38155381944444444 0.8433232060185185 0.055063657407407374 0.048046875000000044
2 0.8739945023148148 0.8773726851851852 0.062405960648148184 0.058217592592592515
2 0.8788773148148148 0.48336950231481485 0.16375144675925934 0.21025752314814816