2 0.619140625 0.326171875 0.0908203125 0.083984375
2 0.822265625 0.5654296875 0.1484375 0.150390625
2 0.2080078125 0.8173828125 0.3232421875 0.142578125
2 0.4189453125 0.5595703125 0.1279296875 0.1669921875
2 0.4423828125 0.326171875 0.0751953125 0.068359375
2 0.9306640625 0.546875 0.138671875 0.18359375
2 0.072265625 0.333984375 0.119140625 0.083984375
2 0.28125 0.5517578125 0.1435546875 0.162109375
2 0.291015625 0.251953125 0.083984375 0.072265625
2 0.6279296875 0.814453125 0.283203125 0.1435546875
2 0.6953125 0.3251953125 0.078125 0.068359375
2 0.7919921875 0.2607421875 0.0810546875 0.0654296875
2 0.171875 0.328125 0.103515625 0.080078125
2 0.53125 0.326171875 0.091796875 0.076171875
2 0.7783203125 0.3310546875 0.087890625 0.0732421875
2 0.2734375 0.328125 0.0888671875 0.0703125
2 0.8701171875 0.2607421875 0.083984375 0.0703125
2 0.357421875 0.3310546875 0.0888671875 0.078125
2 0.728515625 0.2607421875 0.0732421875 0.0654296875
2 0.5029296875 0.251953125 0.0703125 0.072265625
2 0.953125 0.3310546875 0.083984375 0.0732421875
2 0.939453125 0.2607421875 0.0810546875 0.0625
2 0.0703125 0.251953125 0.080078125 0.0673828125
2 0.9560546875 0.8076171875 0.087890625 0.125
2 0.8701171875 0.330078125 0.099609375 0.0703125
2 0.361328125 0.2548828125 0.0732421875 0.0673828125
2 0.2705078125 0.1748046875 0.0625 0.048828125
2 0.4326171875 0.259765625 0.0654296875 0.0625
2 0.5859375 0.2548828125 0.0673828125 0.060546875
2 0.5595703125 0.1796875 0.056640625 0.044921875
2 0.716796875 0.177734375 0.0517578125 0.041015625
2 0.974609375 0.1865234375 0.0498046875 0.0419921875
2 0.9296875 0.1826171875 0.0654296875 0.044921875
2 0.140625 0.2548828125 0.0888671875 0.0732421875
2 0.443359375 0.1796875 0.0517578125 0.0439453125
2 0.822265625 0.1796875 0.0546875 0.0419921875
2 0.021484375 0.2490234375 0.04296875 0.056640625
2 0.982421875 0.2626953125 0.033203125 0.0576171875
2 0.6611328125 0.177734375 0.0498046875 0.041015625
2 0.330078125 0.1748046875 0.0546875 0.041015625
2 0.0390625 0.5478515625 0.078125 0.111328125
2 0.7705078125 0.181640625 0.0576171875 0.0439453125
2 0.1484375 0.572265625 0.1611328125 0.201171875
2 0.6533203125 0.251953125 0.0595703125 0.0625
2 0.5 0.1796875 0.046875 0.0390625
2 0.0166015625 0.33203125 0.033203125 0.0703125
2 0.212890625 0.1748046875 0.0595703125 0.0439453125
3 0.869140625 0.1875 0.0517578125 0.03125
2 0.609375 0.177734375 0.048828125 0.0439453125
2 0.3935546875 0.1748046875 0.052734375 0.041015625
3 0.224609375 0.2626953125 0.0625 0.048828125
2 0.787109375 0.28125 0.0703125 0.068359375
2 0.873046875 0.2890625 0.087890625 0.0830078125