2 0.6336371527777778 0.34910300925925924 0.09735243055555554 0.08452690972222221
2 0.8408637152777778 0.602466724537037 0.17122395833333348 0.16720920138888884
2 0.45687934027777777 0.3425564236111111 0.07805989583333339 0.06723813657407407
2 0.24140625 0.8249782986111112 0.32113715277777777 0.1620370370370372
2 0.9388020833333333 0.583224826388889 0.12239583333333348 0.19473379629629628
2 0.4447916666666667 0.575122974537037 0.1353515624999999 0.17173032407407396
2 0.8808159722222222 0.2948857060185185 0.07903645833333339 0.06727430555555558
2 0.8026909722222222 0.2919921875 0.08600260416666661 0.07045717592592593
2 0.3031901041666667 0.26276765046296297 0.08307291666666661 0.07034866898148151
2 0.37102864583333334 0.3413266782407407 0.08719618055555556 0.07537615740740744
2 0.3030598958333333 0.5669487847222222 0.1523654513888889 0.1596860532407407
2 0.28802083333333334 0.33825231481481477 0.09904513888888888 0.07873987268518512
2 0.08337673611111111 0.25267650462962965 0.07805989583333334 0.06723813657407407
2 0.5684461805555556 0.19849537037037038 0.06759982638888884 0.051251446759259245
2 0.7980034722222222 0.36201533564814814 0.08732638888888888 0.07830584490740744
2 0.7198784722222222 0.35912181712962965 0.09696180555555545 0.07573784722222221
2 0.08719618055555556 0.33861400462962965 0.11738281249999999 0.07454427083333326
2 0.18841145833333334 0.3345630787037037 0.10308159722222221 0.08181423611111116
2 0.5438802083333334 0.34772858796296297 0.0873697916666667 0.07928240740740744
2 0.5141276041666667 0.27058015046296297 0.07343750000000004 0.07291666666666663
2 0.22838541666666667 0.2687717013888889 0.08348524305555549 0.05768952546296291
2 0.6670572916666666 0.837818287037037 0.2816406250000001 0.15082465277777768
2 0.96123046875 0.36823640046296297 0.07753906250000009 0.07146990740740744
2 0.9510416666666667 0.29553674768518523 0.09199218750000004 0.07360387731481488
2 0.8838107638888888 0.36226851851851855 0.10477430555555545 0.07602719907407407
2 0.44611545138888886 0.2758608217592593 0.07330729166666661 0.06998697916666674
2 0.27827690972222224 0.18482349537037035 0.061653645833333326 0.04908130787037035
2 0.7381510416666667 0.2876519097222222 0.08125000000000004 0.0732060185185186
2 0.5954427083333333 0.27944155092592593 0.07921006944444442 0.07118055555555558
2 0.37278645833333335 0.27119502314814814 0.07530381944444442 0.07103587962962965
2 0.7246961805555556 0.2042824074074074 0.05881076388888884 0.05092592592592593
2 0.33784722222222224 0.18702980324074076 0.05859375 0.04604311342592593
2 0.4551649305555555 0.19429976851851855 0.06156684027777781 0.04712818287037035
2 0.9329210069444445 0.21686921296296297 0.06742621527777781 0.047345196759259245
2 0.14902343750000002 0.2599826388888889 0.07105034722222225 0.06307870370370372
2 0.033528645833333336 0.24985532407407407 0.04748263888888889 0.05928096064814814
3 0.5079861111111111 0.19820601851851852 0.058506944444444375 0.04408998842592593
2 0.6192274305555556 0.2003761574074074 0.04691840277777759 0.04658564814814814
2 0.987841796875 0.29810474537037035 0.02431640625000009 0.05888310185185186
2 0.0314453125 0.3345992476851852 0.03624131944444445 0.06958912037037035
2 0.7834635416666667 0.2103587962962963 0.05447048611111116 0.041015625
2 0.39546440972222224 0.18916377314814814 0.0537109375 0.04586226851851849
3 0.8811631944444445 0.21495225694444445 0.05013020833333348 0.03110532407407407
2 0.1697265625 0.5503110532407407 0.15748697916666665 0.14330150462962976
2 0.057942708333333336 0.5578703703703703 0.06343315972222223 0.13299334490740744
2 0.8342881944444445 0.21321614583333334 0.05859375 0.04604311342592593
2 0.6674913194444445 0.2772352430555556 0.07094184027777795 0.08257378472222221
3 0.9774956597222222 0.22544126157407407 0.045008680555555625 0.03305844907407407