2 0.380859375 0.326171875 0.083984375 0.0751953125
2 0.927734375 0.3359375 0.1201171875 0.080078125
2 0.5810546875 0.5576171875 0.1171875 0.162109375
2 0.181640625 0.572265625 0.1484375 0.146484375
2 0.5576171875 0.326171875 0.0732421875 0.068359375
2 0.791015625 0.818359375 0.3203125 0.126953125
2 0.708984375 0.251953125 0.078125 0.0673828125
2 0.068359375 0.546875 0.13671875 0.18359375
2 0.71875 0.5517578125 0.138671875 0.15625
2 0.3720703125 0.814453125 0.2685546875 0.1279296875
2 0.498046875 0.251953125 0.0673828125 0.068359375
2 0.294921875 0.3330078125 0.0966796875 0.078125
2 0.828125 0.328125 0.0986328125 0.0751953125
2 0.783203125 0.259765625 0.0810546875 0.056640625
2 0.216796875 0.3330078125 0.0830078125 0.072265625
2 0.4189453125 0.2529296875 0.0732421875 0.0673828125
2 0.642578125 0.3310546875 0.0888671875 0.078125
2 0.7265625 0.328125 0.09375 0.0751953125
2 0.048828125 0.3330078125 0.087890625 0.076171875
2 0.470703125 0.330078125 0.0810546875 0.0751953125
2 0.208984375 0.2626953125 0.078125 0.0595703125
2 0.1298828125 0.2626953125 0.080078125 0.0654296875
2 0.2734375 0.2607421875 0.078125 0.0673828125
2 0.0439453125 0.806640625 0.0810546875 0.1220703125
2 0.4404296875 0.1796875 0.060546875 0.046875
2 0.7294921875 0.1748046875 0.060546875 0.044921875
2 0.0625 0.2607421875 0.083984375 0.0654296875
2 0.5673828125 0.2578125 0.0654296875 0.060546875
2 0.638671875 0.2529296875 0.0751953125 0.068359375
2 0.1298828125 0.330078125 0.103515625 0.076171875
2 0.927734375 0.25 0.078125 0.0673828125
2 0.0703125 0.1845703125 0.0595703125 0.0419921875
2 0.283203125 0.177734375 0.0546875 0.0439453125
2 0.0244140625 0.1865234375 0.048828125 0.0419921875
2 0.556640625 0.1796875 0.0576171875 0.048828125
2 0.8623046875 0.2548828125 0.0703125 0.060546875
2 0.669921875 0.173828125 0.056640625 0.041015625
2 0.9765625 0.25 0.046875 0.0576171875
2 0.1220703125 0.181640625 0.0576171875 0.0419921875
2 0.5 0.1796875 0.0498046875 0.0439453125
2 0.1767578125 0.1796875 0.060546875 0.044921875
2 0.015625 0.2607421875 0.03125 0.056640625
2 0.9658203125 0.556640625 0.060546875 0.1328125
2 0.3876953125 0.181640625 0.052734375 0.048828125
2 0.2294921875 0.181640625 0.0546875 0.0439453125
2 0.982421875 0.330078125 0.0341796875 0.0703125
2 0.609375 0.1748046875 0.0546875 0.0439453125
2 0.3486328125 0.251953125 0.0595703125 0.0673828125
2 0.3359375 0.1748046875 0.0576171875 0.048828125
2 0.791015625 0.1767578125 0.064453125 0.044921875
2 0.849609375 0.5419921875 0.154296875 0.1435546875
2 0.126953125 0.2890625 0.0830078125 0.080078125
2 0.212890625 0.2841796875 0.0732421875 0.0732421875
2 0.890625 0.1767578125 0.0859375 0.068359375