2 0.619140625 0.3251953125 0.0888671875 0.0810546875
2 0.8232421875 0.5654296875 0.140625 0.1455078125
2 0.2861328125 0.5498046875 0.1435546875 0.1640625
2 0.419921875 0.5576171875 0.1142578125 0.15625
2 0.291015625 0.251953125 0.087890625 0.076171875
2 0.205078125 0.818359375 0.314453125 0.1455078125
2 0.4423828125 0.326171875 0.078125 0.072265625
2 0.0703125 0.333984375 0.115234375 0.0859375
2 0.53125 0.326171875 0.087890625 0.078125
2 0.5029296875 0.25 0.078125 0.072265625
2 0.6953125 0.3232421875 0.080078125 0.0732421875
2 0.7919921875 0.2626953125 0.080078125 0.060546875
2 0.7783203125 0.330078125 0.0859375 0.0703125
2 0.5810546875 0.2529296875 0.072265625 0.068359375
2 0.171875 0.328125 0.0986328125 0.0751953125
2 0.275390625 0.328125 0.09375 0.0751953125
2 0.0703125 0.25 0.083984375 0.0703125
2 0.953125 0.3330078125 0.0830078125 0.0703125
2 0.7265625 0.2626953125 0.072265625 0.064453125
2 0.9404296875 0.259765625 0.083984375 0.0673828125
2 0.869140625 0.2607421875 0.0830078125 0.068359375
2 0.359375 0.3310546875 0.0830078125 0.068359375
2 0.3623046875 0.2548828125 0.0703125 0.0673828125
2 0.8701171875 0.3310546875 0.109375 0.078125
2 0.4326171875 0.255859375 0.072265625 0.068359375
2 0.166015625 0.513671875 0.150390625 0.173828125
2 0.2705078125 0.1748046875 0.060546875 0.048828125
2 0.716796875 0.177734375 0.0517578125 0.0439453125
2 0.5576171875 0.1796875 0.0576171875 0.044921875
2 0.140625 0.2529296875 0.09375 0.0732421875
2 0.9560546875 0.806640625 0.080078125 0.125
2 0.927734375 0.1845703125 0.064453125 0.0419921875
2 0.4453125 0.1796875 0.056640625 0.044921875
2 0.974609375 0.1865234375 0.0498046875 0.0419921875
2 0.7705078125 0.1796875 0.0595703125 0.044921875
2 0.025390625 0.2490234375 0.0498046875 0.060546875
2 0.6513671875 0.251953125 0.0595703125 0.0673828125
2 0.498046875 0.1796875 0.046875 0.0390625
2 0.6611328125 0.1767578125 0.052734375 0.037109375
2 0.822265625 0.1796875 0.052734375 0.0390625
2 0.2109375 0.1748046875 0.064453125 0.048828125
2 0.0390625 0.548828125 0.078125 0.1171875
3 0.8701171875 0.1826171875 0.0517578125 0.0341796875
2 0.015625 0.3330078125 0.03125 0.072265625
2 0.392578125 0.1748046875 0.0546875 0.041015625
3 0.2265625 0.2626953125 0.0625 0.044921875
2 0.3310546875 0.1767578125 0.052734375 0.0390625
2 0.873046875 0.2998046875 0.0888671875 0.0859375
2 0.7861328125 0.294921875 0.0810546875 0.078125
3 0.939453125 0.576171875 0.1171875 0.1455078125
3 0.158203125 0.1767578125 0.0703125 0.0517578125
3 0.6123046875 0.828125 0.28125 0.0751953125