2 0.36153067129629635 0.30078125 0.09045138888888893 0.08190104166666667
2 0.9078269675925926 0.2740885416666667 0.12802372685185182 0.09218749999999998
2 0.5480107060185185 0.5188802083333334 0.13489583333333321 0.1753255208333333
2 0.14772858796296295 0.56015625 0.16240596064814816 0.1635416666666667
2 0.5382884837962962 0.28899739583333334 0.07924623842592604 0.07337239583333333
2 0.7425202546296297 0.765625 0.33174913194444455 0.1651041666666666
2 0.6940538194444444 0.2046875 0.07901475694444438 0.06946614583333333
2 0.054544632523148145 0.5432942708333334 0.10908926504629629 0.18873697916666665
2 0.6860532407407407 0.5038411458333333 0.14793113425925908 0.1654947916666667
2 0.3238064236111111 0.7896484375 0.27613570601851856 0.14583333333333326
2 0.48311631944444444 0.21875 0.07654803240740748 0.07708333333333339
2 0.2751880787037037 0.3133463541666667 0.09596354166666665 0.07643229166666665
2 0.8086805555555556 0.27291666666666664 0.10101996527777768 0.07968750000000002
2 0.7678096064814814 0.20755208333333333 0.0864221643518519 0.06315104166666669
2 0.1970630787037037 0.31855468750000004 0.08717447916666665 0.07584635416666674
2 0.403956886574074 0.225 0.07206307870370376 0.06705729166666669
2 0.6229600694444445 0.2882161458333333 0.09039351851851851 0.08092447916666667
2 0.7071180555555555 0.2796875 0.09820601851851851 0.08144531250000009
2 0.03764829282407407 0.3297526041666667 0.07529658564814815 0.08203125
2 0.4511429398148148 0.2986979166666667 0.08436053240740748 0.0776041666666667
2 0.19341724537037036 0.24876302083333332 0.08165509259259263 0.06477864583333331
2 0.11431568287037037 0.2540364583333333 0.08395543981481482 0.0707682291666667
2 0.25798611111111114 0.24251302083333334 0.07585358796296293 0.06536458333333334
2 0.021954571759259262 0.802734375 0.043909143518518524 0.1328125
2 0.42978153935185187 0.15032552083333334 0.06332465277777777 0.050911458333333326
2 0.7191333912037037 0.126171875 0.06320891203703694 0.048958333333333326
2 0.04704861111111111 0.25657552083333335 0.08998842592592593 0.07408854166666667
2 0.5521050347222223 0.21998697916666668 0.07418981481481479 0.07011718750000001
2 0.6236834490740741 0.2103515625 0.07711950231481479 0.0703125
2 0.11032262731481482 0.3214192708333333 0.10394965277777779 0.07988281249999996
2 0.9129195601851852 0.18815104166666669 0.07694589120370376 0.0673828125
2 0.059375000000000004 0.1798828125 0.06004774305555556 0.04485677083333334
2 0.2726707175925926 0.15885416666666669 0.0551649305555556 0.04453125000000002
2 0.01846064814814815 0.1859375 0.0369212962962963 0.04218749999999999
2 0.5459924768518518 0.142578125 0.06056857638888902 0.05364583333333334
2 0.8472005208333333 0.19739583333333333 0.07390046296296293 0.06523437499999996
2 0.6596209490740741 0.12916666666666668 0.06234809027777777 0.05084635416666666
2 0.9608289930555556 0.183984375 0.052242476851851904 0.060872395833333315
2 0.11130642361111111 0.17350260416666669 0.058839699074074076 0.040885416666666674
2 0.4893518518518518 0.14635416666666667 0.05131655092592591 0.045247395833333315
2 0.16610966435185184 0.16790364583333334 0.06200086805555555 0.04498697916666666
2 0.007977068865740742 0.25970052083333334 0.015954137731481483 0.05657552083333328
2 0.9319155092592593 0.4913411458333333 0.07835648148148144 0.14042968749999996
2 0.3769314236111111 0.15579427083333333 0.054419849537037046 0.04837239583333336
2 0.21872829861111112 0.16634114583333331 0.05516493055555555 0.04453125000000002
2 0.9638382523148148 0.2645182291666667 0.03736979166666665 0.07252604166666665
2 0.5990162037037037 0.13417968749999998 0.05516493055555571 0.04453125000000002
2 0.33370225694444444 0.2287109375 0.06666666666666665 0.07447916666666665
2 0.3255787037037037 0.15240885416666666 0.0605107060185186 0.05266927083333334
2 0.780541087962963 0.1240234375 0.06705729166666674 0.04824218749999998
2 0.8174913194444444 0.4853515625 0.16182725694444455 0.1537760416666667
2 0.10982349537037037 0.2805989583333333 0.08453414351851851 0.0805338541666667
2 0.19605034722222223 0.2699869791666667 0.07965133101851851 0.08020833333333333
2 0.880150462962963 0.1173828125 0.08682725694444438 0.06998697916666666