2 0.2091362847222222 0.17805989583333334 0.3092013888888889 0.1220486111111111
3 0.45002170138888886 0.6416883680555555 0.07721354166666661 0.04856770833333335
3 0.8602430555555556 0.6355034722222223 0.053255208333333304 0.024609375000000044
2 0.0537109375 0.4384765625 0.08927951388888888 0.1523003472222222
3 0.7800998263888889 0.6343532986111111 0.07118055555555558 0.04062499999999991
3 0.5359592013888889 0.6397786458333334 0.07601996527777777 0.03878038194444455
3 0.6180338541666667 0.6399088541666667 0.07111545138888897 0.03769531249999991
3 0.09448784722222223 0.6466579861111111 0.07927517361111108 0.05349392361111116
3 0.3641493055555556 0.6465277777777778 0.06911892361111116 0.03569878472222232
3 0.2781901041666667 0.6474609375 0.0791232638888889 0.04665798611111116
3 0.6970920138888889 0.6361979166666667 0.06814236111111116 0.035677083333333304
3 0.17037760416666667 0.4124348958333333 0.12805989583333333 0.14047309027777777
3 0.304296875 0.41532118055555556 0.16707899305555562 0.13938802083333335
3 0.4369357638888889 0.40455729166666665 0.14869791666666665 0.14678819444444446
3 0.9490125868055556 0.4028862847222222 0.10197482638888888 0.14001736111111107
3 0.9469618055555555 0.6247829861111112 0.07343750000000004 0.054340277777777946
3 0.1921440972222222 0.6444878472222222 0.1059895833333333 0.06970486111111107
3 0.5991102430555555 0.7116536458333333 0.07146267361111125 0.05332031249999991
3 0.5297526041666667 0.7122178819444445 0.0712890625 0.04550781249999991
3 0.4664496527777777 0.7214409722222223 0.06866319444444446 0.059114583333333304
3 0.3883246527777778 0.7231770833333333 0.08526475694444446 0.059483506944444375
3 0.3130859375 0.7228949652777777 0.08417968750000004 0.05457899305555558
3 0.24082031250000002 0.7245008680555556 0.09500868055555556 0.058723958333333215
3 0.30234375 0.8110677083333333 0.07610677083333339 0.04268663194444455
3 0.3589192708333333 0.8068793402777779 0.07105034722222214 0.03476562499999991
3 0.5161024305555555 0.8014322916666667 0.06130642361111116 0.03552517361111107
3 0.5697482638888889 0.7973090277777778 0.06341145833333339 0.042404513888888884
3 0.7376085069444445 0.7007595486111111 0.09657118055555558 0.04118923611111103
3 0.8108289930555556 0.6981553819444444 0.09259982638888897 0.038172743055555625
3 0.8235460069444445 0.39108072916666664 0.14129774305555554 0.16516927083333333