2 0.5950520833333333 0.3160228587962963 0.09487123842592604 0.08237123842592586
2 0.7813585069444444 0.5532335069444445 0.1596498842592593 0.15356626157407405
2 0.24540653935185186 0.5455656828703703 0.14731626157407407 0.15826099537037042
2 0.37861689814814814 0.5513961226851852 0.1391059027777778 0.16594328703703698
2 0.2723524305555556 0.24764178240740742 0.08807146990740744 0.06958912037037035
2 0.1537814670138889 0.8153211805555556 0.3075629340277778 0.15018084490740735
2 0.41822193287037035 0.31961805555555556 0.0771122685185186 0.06650028935185182
2 0.05318648726851852 0.33294270833333334 0.10637297453703703 0.08764467592592595
2 0.5070891203703703 0.3183015046296296 0.08626302083333326 0.07151331018518525
2 0.48441116898148145 0.24254918981481483 0.08669704861111105 0.07737268518518514
2 0.6713686342592593 0.3129412615740741 0.0918692129629628 0.08135127314814816
2 0.772533275462963 0.2509620949074074 0.08456307870370372 0.06173321759259265
2 0.7538700810185186 0.3185474537037037 0.09114583333333348 0.07158564814814816
2 0.5623191550925926 0.2443214699074074 0.07845052083333348 0.07139756944444448
2 0.14756944444444445 0.3255787037037037 0.10091145833333331 0.07173032407407409
2 0.2510850694444444 0.32404513888888886 0.09602864583333337 0.07165798611111107
2 0.05179398148148148 0.24895833333333334 0.08590133101851852 0.06663049768518514
2 0.9284577546296295 0.3188874421296296 0.08940972222222232 0.07448640046296306
2 0.707103587962963 0.2519314236111111 0.07494212962962976 0.06354166666666661
2 0.9211877893518519 0.24583333333333332 0.0932436342592593 0.07356770833333331
2 0.8498263888888888 0.2478660300925926 0.0849247685185186 0.06661603009259259
2 0.3348524305555556 0.3257306134259259 0.09450954861111116 0.07748842592592586
2 0.34342447916666663 0.24951533564814815 0.0751591435185186 0.06647135416666661
2 0.8455946180555556 0.3181640625 0.1206235532407407 0.08763020833333335
2 0.4136646412037037 0.2494502314814815 0.07537615740740744 0.06940104166666661
2 0.12796585648148148 0.5112123842592593 0.1467013888888889 0.1631293402777776
2 0.25755931712962965 0.17079716435185185 0.06289785879629628 0.04580439814814813
2 0.7036313657407407 0.16711516203703702 0.05815972222222232 0.047685185185185164
2 0.5443070023148148 0.1714265046296296 0.05772569444444442 0.041825810185185164
2 0.12188946759259259 0.2508463541666667 0.09700520833333331 0.07167245370370368
2 0.8963758680555556 0.7915002893518519 0.09751157407407396 0.13118489583333348
2 0.9140625 0.17082609953703703 0.06553819444444442 0.04194155092592594
2 0.43200231481481477 0.1730902777777778 0.05779803240740744 0.042802372685185164
2 0.9607204861111112 0.1730613425925926 0.04962384259259256 0.03780381944444444
2 0.7571976273148148 0.16827256944444446 0.06289785879629628 0.045804398148148184
2 0.017044632523148147 0.24864728009259257 0.034089265046296294 0.061284722222222254
2 0.6327039930555556 0.24230324074074072 0.0707826967592593 0.0732349537037037
2 0.48473668981481477 0.1723090277777778 0.04991319444444442 0.04171006944444444
2 0.6480396412037037 0.1669632523148148 0.0575810185185186 0.039872685185185164
2 0.8089554398148149 0.16750578703703703 0.05443431712962976 0.03689959490740741
2 0.19798900462962962 0.1716796875 0.06807002314814814 0.049782986111111094
2 0.01837384259259259 0.5492549189814815 0.03674768518518518 0.11532841435185182
3 0.8565899884259259 0.1697265625 0.05443431712962954 0.03689959490740741
2 0.00639286747685185 0.33177083333333335 0.0127857349537037 0.0737485532407407
2 0.37962962962962965 0.16898871527777778 0.05967881944444442 0.04185474537037037
3 0.20710358796296297 0.2593388310185185 0.06365740740740744 0.04288917824074079
2 0.3179615162037037 0.17185329861111112 0.0546513310185186 0.03982928240740741
2 0.8508391203703703 0.28687065972222225 0.0952329282407407 0.08725405092592586
2 0.7642867476851851 0.28327546296296297 0.0868417245370372 0.07932581018518514
3 0.8967737268518519 0.562254050925926 0.13208912037037024 0.15023148148148158
3 0.14510995370370372 0.17441406250000002 0.07099971064814814 0.049826388888888906
3 0.5509620949074074 0.8190538194444444 0.28682002314814814 0.07936197916666665