2 0.2534360532407407 0.7377748842592593 0.09353298611111116 0.07942708333333348
2 0.18178530092592593 0.7355324074074074 0.08919270833333337 0.07342303240740744
3 0.348705150462963 0.7283709490740741 0.1010923032407407 0.06315104166666674
3 0.5667317708333334 0.6311848958333333 0.07042100694444442 0.04351128472222232
3 0.6439525462962963 0.6293041087962963 0.0780888310185186 0.04184751157407396
3 0.7231987847222222 0.6283275462962963 0.06503182870370372 0.03649450231481488
3 0.8079427083333334 0.6222511574074074 0.07284432870370372 0.03678385416666652
3 0.09631799768518519 0.7318431712962963 0.08846932870370369 0.06365740740740744
3 0.5023509837962963 0.3965928819444444 0.17462384259259256 0.17494936342592593
3 0.9584599247685186 0.39174623842592593 0.0830801504629628 0.14760561342592593
3 0.36910445601851855 0.39565248842592593 0.14453125 0.1631221064814815
3 0.2309027777777778 0.39391637731481477 0.1660517939814815 0.17755353009259256
3 0.09382233796296297 0.3940972222222222 0.1348017939814815 0.17639612268518512
3 0.12850839120370372 0.637622974537037 0.11436631944444442 0.07143373842592604
2 0.9897280092592593 0.6311848958333333 0.0205439814814814 0.09816261574074092
3 0.2293113425925926 0.6368272569444444 0.10246672453703703 0.08170572916666652
3 0.4807942708333333 0.6343677662037037 0.12008101851851849 0.06969762731481488
3 0.6340060763888888 0.7726417824074074 0.0771122685185186 0.06810619212962976
3 0.5802951388888888 0.7746310763888888 0.08318865740740744 0.0712528935185186
3 0.3609302662037037 0.7876519097222223 0.068359375 0.05512152777777768
3 0.1349464699074074 0.8038556134259259 0.08745659722222221 0.04998553240740744
3 0.6973741319444444 0.7027271412037037 0.07179542824074092 0.06206597222222232
3 0.7590422453703703 0.7024016203703703 0.09657118055555558 0.0678530092592593
3 0.7825159143518519 0.7681206597222222 0.06611689814814814 0.05114293981481488
3 0.6887659143518519 0.7715928819444444 0.0854673032407407 0.06257233796296302
3 0.417064525462963 0.7258391203703705 0.07009548611111116 0.07855902777777768
3 0.47920283564814814 0.7186414930555556 0.09736689814814814 0.0785951967592593