2 0.4058521412037037 0.7001953125 0.09186921296296302 0.08697916666666661
2 0.19285300925925927 0.44635416666666666 0.14601417824074076 0.15488281250000002
2 0.730541087962963 0.49778645833333335 0.14963107638888884 0.17363281249999996
2 0.5964626736111112 0.4810546875 0.1200448495370372 0.16386718749999996
2 0.7366898148148149 0.7953125 0.09071180555555536 0.08203125
2 0.8016493055555556 0.23463541666666665 0.3198423032407407 0.1664713541666667
2 0.5825737847222223 0.7110026041666666 0.08080150462962976 0.07747395833333348
2 0.9475730613425926 0.7279947916666667 0.10485387731481488 0.09361979166666679
2 0.4937065972222222 0.705078125 0.0907841435185186 0.083984375
2 0.5248480902777778 0.7831380208333334 0.08080150462962954 0.07747395833333348
2 0.32975260416666663 0.6970703125 0.08279079861111116 0.0785807291666667
2 0.2353153935185185 0.751171875 0.08232060185185186 0.0658854166666667
2 0.2464916087962963 0.6847005208333334 0.08854166666666669 0.07604166666666679
2 0.44661458333333337 0.775 0.07479745370370372 0.07317708333333339
2 0.8530092592592593 0.7270833333333333 0.10141782407407396 0.08177083333333335
2 0.7494936342592593 0.7201822916666667 0.09653501157407396 0.08144531250000009
2 0.9570855034722222 0.8119791666666667 0.08582899305555558 0.07591145833333335
2 0.07157841435185186 0.6701171875 0.08561197916666669 0.07584635416666652
2 0.30074508101851855 0.7555338541666667 0.07465277777777779 0.06927083333333339
2 0.08698640046296297 0.7442057291666666 0.08648003472222221 0.07298177083333313
2 0.15823929398148148 0.7479817708333334 0.08553964120370372 0.07389322916666652
2 0.6654007523148149 0.7116536458333333 0.08553964120370372 0.07389322916666652
2 0.6652922453703705 0.7876302083333333 0.07280815972222232 0.07207031249999996
2 0.15465856481481483 0.6776041666666667 0.11226851851851849 0.0854166666666667
2 0.5949435763888888 0.7819661458333333 0.07479745370370372 0.07317708333333339
2 0.8519965277777778 0.5419270833333333 0.15682870370370372 0.18385416666666665
2 0.7600549768518519 0.873828125 0.06235532407407396 0.052864583333333215
2 0.31365740740740744 0.8411458333333334 0.05338541666666674 0.047395833333333304
2 0.4727647569444444 0.8498046875 0.05928096064814814 0.04876302083333339
2 0.8870442708333333 0.8043619791666667 0.09646267361111116 0.07949218750000009
2 0.051106770833333336 0.1962890625 0.08470775462962964 0.1303385416666667
2 0.10246672453703703 0.8202473958333334 0.06600839120370372 0.04628906250000009
2 0.5850694444444444 0.8572916666666666 0.05830439814814814 0.048697916666666785
2 0.05551938657407408 0.8151692708333333 0.051359953703703706 0.04531250000000009
2 0.2598741319444445 0.8356119791666667 0.06123408564814814 0.04889322916666661
2 0.9881998697916667 0.8159505208333333 0.02360026041666652 0.06386718750000009
2 0.3763382523148148 0.7712890625 0.06206597222222221 0.07135416666666661
2 0.5323350694444444 0.8537760416666667 0.0483217592592593 0.042187500000000044
2 0.3693576388888889 0.8458333333333333 0.05410879629629628 0.04062499999999991
2 0.20811631944444445 0.8321614583333333 0.054181134259259245 0.04257812499999991
2 0.8196252893518519 0.8777994791666666 0.06626157407407396 0.05312500000000009
2 0.9682074652777778 0.515234375 0.06358506944444442 0.12239583333333326
3 0.16015625 0.8260416666666667 0.05302372685185186 0.037630208333333304
2 0.9960575810185186 0.7326171875 0.007884837962962798 0.07434895833333321
2 0.6379846643518519 0.8656901041666667 0.05620659722222232 0.04466145833333335
3 0.8007450810185185 0.7888671875 0.06416377314814814 0.04908854166666665
2 0.6994357638888888 0.8678385416666667 0.05418113425925908 0.04257812499999991
2 0.1528862847222222 0.7086588541666667 0.09205005787037035 0.09186197916666661
2 0.23998119212962965 0.7193359375 0.08394820601851849 0.0835286458333333
3 0.07624421296296297 0.4278645833333333 0.12257667824074076 0.1533203125
3 0.8722873263888888 0.8793619791666667 0.0722294560185186 0.05644531250000018
3 0.39406105324074076 0.19772135416666667 0.28403501157407407 0.09394531249999999