2 0.380859375 0.326171875 0.0908203125 0.083984375
2 0.177734375 0.5654296875 0.15625 0.158203125
2 0.7919921875 0.8173828125 0.3203125 0.130859375
2 0.5810546875 0.5595703125 0.123046875 0.1640625
2 0.5576171875 0.326171875 0.078125 0.072265625
2 0.072265625 0.5478515625 0.1435546875 0.1923828125
2 0.927734375 0.333984375 0.1142578125 0.076171875
2 0.71875 0.5517578125 0.138671875 0.15625
2 0.708984375 0.251953125 0.078125 0.0654296875
2 0.3720703125 0.814453125 0.283203125 0.138671875
2 0.3046875 0.3251953125 0.083984375 0.076171875
2 0.2080078125 0.2607421875 0.080078125 0.0625
2 0.828125 0.328125 0.0986328125 0.0703125
2 0.46875 0.326171875 0.091796875 0.076171875
2 0.2216796875 0.3310546875 0.0830078125 0.0654296875
2 0.7265625 0.328125 0.0908203125 0.072265625
2 0.1298828125 0.2607421875 0.083984375 0.0703125
2 0.642578125 0.3310546875 0.0859375 0.0751953125
2 0.271484375 0.2607421875 0.072265625 0.064453125
2 0.4970703125 0.251953125 0.072265625 0.072265625
2 0.046875 0.3310546875 0.0859375 0.0751953125
2 0.060546875 0.2607421875 0.0810546875 0.064453125
2 0.9296875 0.251953125 0.080078125 0.0673828125
2 0.0439453125 0.8076171875 0.0830078125 0.1220703125
2 0.1298828125 0.330078125 0.099609375 0.0732421875
2 0.638671875 0.2548828125 0.0732421875 0.0673828125
2 0.7294921875 0.1748046875 0.0595703125 0.044921875
2 0.5673828125 0.259765625 0.0703125 0.068359375
2 0.4140625 0.2548828125 0.072265625 0.0673828125
2 0.4404296875 0.1796875 0.0576171875 0.044921875
2 0.283203125 0.177734375 0.052734375 0.0419921875
2 0.025390625 0.185546875 0.05078125 0.04296875
2 0.0703125 0.1826171875 0.0654296875 0.046875
2 0.859375 0.2548828125 0.0859375 0.068359375
2 0.556640625 0.1796875 0.0517578125 0.0419921875
2 0.177734375 0.1796875 0.0546875 0.0439453125
2 0.9775390625 0.2490234375 0.044921875 0.0576171875
2 0.017578125 0.2626953125 0.029296875 0.056640625
2 0.3388671875 0.177734375 0.052734375 0.044921875
2 0.669921875 0.1748046875 0.056640625 0.0439453125
2 0.962890625 0.548828125 0.0732421875 0.1064453125
2 0.2294921875 0.181640625 0.0576171875 0.0439453125
2 0.8515625 0.572265625 0.1435546875 0.189453125
2 0.3466796875 0.251953125 0.0595703125 0.060546875
2 0.5 0.1796875 0.0517578125 0.0419921875
2 0.982421875 0.33203125 0.0341796875 0.0732421875
2 0.787109375 0.1748046875 0.060546875 0.044921875
3 0.130859375 0.1875 0.0498046875 0.0283203125
2 0.390625 0.177734375 0.048828125 0.044921875
2 0.6064453125 0.1748046875 0.0517578125 0.0390625
3 0.775390625 0.2626953125 0.0595703125 0.0439453125
2 0.212890625 0.28125 0.076171875 0.0751953125
2 0.126953125 0.2890625 0.0859375 0.0830078125