2 0.8460738570601851 0.8056061921296296 0.30785228587962976 0.15604021990740735
3 0.5902777777777778 0.3402705439814815 0.07845052083333326 0.04505931712962963
3 0.1799045138888889 0.3434172453703703 0.054470486111111105 0.024218749999999956
2 0.9745189525462963 0.5463831018518519 0.05096209490740744 0.15166377314814827
3 0.2601996527777778 0.3451605902777778 0.07089120370370372 0.03519241898148151
3 0.5043402777777778 0.34154369212962965 0.07823350694444442 0.04212962962962963
3 0.42216435185185186 0.3408058449074074 0.07306134259259256 0.03815104166666661
3 0.9459635416666667 0.3379340277777778 0.07986111111111116 0.05093315972222223
3 0.6759982638888888 0.3360677083333333 0.0732060185185186 0.04010416666666661
3 0.7620081018518519 0.33577112268518516 0.08159722222222232 0.04803240740740744
3 0.3432074652777778 0.34393084490740744 0.07013165509259256 0.038107638888888795
3 0.8821252893518519 0.571556712962963 0.13519965277777768 0.13954716435185177
3 0.7479021990740742 0.5676793981481482 0.17621527777777768 0.1401548032407407
3 0.6156684027777778 0.5774594907407408 0.16446035879629628 0.15266203703703707
3 0.10029658564814814 0.575318287037037 0.10141782407407407 0.13124276620370368
3 0.09364149305555555 0.3534939236111111 0.07631655092592593 0.055758101851851816
3 0.8483072916666667 0.339380787037037 0.11501736111111116 0.07779224537037033
3 0.4373914930555556 0.26921296296296293 0.07071035879629628 0.045920138888888906
3 0.5067997685185185 0.26916232638888893 0.07588252314814814 0.049898726851851816
3 0.5696976273148148 0.2604094328703704 0.06962528935185186 0.0576099537037037
3 0.6478226273148149 0.25925202546296294 0.08839699074074092 0.060814525462962954
3 0.7231626157407407 0.26009114583333337 0.0848885995370372 0.05295862268518525
3 0.7954282407407407 0.2590205439814815 0.0946542245370372 0.05310329861111107
3 0.7293475115740741 0.17201244212962963 0.07823350694444442 0.04212962962962963
3 0.672923900462963 0.17578125 0.07284432870370372 0.03522135416666666
3 0.515842013888889 0.1800636574074074 0.06524884259259256 0.03803530092592594
3 0.4623480902777778 0.1837890625 0.06575520833333326 0.044871238425925886
3 0.29929832175925924 0.2790798611111111 0.09837962962962965 0.03755063657407409
3 0.22612847222222224 0.2811414930555556 0.09664351851851855 0.040451388888888884
3 0.22931134259259262 0.5880714699074074 0.14145688657407407 0.1581741898148148