2 0.6384114583333333 0.3710575810185185 0.09660011574074079 0.0878544560185186
2 0.8560619212962963 0.6312210648148149 0.16223234953703702 0.16174768518518512
2 0.2545500578703704 0.8336226851851851 0.3116319444444444 0.13975694444444464
2 0.45308159722222224 0.5906756365740741 0.12340133101851858 0.16276041666666674
2 0.807443576388889 0.31940827546296297 0.08510561342592604 0.07436342592592593
2 0.3119936342592593 0.5724464699074074 0.1581597222222222 0.17505787037037024
2 0.30594618055555556 0.27350983796296297 0.08700086805555551 0.07353153935185186
2 0.46171151620370365 0.3589409722222222 0.07936197916666665 0.07588252314814814
2 0.0931495949074074 0.3413628472222222 0.12486255787037037 0.08897569444444442
2 0.7144675925925925 0.37474681712962965 0.08246527777777768 0.07902922453703698
2 0.19131944444444443 0.3408564814814815 0.10406539351851851 0.08257378472222232
2 0.29288194444444443 0.34837962962962965 0.09998553240740737 0.07935474537037046
2 0.9558232060185186 0.32942708333333337 0.08803530092592604 0.07458043981481488
2 0.8847077546296296 0.32707609953703703 0.08510561342592604 0.07436342592592593
2 0.8888744212962962 0.39738859953703703 0.11854021990740726 0.08072916666666663
2 0.5487413194444444 0.36733217592592593 0.09045138888888893 0.0825376157407407
2 0.5981698495370371 0.2990451388888889 0.08436053240740726 0.07819733796296291
2 0.44996383101851856 0.2919560185185185 0.07413194444444438 0.06966145833333326
2 0.3789351851851852 0.35669849537037035 0.09338107638888893 0.08275462962962954
2 0.740060763888889 0.3144169560185185 0.08407118055555562 0.07331452546296302
2 0.3793619791666667 0.2818648726851852 0.07936197916666665 0.07588252314814814
2 0.9798972800925926 0.8746744791666667 0.040205439814814836 0.13610387731481488
2 0.5681495949074074 0.21903935185185186 0.05717592592592613 0.04604311342592593
2 0.9651674623842592 0.40360966435185186 0.06966507523148158 0.07338686342592593
2 0.2818431712962963 0.19491464120370372 0.06039496527777777 0.05114293981481477
2 0.9424623842592592 0.25162760416666663 0.06688368055555571 0.04578993055555558
2 0.08719618055555556 0.25730613425925924 0.08475839120370371 0.06850405092592593
2 0.9798014322916666 0.2587167245370371 0.040397135416666785 0.04275173611111116
2 0.45303096064814813 0.2124565972222222 0.059592013888888906 0.05400028935185186
3 0.6463107638888889 0.30747251157407407 0.04741030092592591 0.04531973379629628
2 0.15090422453703703 0.26591435185185186 0.08016493055555557 0.07302517361111105
2 0.16935040509259258 0.5443793402777778 0.1494068287037037 0.12579571759259256
2 0.03819444444444445 0.2507595486111111 0.05046296296296296 0.06401909722222221
3 0.521310763888889 0.2982132523148148 0.07843605324074066 0.06025752314814814
2 0.7793764467592592 0.23954716435185186 0.07785734953703694 0.05049189814814814
2 0.40305266203703705 0.2058376736111111 0.060279224537037046 0.04918981481481477
2 0.06676070601851852 0.5523365162037037 0.07484085648148148 0.11443865740740744
2 0.035416666666666666 0.33514178240740744 0.03570601851851851 0.07751012731481488
3 0.5109953703703703 0.22258391203703703 0.051772280092592604 0.036892361111111105
3 0.7938078703703704 0.4010416666666667 0.09803240740740748 0.07921006944444442
2 0.8309606481481482 0.2404513888888889 0.05223524305555571 0.04470486111111105
3 0.23937355324074075 0.2821903935185185 0.06510416666666669 0.04857494212962954
2 0.22422598379629627 0.1906467013888889 0.0713107638888889 0.05486834490740744
2 0.8898292824074074 0.3478732638888889 0.09240451388888893 0.08268229166666663
3 0.9905743634259259 0.33351417824074076 0.018851273148148273 0.03942418981481477
2 0.3403790509259259 0.19827835648148148 0.05211950231481488 0.042751736111111105
3 0.8799623842592592 0.24699797453703703 0.04568142361111116 0.03255208333333337
3 0.9557942708333333 0.6506438078703703 0.0884114583333333 0.13368055555555558
3 0.6714916087962963 0.8800636574074074 0.2808232060185185 0.0956669560185186
3 0.1745949074074074 0.1898871527777778 0.07492766203703705 0.0502748842592593