2 0.3948929398148148 0.3119936342592593 0.09096498842592593 0.08626302083333326
2 0.8836534288194444 0.7920283564814815 0.23269314236111116 0.11707899305555558
2 0.9388382523148149 0.30353009259259256 0.12232349537037024 0.08752893518518512
2 0.19885706018518517 0.5637297453703703 0.14771412037037035 0.14395254629629628
2 0.7202690972222223 0.22562210648148148 0.08062065972222232 0.07027633101851855
2 0.6008029513888888 0.5380859375 0.13617621527777768 0.17473234953703698
2 0.14058883101851852 0.2578486689814815 0.0915798611111111 0.07653356481481488
2 0.5696976273148149 0.30551938657407407 0.08072916666666652 0.07320601851851849
2 0.13950376157407407 0.3341652199074074 0.10416666666666669 0.07407407407407407
2 0.7422236689814815 0.5279586226851852 0.1596860532407407 0.17755353009259256
2 0.21773726851851855 0.2549913194444444 0.08550347222222221 0.07045717592592593
2 0.6557798032407407 0.3062427662037037 0.0907841435185186 0.08138020833333326
2 0.3554325810185185 0.24989149305555555 0.07280815972222232 0.06998697916666669
2 0.23292824074074076 0.3219039351851852 0.09049479166666663 0.07356770833333337
2 0.8423032407407407 0.29933449074074076 0.1015263310185186 0.08177806712962965
2 0.7406684027777778 0.30114293981481477 0.09139901620370372 0.07165075231481488
2 0.08561197916666667 0.5689019097222222 0.1353443287037037 0.17860243055555558
2 0.3119574652777778 0.3170211226851852 0.08651620370370372 0.07146990740740744
2 0.42856626157407407 0.24424913194444442 0.07855902777777779 0.06727430555555558
2 0.0691189236111111 0.25560619212962965 0.09020543981481483 0.06575520833333326
2 0.5770037615740741 0.23875144675925924 0.08065682870370372 0.07125289351851849
2 0.4907407407407407 0.31235532407407407 0.08268229166666674 0.07327835648148151
2 0.2850477430555556 0.2505425347222222 0.07751012731481488 0.06528501157407407
2 0.7887731481481481 0.2269965277777778 0.09154369212962976 0.07555700231481477
2 0.06409143518518519 0.3310908564814815 0.09458188657407407 0.0785951967592593
2 0.5632957175925926 0.15907118055555555 0.06137876157407396 0.05103443287037035
2 0.6481119791666667 0.2312282986111111 0.07779947916666652 0.07309751157407407
2 0.7359664351851852 0.14778645833333331 0.05928096064814814 0.04705584490740744
2 0.44994212962962965 0.1613136574074074 0.05425347222222221 0.04296875
2 0.07472511574074074 0.8030237268518519 0.09063946759259259 0.13013599537037046
2 0.6159577546296297 0.15516493055555555 0.05635127314814814 0.046947337962962965
2 0.6754918981481481 0.15198206018518517 0.06123408564814814 0.04712818287037035
2 0.5016637731481481 0.1584201388888889 0.05826822916666674 0.04604311342592593
2 0.08000578703703703 0.1799045138888889 0.06901041666666669 0.04644097222222221
2 0.033275462962962965 0.185546875 0.054289641203703706 0.0439453125
2 0.7935836226851852 0.14565248842592593 0.06123408564814814 0.04712818287037035
2 0.23817274305555558 0.1730685763888889 0.06929976851851849 0.05425347222222221
2 0.9749710648148149 0.21502459490740738 0.05005787037037024 0.06951678240740744
2 0.1843894675925926 0.17310474537037035 0.061306423611111105 0.04908130787037035
2 0.4002097800925926 0.16511140046296297 0.05342158564814814 0.04683883101851849
3 0.5050274884259259 0.2492404513888889 0.07798032407407418 0.05164930555555558
2 0.9721860532407407 0.5209780092592593 0.0556278935185186 0.13845486111111116
2 0.3425925925925926 0.16724537037037038 0.06221064814814814 0.04716435185185186
2 0.9882269965277778 0.29662181712962965 0.02354600694444442 0.06669560185185186
2 0.025354456018518517 0.2621166087962963 0.033275462962962965 0.05584490740740744
3 0.9299768518518519 0.23741319444444445 0.06072771990740744 0.033456307870370405
2 0.8668619791666666 0.22312644675925924 0.06669560185185186 0.06293402777777779
2 0.8859592013888888 0.5275245949074074 0.16869212962962976 0.18373842592592604
3 0.8878761574074074 0.1568287037037037 0.0668764467592593 0.041485821759259245
3 0.13671875 0.17975983796296297 0.04600694444444442 0.03096064814814814