2 0.380859375 0.6653645833333334 0.087890625 0.080078125
2 0.1826171875 0.42367621527777777 0.146484375 0.14876302083333326
2 0.5595703125 0.6613932291666667 0.076171875 0.06907552083333335
2 0.7919921875 0.1650173611111111 0.3095703125 0.1494574652777778
2 0.580078125 0.42753906249999996 0.1171875 0.16080729166666674
2 0.068359375 0.4486762152777778 0.1357421875 0.18758680555555562
2 0.130859375 0.7343967013888889 0.0830078125 0.06629774305555558
2 0.927734375 0.6434461805555556 0.123046875 0.09062499999999996
2 0.2080078125 0.7326822916666667 0.0810546875 0.06918402777777777
2 0.6435546875 0.6575737847222223 0.0830078125 0.07215711805555536
2 0.71875 0.4312934027777778 0.1376953125 0.15638020833333333
2 0.708984375 0.7322916666666667 0.0830078125 0.07215711805555558
2 0.296875 0.6633246527777779 0.09375 0.07727864583333321
2 0.216796875 0.6621744791666666 0.080078125 0.07013888888888875
2 0.7265625 0.6557291666666667 0.095703125 0.07732204861111125
2 0.470703125 0.6594618055555556 0.0859375 0.07808159722222219
2 0.828125 0.6505425347222222 0.1015625 0.07745225694444446
2 0.0625 0.7378689236111111 0.0830078125 0.06922743055555558
2 0.642578125 0.7337673611111111 0.0751953125 0.07198350694444455
2 0.7841796875 0.7218315972222222 0.0810546875 0.06234809027777777
2 0.048828125 0.6649305555555556 0.0908203125 0.08014322916666661
2 0.271484375 0.731271701388889 0.0732421875 0.06705729166666652
2 0.3701171875 0.17732204861111112 0.279296875 0.14878472222222217
2 0.130859375 0.6660373263888888 0.0986328125 0.07543402777777786
2 0.4970703125 0.7389539930555555 0.0703125 0.07187499999999991
2 0.927734375 0.7293836805555556 0.0810546875 0.07211371527777777
2 0.669921875 0.8083550347222223 0.0625 0.046310763888888884
2 0.7294921875 0.808984375 0.0625 0.050217013888888884
2 0.0439453125 0.1943359375 0.083984375 0.1268663194444445
2 0.5654296875 0.7276692708333333 0.0654296875 0.06688368055555549
2 0.0234375 0.8119791666666667 0.046875 0.04010416666666661
2 0.5576171875 0.8079210069444445 0.0625 0.051193576388888884
2 0.283203125 0.8159722222222223 0.056640625 0.04618055555555545
2 0.0703125 0.8138671875000001 0.056640625 0.04227430555555545
2 0.4169921875 0.7387803819444445 0.0732421875 0.08170572916666652
2 0.8642578125 0.7249348958333333 0.072265625 0.06605902777777795
2 0.9765625 0.7282986111111112 0.046875 0.06354166666666661
2 0.1220703125 0.8156467013888888 0.056640625 0.03836805555555545
2 0.017578125 0.7369140625 0.0341796875 0.05740017361111116
2 0.5 0.8092013888888889 0.0517578125 0.04021267361111125
2 0.609375 0.8097005208333333 0.0546875 0.04516059027777786
2 0.9833984375 0.6441623263888889 0.033203125 0.07105034722222214
2 0.2294921875 0.8132595486111112 0.0546875 0.04516059027777786
2 0.177734375 0.8144097222222222 0.0595703125 0.045269097222222054
2 0.8515625 0.4390842013888889 0.1611328125 0.15006510416666663
2 0.3466796875 0.7393663194444444 0.0576171875 0.06378038194444446
2 0.9638671875 0.4258463541666667 0.072265625 0.11879340277777772
2 0.787109375 0.8106336805555556 0.0546875 0.05394965277777786
2 0.8935546875 0.8024088541666666 0.0625 0.050217013888888884
3 0.962890625 0.7940321180555556 0.0654296875 0.05028211805555571