2 0.6244140625 0.3160517939814815 0.08962673611111116 0.07942708333333337
2 0.7084201388888889 0.3157841435185185 0.08749999999999991 0.07158564814814816
2 0.29661458333333335 0.24764178240740742 0.08567708333333335 0.07741608796296295
2 0.432421875 0.5562789351851851 0.12558593750000002 0.16001157407407396
2 0.07480468750000001 0.3329861111111111 0.1060546875 0.07186053240740742
2 0.8749782986111111 0.2498191550925926 0.08951822916666674 0.07454427083333331
2 0.6601345486111111 0.25300202546296297 0.07371961805555549 0.06650028935185182
2 0.8330295138888889 0.5601128472222222 0.14685329861111107 0.15056423611111103
2 0.7978298611111111 0.2509620949074074 0.0824869791666667 0.06565393518518525
2 0.7904513888888889 0.3145688657407407 0.08945312499999991 0.07161458333333326
2 0.17721354166666667 0.3256076388888889 0.09730902777777778 0.07368344907407409
2 0.36497395833333335 0.24662905092592594 0.08168402777777772 0.07345196759259259
2 0.29064670138888893 0.5505642361111112 0.1421006944444445 0.156351273148148
2 0.2806857638888889 0.32212094907407407 0.08940972222222221 0.06966145833333337
2 0.1482204861111111 0.8232711226851852 0.26202256944444446 0.10541087962962958
2 0.44765625 0.31867042824074077 0.07176649305555549 0.06647135416666661
2 0.527734375 0.3174840856481481 0.06877170138888888 0.0634982638888888
2 0.07782118055555555 0.24892939814814816 0.09242621527777778 0.07361111111111113
2 0.3646701388888889 0.3208767361111111 0.08559027777777772 0.07350983796296295
2 0.9399197048611111 0.5574435763888889 0.12016059027777781 0.1816261574074074
2 0.22638888888888886 0.2525896990740741 0.08763020833333335 0.07744502314814816
2 0.7323567708333334 0.2499782986111111 0.0796223958333333 0.06854021990740744
2 0.4402994791666667 0.2513744212962963 0.07183159722222221 0.06940104166666661
2 0.9433376736111111 0.2488064236111111 0.07756076388888888 0.06362847222222223
2 0.8774522569444445 0.3171875 0.10518663194444455 0.07672887731481481
2 0.5116319444444444 0.25227141203703707 0.0717447916666667 0.06549479166666661
2 0.5897569444444444 0.25111400462962963 0.07964409722222232 0.06951678240740744
2 0.9566623263888889 0.3198929398148148 0.08667534722222214 0.07651186342592597
2 0.96474609375 0.7905237268518519 0.07050781250000004 0.13408564814814827
2 0.9337890625 0.17079716435185185 0.07634548611111125 0.05287181712962963
2 0.2743923611111111 0.17079716435185185 0.0537109375 0.04472656250000001
2 0.45125868055555557 0.1730613425925926 0.050802951388888906 0.0456597222222222
2 0.5616536458333333 0.1733796296296296 0.05551215277777777 0.037919560185185164
2 0.9882107204861111 0.24908854166666666 0.023578559027777724 0.05703124999999998
2 0.33402777777777776 0.1728443287037037 0.0537109375 0.04472656250000001
2 0.14928385416666667 0.25568576388888886 0.07165798611111107 0.06158854166666661
2 0.027994791666666668 0.24869068287037038 0.04620225694444444 0.058282696759259234
2 0.8243055555555556 0.1675347222222222 0.05559895833333339 0.041825810185185164
2 0.9783637152777778 0.1701027199074074 0.043272569444444464 0.04561631944444444
2 0.048459201388888894 0.5541521990740741 0.0701171875 0.1240451388888888
2 0.1496310763888889 0.5350694444444445 0.13546006944444444 0.1211082175925926
2 0.3965277777777778 0.17191840277777778 0.04778645833333339 0.04171006944444444
2 0.22252604166666667 0.16668113425925926 0.05366753472222219 0.04277343750000001
2 0.7775390625 0.17311197916666665 0.06940104166666661 0.04788773148148151
2 0.8793619791666667 0.27124565972222225 0.08266059027777795 0.07346643518518525
2 0.7271267361111111 0.27838541666666666 0.07693142361111116 0.07923900462962963
3 0.876171875 0.1716507523148148 0.04767795138888875 0.03682725694444444
2 0.02380642361111111 0.32397280092592595 0.034548611111111106 0.061038773148148096
2 0.9820638020833333 0.36834490740740744 0.03587239583333335 0.03967013888888893
3 0.5022786458333333 0.1830512152777778 0.05755208333333339 0.04185474537037037
2 0.8295572916666667 0.315943287037037 0.17855902777777777 0.08367332175925934
3 0.6218532986111112 0.8162543402777778 0.2736328124999998 0.10070167824074083
3 0.7150390625 0.1740379050925926 0.05559895833333339 0.041825810185185164
3 0.16801215277777776 0.17530381944444445 0.0923177083333333 0.06872829861111107