2 0.615234375 0.3232421875 0.087890625 0.0751953125
2 0.068359375 0.333984375 0.1064453125 0.0732421875
2 0.357421875 0.326171875 0.0859375 0.080078125
2 0.4423828125 0.3251953125 0.080078125 0.0751953125
2 0.291015625 0.251953125 0.0751953125 0.0673828125
2 0.419921875 0.5625 0.1171875 0.1513671875
2 0.5205078125 0.3251953125 0.0751953125 0.0751953125
2 0.1337890625 0.822265625 0.267578125 0.111328125
2 0.6982421875 0.3251953125 0.0908203125 0.0703125
2 0.2705078125 0.326171875 0.0908203125 0.0732421875
2 0.822265625 0.572265625 0.140625 0.1455078125
2 0.8671875 0.263671875 0.083984375 0.068359375
2 0.7919921875 0.2626953125 0.0810546875 0.060546875
2 0.779296875 0.326171875 0.091796875 0.068359375
2 0.2783203125 0.5517578125 0.15625 0.166015625
2 0.9404296875 0.333984375 0.107421875 0.0703125
2 0.359375 0.251953125 0.072265625 0.0673828125
2 0.1669921875 0.330078125 0.095703125 0.068359375
2 0.939453125 0.2578125 0.095703125 0.072265625
2 0.9375 0.5732421875 0.119140625 0.1669921875
2 0.0732421875 0.25 0.0888671875 0.068359375
2 0.955078125 0.806640625 0.0888671875 0.126953125
2 0.724609375 0.259765625 0.078125 0.0703125
2 0.431640625 0.2578125 0.0673828125 0.0673828125
2 0.6533203125 0.259765625 0.0703125 0.064453125
2 0.21875 0.255859375 0.0888671875 0.076171875
2 0.5859375 0.2578125 0.0703125 0.064453125
2 0.5078125 0.259765625 0.068359375 0.056640625
2 0.142578125 0.251953125 0.080078125 0.064453125
2 0.9296875 0.1826171875 0.068359375 0.041015625
2 0.2685546875 0.177734375 0.052734375 0.0439453125
2 0.021484375 0.2509765625 0.0419921875 0.0576171875
2 0.818359375 0.1796875 0.056640625 0.041015625
2 0.9765625 0.185546875 0.046875 0.0390625
2 0.5078125 0.1748046875 0.0498046875 0.0361328125
2 0.392578125 0.1767578125 0.048828125 0.0390625
2 0.4482421875 0.1767578125 0.046875 0.0390625
2 0.984375 0.263671875 0.0263671875 0.052734375
2 0.330078125 0.173828125 0.0546875 0.0419921875
2 0.560546875 0.1748046875 0.0517578125 0.0419921875
3 0.8544921875 0.345703125 0.0625 0.0361328125
2 0.21875 0.171875 0.0546875 0.0419921875
2 0.037109375 0.5498046875 0.07421875 0.111328125
2 0.771484375 0.1845703125 0.064453125 0.046875
2 0.0185546875 0.32421875 0.037109375 0.064453125
2 0.0986328125 0.1826171875 0.0546875 0.033203125
3 0.873046875 0.1875 0.048828125 0.033203125
3 0.591796875 0.828125 0.3173828125 0.109375
3 0.7158203125 0.181640625 0.078125 0.046875
2 0.607421875 0.177734375 0.041015625 0.0517578125
2 0.6611328125 0.1767578125 0.0498046875 0.0419921875
2 0.1689453125 0.171875 0.060546875 0.0546875
2 0.1435546875 0.5673828125 0.1357421875 0.1904296875