2 0.8205512152777779 0.415625 0.1436197916666666 0.14273726851851842
2 0.4231843171296297 0.4342086226851852 0.12029803240740744 0.15801504629629626
2 0.2044777199074074 0.17960792824074073 0.31158854166666666 0.14522569444444444
2 0.43391203703703707 0.5639467592592593 0.18637152777777777 0.11407696759259256
2 0.2825810185185185 0.4392216435185185 0.15941840277777775 0.16640624999999998
2 0.944386574074074 0.652097800925926 0.1098958333333333 0.07193287037037033
2 0.9349066840277778 0.43149594907407407 0.13018663194444446 0.1835792824074074
3 0.8534939236111111 0.643677662037037 0.06079282407407405 0.03410011574074079
2 0.04032118055555556 0.4330439814814815 0.07429832175925927 0.14366319444444442
2 0.1355758101851852 0.3710792824074074 0.11962528935185185 0.06719473379629637
2 0.9877387152777778 0.660206886574074 0.02452256944444442 0.06098090277777768
2 0.15674913194444445 0.46061921296296293 0.13946035879629626 0.10849971064814823
2 0.7775607638888888 0.8088831018518519 0.06782407407407387 0.060568576388888795
3 0.7782190393518518 0.6340494791666667 0.08350694444444429 0.06861255787037024
3 0.6903718171296296 0.6412109374999999 0.08442563657407409 0.060814525462963065
3 0.6161892361111111 0.647193287037037 0.0913411458333333 0.07165798611111107
3 0.5312427662037037 0.6504050925925926 0.10206163194444451 0.06888744212962972
3 0.447265625 0.6526258680555556 0.0990813078703704 0.062008101851851904
3 0.3642144097222222 0.6479962384259259 0.1040219907407407 0.0698929398148147
3 0.27826244212962964 0.6473162615740741 0.10504918981481481 0.07674334490740731
3 0.19526909722222222 0.6504991319444444 0.10995370370370366 0.07974537037037033
3 0.10833333333333334 0.6488570601851852 0.11482204861111112 0.07786458333333335
3 0.3041521990740741 0.7143229166666667 0.09121093750000009 0.05407986111111107
3 0.23681278935185185 0.7211805555555555 0.08621238425925926 0.03838252314814827
3 0.16164641203703703 0.7262008101851851 0.08915653935185186 0.04037905092592586
3 0.519068287037037 0.7209056712962962 0.08335503472222228 0.04810474537037024
3 0.5893301504629629 0.7130280671296296 0.07839265046296306 0.03729021990740744
3 0.8002604166666667 0.7089265046296296 0.08327546296296306 0.03736255787037024
3 0.5626012731481481 0.7964409722222223 0.06474247685185186 0.04001736111111098
3 0.510865162037037 0.8001374421296297 0.06770833333333326 0.04494357638888902
3 0.45619212962962963 0.8029007523148148 0.06278935185185186 0.039988425925925775
3 0.34486400462962963 0.8045500578703704 0.06566116898148144 0.03221932870370381
3 0.28724681712962963 0.8054036458333333 0.07056568287037035 0.03522135416666661
3 0.06365017361111111 0.813599537037037 0.08034577546296295 0.03731915509259265