2 0.3828125 0.326171875 0.087890625 0.0830078125
2 0.869140625 0.82421875 0.2607421875 0.107421875
2 0.927734375 0.337890625 0.1220703125 0.0830078125
2 0.177734375 0.5703125 0.142578125 0.138671875
2 0.7109375 0.251953125 0.078125 0.0673828125
2 0.580078125 0.5595703125 0.1298828125 0.169921875
2 0.130859375 0.2626953125 0.0888671875 0.0732421875
2 0.5576171875 0.326171875 0.078125 0.0703125
2 0.126953125 0.3388671875 0.1015625 0.0703125
2 0.7216796875 0.5546875 0.1533203125 0.171875
2 0.2080078125 0.2626953125 0.0830078125 0.0673828125
2 0.6435546875 0.330078125 0.087890625 0.078125
2 0.345703125 0.2626953125 0.0703125 0.0673828125
2 0.220703125 0.330078125 0.087890625 0.0703125
2 0.830078125 0.330078125 0.0986328125 0.078125
2 0.728515625 0.328125 0.0888671875 0.068359375
2 0.064453125 0.5712890625 0.12890625 0.173828125
2 0.2998046875 0.328125 0.083984375 0.068359375
2 0.4189453125 0.259765625 0.076171875 0.064453125
2 0.0595703125 0.2578125 0.087890625 0.0625
2 0.5673828125 0.259765625 0.078125 0.068359375
2 0.478515625 0.330078125 0.080078125 0.0703125
2 0.275390625 0.2607421875 0.0751953125 0.0625
2 0.779296875 0.255859375 0.0888671875 0.072265625
2 0.0517578125 0.3330078125 0.091796875 0.0751953125
2 0.556640625 0.1796875 0.0595703125 0.048828125
2 0.638671875 0.2548828125 0.0751953125 0.0703125
2 0.7294921875 0.1748046875 0.0576171875 0.044921875
2 0.443359375 0.177734375 0.052734375 0.041015625
2 0.044921875 0.8046875 0.0859375 0.126953125
2 0.609375 0.177734375 0.0546875 0.044921875
2 0.6689453125 0.1767578125 0.0595703125 0.044921875
2 0.4951171875 0.1767578125 0.056640625 0.0439453125
2 0.0732421875 0.1826171875 0.0673828125 0.0439453125
2 0.0263671875 0.1865234375 0.052734375 0.0419921875
2 0.787109375 0.1748046875 0.0595703125 0.044921875
2 0.2314453125 0.181640625 0.0673828125 0.0517578125
2 0.970703125 0.2509765625 0.0576171875 0.0673828125
2 0.177734375 0.1796875 0.0595703125 0.046875
2 0.3935546875 0.1796875 0.0517578125 0.044921875
3 0.4951171875 0.267578125 0.076171875 0.048828125
2 0.962890625 0.556640625 0.0732421875 0.1357421875
2 0.3359375 0.1796875 0.060546875 0.044921875
2 0.982421875 0.3330078125 0.0341796875 0.0654296875
2 0.015625 0.2626953125 0.03125 0.0546875
3 0.919921875 0.271484375 0.0595703125 0.03125
2 0.857421875 0.2548828125 0.064453125 0.060546875
2 0.865234375 0.5595703125 0.162109375 0.177734375
3 0.880859375 0.189453125 0.0654296875 0.0390625
3 0.1298828125 0.1845703125 0.044921875 0.029296875