2 0.619140625 0.326171875 0.0908203125 0.078125
2 0.8154296875 0.572265625 0.1611328125 0.15625
2 0.4423828125 0.326171875 0.080078125 0.0703125
2 0.205078125 0.8173828125 0.3076171875 0.1279296875
2 0.9306640625 0.548828125 0.138671875 0.185546875
2 0.419921875 0.5595703125 0.1171875 0.1611328125
2 0.869140625 0.2626953125 0.0810546875 0.0703125
2 0.791015625 0.2626953125 0.080078125 0.064453125
2 0.2919921875 0.251953125 0.0830078125 0.0703125
2 0.3564453125 0.328125 0.0859375 0.0751953125
2 0.2783203125 0.556640625 0.158203125 0.166015625
2 0.2734375 0.328125 0.0966796875 0.078125
2 0.072265625 0.25 0.0810546875 0.0703125
2 0.560546875 0.177734375 0.0703125 0.056640625
2 0.783203125 0.3330078125 0.0810546875 0.0703125
2 0.705078125 0.3330078125 0.0908203125 0.068359375
2 0.072265625 0.3359375 0.1171875 0.076171875
2 0.173828125 0.328125 0.099609375 0.076171875
2 0.529296875 0.328125 0.0810546875 0.072265625
2 0.5029296875 0.251953125 0.0703125 0.072265625
2 0.216796875 0.2607421875 0.0830078125 0.0576171875
2 0.630859375 0.814453125 0.2705078125 0.125
2 0.951171875 0.3330078125 0.0888671875 0.0751953125
2 0.939453125 0.2607421875 0.083984375 0.0625
2 0.869140625 0.330078125 0.099609375 0.0703125
2 0.4345703125 0.259765625 0.0703125 0.0654296875
2 0.2705078125 0.1748046875 0.060546875 0.048828125
2 0.7265625 0.2607421875 0.0732421875 0.0625
2 0.583984375 0.2578125 0.072265625 0.0625
2 0.361328125 0.2578125 0.068359375 0.064453125
2 0.716796875 0.177734375 0.0546875 0.046875
2 0.330078125 0.1748046875 0.056640625 0.044921875
2 0.447265625 0.177734375 0.060546875 0.044921875
2 0.9248046875 0.1826171875 0.0654296875 0.044921875
2 0.1376953125 0.2548828125 0.0703125 0.064453125
2 0.0224609375 0.2490234375 0.044921875 0.0576171875
3 0.5 0.1796875 0.052734375 0.037109375
2 0.611328125 0.177734375 0.0439453125 0.0439453125
2 0.982421875 0.26171875 0.0341796875 0.0576171875
2 0.017578125 0.333984375 0.0341796875 0.0703125
2 0.775390625 0.181640625 0.0546875 0.0390625
2 0.3876953125 0.1748046875 0.0517578125 0.0439453125
3 0.873046875 0.1826171875 0.046875 0.029296875
2 0.1455078125 0.544921875 0.1484375 0.1357421875
2 0.033203125 0.556640625 0.0625 0.134765625
2 0.826171875 0.1826171875 0.056640625 0.0439453125
2 0.65625 0.2529296875 0.0673828125 0.080078125
3 0.9716796875 0.189453125 0.048828125 0.033203125