2 0.7451171875 0.427734375 0.1220703125 0.0859375
2 0.822265625 0.4638671875 0.1064453125 0.09375
2 0.697265625 0.3515625 0.1044921875 0.0625
2 0.796875 0.318359375 0.076171875 0.044921875
2 0.9169921875 0.4765625 0.115234375 0.123046875
2 0.9560546875 0.357421875 0.056640625 0.046875
2 0.337890625 0.451171875 0.1376953125 0.103515625
2 0.2451171875 0.4013671875 0.099609375 0.068359375
2 0.671875 0.296875 0.078125 0.048828125
2 0.3828125 0.3310546875 0.0859375 0.0439453125
2 0.107421875 0.337890625 0.0654296875 0.0361328125
2 0.376953125 0.2861328125 0.072265625 0.0419921875
3 0.71875 0.689453125 0.091796875 0.0703125
2 0.599609375 0.322265625 0.1044921875 0.0546875
2 0.4736328125 0.2685546875 0.0859375 0.0390625
2 0.5029296875 0.357421875 0.1201171875 0.0732421875
3 0.5751953125 0.6123046875 0.091796875 0.0625
3 0.873046875 0.775390625 0.09375 0.0751953125
3 0.8388671875 0.3984375 0.056640625 0.033203125
2 0.3173828125 0.318359375 0.0751953125 0.046875
3 0.4296875 0.3544921875 0.046875 0.03125
3 0.6669921875 0.419921875 0.0546875 0.037109375
3 0.4658203125 0.546875 0.0908203125 0.068359375
3 0.4091796875 0.5029296875 0.0625 0.056640625
3 0.5986328125 0.404296875 0.056640625 0.0517578125
3 0.7763671875 0.373046875 0.0517578125 0.0341796875
3 0.900390625 0.4189453125 0.052734375 0.0419921875