2 0.6826171875 0.361328125 0.0908203125 0.0859375
2 0.8857421875 0.498046875 0.0908203125 0.0703125
2 0.169921875 0.59375 0.099609375 0.083984375
2 0.689453125 0.4892578125 0.083984375 0.0830078125
2 0.7998046875 0.359375 0.0966796875 0.0859375
2 0.8173828125 0.283203125 0.095703125 0.068359375
2 0.3076171875 0.7705078125 0.115234375 0.111328125
2 0.1845703125 0.505859375 0.095703125 0.076171875
2 0.916015625 0.5966796875 0.09375 0.09375
2 0.5830078125 0.4970703125 0.0830078125 0.076171875
2 0.4091796875 0.59375 0.1015625 0.1044921875
2 0.1826171875 0.369140625 0.095703125 0.080078125
2 0.470703125 0.365234375 0.0810546875 0.0751953125
2 0.1640625 0.767578125 0.1201171875 0.1201171875
2 0.482421875 0.498046875 0.0859375 0.0732421875
2 0.8935546875 0.3623046875 0.0859375 0.095703125
2 0.3828125 0.5078125 0.080078125 0.060546875
2 0.9658203125 0.3603515625 0.068359375 0.076171875
2 0.921875 0.2705078125 0.1044921875 0.0966796875
2 0.6923828125 0.2685546875 0.0986328125 0.099609375
2 0.376953125 0.361328125 0.0859375 0.09375
2 0.5810546875 0.287109375 0.0830078125 0.0703125
2 0.7216796875 0.751953125 0.1220703125 0.1376953125
3 0.2705078125 0.5126953125 0.083984375 0.0546875
3 0.822265625 0.609375 0.0986328125 0.076171875
2 0.4189453125 0.28125 0.0888671875 0.0751953125
3 0.5 0.611328125 0.0751953125 0.048828125
3 0.7939453125 0.501953125 0.0673828125 0.0439453125
3 0.271484375 0.6044921875 0.078125 0.0625
3 0.7109375 0.609375 0.0908203125 0.056640625
3 0.6015625 0.6123046875 0.0888671875 0.0625
2 0.271484375 0.3564453125 0.099609375 0.1171875
3 0.408203125 0.7763671875 0.0751953125 0.0673828125
3 0.6015625 0.771484375 0.0859375 0.0703125
2 0.9853515625 0.4931640625 0.029296875 0.068359375
3 0.859375 0.779296875 0.0888671875 0.060546875
3 0.958984375 0.78125 0.0751953125 0.0576171875
2 0.9892578125 0.2763671875 0.021484375 0.0654296875
3 0.5205078125 0.7705078125 0.078125 0.0654296875
2 0.5810546875 0.3642578125 0.083984375 0.078125