2 0.5133680555555555 0.5422960069444445 0.09075520833333339 0.068359375
2 0.34848090277777777 0.47259114583333334 0.09457465277777777 0.06657986111111114
2 0.9637044270833333 0.4668185763888889 0.07259114583333348 0.03250868055555556
2 0.5636067708333333 0.46655815972222225 0.07265625000000009 0.055859375000000044
2 0.6550998263888889 0.46380208333333334 0.06742621527777781 0.047829861111111094
3 0.5992187499999999 0.5441623263888888 0.06180555555555545 0.031011284722222143
3 0.7953993055555555 0.528515625 0.04973958333333339 0.02267795138888884
3 0.8516059027777778 0.5212673611111112 0.04192708333333339 0.022330729166666785
3 0.7825303819444445 0.6556206597222223 0.080078125 0.04741753472222232
3 0.8993706597222222 0.5214409722222222 0.04605034722222223 0.02738715277777759
2 0.3857204861111111 0.5648871527777778 0.13218315972222228 0.10138888888888897
3 0.7360894097222223 0.5317274305555555 0.04800347222222223 0.027473958333333215
3 0.6773871527777777 0.6801866319444445 0.08190104166666679 0.044574652777777946
3 0.7100911458333333 0.4730685763888889 0.03695746527777777 0.020160590277777724
2 0.8901258680555555 0.44500868055555554 0.11705729166666679 0.04613715277777786
3 0.5511935763888889 0.7135633680555555 0.09325086805555549 0.058723958333333215
3 0.4437065972222222 0.6853949652777778 0.07434895833333333 0.05008680555555545
3 0.5673177083333334 0.6597005208333333 0.07456597222222205 0.05496961805555545
3 0.6883463541666667 0.6416883680555556 0.072265625 0.04707031249999982
3 0.7898003472222221 0.6218315972222221 0.062152777777777946 0.03882378472222214
3 0.8608072916666667 0.6405815972222222 0.07671440972222232 0.037521701388888884
3 0.8564019097222222 0.607248263888889 0.04214409722222223 0.027213541666666785
3 0.941796875 0.6207899305555555 0.06367187500000004 0.029144965277777768
3 0.2715060763888889 0.5607855902777779 0.040451388888888884 0.03298611111111116
2 0.40837673611111114 0.46063368055555554 0.10692274305555549 0.05933159722222214
2 0.8614583333333333 0.4797960069444444 0.11158854166666665 0.054665798611111094
2 0.6724826388888889 0.5259765625 0.07135416666666661 0.07042100694444442
2 0.4708333333333333 0.4624348958333333 0.08530815972222228 0.05544704861111116
2 0.5094618055555555 0.45440538194444446 0.0595703125 0.04650607638888893