2 0.5020543981481481 0.5016276041666667 0.08384693287037037 0.05971498842592604
2 0.665089699074074 0.43312355324074076 0.09171730324074057 0.06391059027777779
2 0.048394097222222224 0.42277922453703703 0.07268518518518519 0.03099681712962965
2 0.44950086805555556 0.42549189814814814 0.07409577546296298 0.06032986111111116
2 0.3578052662037037 0.4220558449074074 0.06810619212962954 0.05132378472222221
3 0.4161458333333333 0.502857349537037 0.060966435185185186 0.03056278935185186
3 0.21924189814814815 0.4857494212962963 0.04917534722222222 0.02524594907407407
3 0.16274594907407408 0.4780815972222222 0.04231047453703707 0.02303964120370372
3 0.2359013310185185 0.6129918981481481 0.07877604166666663 0.0468388310185186
3 0.11492332175925926 0.47790075231481477 0.04426359953703701 0.02311197916666674
2 0.6305410879629629 0.5251736111111112 0.1283854166666667 0.10138165509259256
3 0.2787254050925926 0.48940248842592593 0.05023871527777779 0.03114149305555558
3 0.3419126157407407 0.6383463541666667 0.08170572916666674 0.0469473379629628
3 0.30301649305555556 0.43091724537037035 0.034411168981481444 0.01689091435185186
2 0.12191116898148148 0.40151186342592593 0.11986400462962962 0.0532407407407407
3 0.469263599537037 0.6726707175925926 0.09263599537037037 0.0600405092592593
3 0.5760561342592592 0.6452907986111112 0.07296006944444455 0.04955150462962976
3 0.4515190972222222 0.6186704282407407 0.07402343749999996 0.05544704861111116
3 0.32979600694444444 0.5997540509259258 0.06796151620370372 0.04155815972222232
3 0.22761863425925927 0.5791377314814814 0.06304976851851851 0.03942418981481488
3 0.15707465277777777 0.5973668981481481 0.07670717592592591 0.03895399305555558
3 0.16049623842592592 0.5640552662037037 0.04238281249999998 0.02792245370370372
3 0.075390625 0.5769675925925926 0.062890625 0.02868200231481488
3 0.7447844328703703 0.5219184027777778 0.0394820601851853 0.0297670717592593
2 0.6047598379629631 0.42071759259259256 0.10837673611111098 0.06843171296296302
2 0.15164930555555556 0.4365234375 0.11213831018518516 0.05881076388888884
2 0.3422453703703704 0.4841218171296296 0.0683810763888888 0.06987847222222221
2 0.5422743055555556 0.42205584490740744 0.08179253472222214 0.05280671296296302
2 0.5033564814814815 0.41373697916666663 0.05826822916666674 0.04607928240740744