2 0.5443648726851852 0.5170283564814815 0.08453414351851851 0.07934751157407405
2 0.2524088541666667 0.41862702546296293 0.08114872685185182 0.08793402777777781
2 0.31300636574074076 0.43744212962962964 0.07816116898148151 0.08680555555555558
2 0.4265625 0.4717375578703704 0.07523148148148151 0.08665364583333335
2 0.48802083333333335 0.4925564236111111 0.07052228009259265 0.089330150462963
2 0.36791811342592595 0.4530237268518519 0.0732783564814814 0.08655237268518512
2 0.43871527777777775 0.6633825231481482 0.06242042824074079 0.08404224537037042
2 0.6173177083333333 0.5257089120370371 0.08528645833333326 0.09204282407407405
2 0.6187355324074074 0.7001446759259259 0.09532696759259252 0.06433015046296298
2 0.2644458912037037 0.6122251157407408 0.061899594907407374 0.07525318287037042
2 0.14422743055555556 0.5746455439814815 0.05920138888888887 0.07900752314814818
2 0.20763888888888887 0.5955656828703704 0.057016782407407374 0.07499999999999996
2 0.32590422453703705 0.6330439814814814 0.048914930555555625 0.06971209490740726
2 0.19364872685185186 0.40186631944444445 0.06747685185185182 0.08722511574074077
2 0.37570891203703705 0.6356264467592593 0.05339265046296293 0.06312934027777772
2 0.0818504050925926 0.5527994791666667 0.06942997685185184 0.08732638888888888
2 0.7083333333333333 0.7420138888888889 0.05920138888888893 0.07900752314814818
2 0.5485387731481481 0.6945457175925926 0.0596064814814814 0.08584346064814818
2 0.7805338541666667 0.7633897569444444 0.05811631944444451 0.09355468749999996
2 0.111328125 0.40249565972222223 0.08365885416666669 0.04814814814814816
3 0.5028790509259259 0.671607349537037 0.055859375000000044 0.055468749999999956
2 0.030110677083333336 0.5322844328703704 0.06022135416666667 0.09503761574074066
2 0.6563078703703704 0.5620153356481481 0.08705150462962963 0.056112557870370505