2 0.2888816550925926 0.6261212384259259 0.16098813657407407 0.13371672453703698
2 0.0746166087962963 0.4604673032407407 0.08336950231481483 0.06550202546296302
2 0.5627170138888888 0.39460358796296297 0.09060329861111116 0.05016637731481477
2 0.5991030092592593 0.5444155092592593 0.14605034722222232 0.09903067129629628
2 0.21600115740740738 0.43475115740740744 0.09848813657407407 0.07873987268518512
2 0.4810112847222222 0.573169849537037 0.15708188657407418 0.10724103009259256
2 0.2861328125 0.43702980324074076 0.09284577546296291 0.05805121527777779
2 0.46064814814814814 0.41203703703703703 0.09375 0.0561342592592593
2 0.6939742476851851 0.5106698495370371 0.13834635416666652 0.10167100694444442
2 0.48712384259259256 0.3817997685185185 0.07186776620370372 0.04459635416666674
2 0.7732566550925926 0.4765263310185185 0.14243344907407396 0.10669849537037046
2 0.4038990162037037 0.3907335069444444 0.0815248842592593 0.0420283564814814
2 0.12959346064814814 0.3716362847222222 0.05135995370370372 0.04383680555555558
3 0.16446035879629628 0.6941189236111112 0.11187065972222221 0.07143373842592604
2 0.8982566550925926 0.44556568287037035 0.1176576967592593 0.06969762731481488
2 0.04032841435185185 0.38566984953703703 0.05125144675925926 0.04090711805555558
2 0.37127459490740744 0.3500072337962963 0.05291521990740744 0.0331669560185186
2 0.19140625 0.36154513888888884 0.0673828125 0.0551576967592593
3 0.045581958912037035 0.7380280671296297 0.09116391782407407 0.07946325231481488
2 0.2890625 0.35792824074074076 0.04307725694444442 0.03085214120370372
2 0.4612991898148148 0.341796875 0.0498046875 0.02817563657407407
2 0.41142216435185186 0.3455946180555556 0.04293258101851849 0.02694589120370372
3 0.3923611111111111 0.6232638888888888 0.06709346064814814 0.04734519675925908
2 0.5230034722222222 0.3609664351851852 0.06553819444444442 0.03168402777777779
3 0.400390625 0.43279803240740744 0.04470486111111116 0.02213541666666674
3 0.14456741898148148 0.46762876157407407 0.05078125 0.02821180555555558
2 0.8311993634259259 0.4656032986111111 0.0912905092592593 0.06872106481481477
3 0.015570746527777776 0.4932002314814815 0.031141493055555552 0.03493923611111116
3 0.12991898148148148 0.4418402777777778 0.039822048611111105 0.0219545717592593
3 0.35138165509259256 0.41315827546296297 0.0366030092592593 0.01403356481481477
3 0.010253906249999998 0.46025028935185186 0.020507812499999997 0.02676504629629628
3 0.08394820601851852 0.39283130787037035 0.029079861111111105 0.02155671296296302
3 0.0073423032407407395 0.4027777777777778 0.014684606481481479 0.01866319444444442
3 0.3377821180555556 0.4380425347222222 0.03982204861111116 0.0219545717592593
3 0.33174189814814814 0.3641493055555556 0.0288266782407407 0.01472077546296302
3 0.22500723379629628 0.37590422453703703 0.02889901620370372 0.01667390046296291
3 0.6251085069444444 0.39521846064814814 0.03515625 0.02763310185185186
3 0.2574146412037037 0.36982783564814814 0.03396267361111116 0.02173755787037035