2 0.6875 0.6376953125 0.1513671875 0.1201171875
2 0.908203125 0.4638671875 0.0810546875 0.0625
2 0.421875 0.416015625 0.0888671875 0.044921875
2 0.3798828125 0.5673828125 0.140625 0.0908203125
2 0.767578125 0.443359375 0.095703125 0.0751953125
2 0.4970703125 0.591796875 0.158203125 0.109375
2 0.697265625 0.4482421875 0.0908203125 0.0546875
2 0.5234375 0.4296875 0.087890625 0.0439453125
2 0.2861328125 0.537109375 0.140625 0.1064453125
2 0.498046875 0.400390625 0.0673828125 0.0390625
2 0.2080078125 0.505859375 0.1376953125 0.0966796875
2 0.5810546875 0.40625 0.0810546875 0.0419921875
2 0.8564453125 0.376953125 0.052734375 0.044921875
3 0.8095703125 0.701171875 0.1064453125 0.0625
2 0.083984375 0.4794921875 0.1171875 0.0703125
2 0.9453125 0.3876953125 0.0498046875 0.0390625
2 0.615234375 0.3642578125 0.0498046875 0.0283203125
2 0.794921875 0.369140625 0.064453125 0.0517578125
3 0.9404296875 0.740234375 0.1142578125 0.072265625
2 0.697265625 0.369140625 0.0419921875 0.03125
2 0.525390625 0.359375 0.048828125 0.0283203125
2 0.5751953125 0.361328125 0.0419921875 0.025390625
3 0.583984375 0.638671875 0.0625 0.0419921875
2 0.462890625 0.380859375 0.064453125 0.03125
3 0.5830078125 0.4482421875 0.0439453125 0.0205078125
3 0.837890625 0.4736328125 0.0498046875 0.0263671875
2 0.150390625 0.4970703125 0.0859375 0.0625
3 0.974609375 0.494140625 0.046875 0.033203125
3 0.853515625 0.447265625 0.0390625 0.021484375
3 0.6328125 0.4267578125 0.0361328125 0.013671875
3 0.98046875 0.4599609375 0.0390625 0.0263671875
3 0.9013671875 0.396484375 0.0283203125 0.0205078125
3 0.9853515625 0.4033203125 0.029296875 0.017578125
3 0.6455078125 0.451171875 0.0419921875 0.0234375
3 0.654296875 0.376953125 0.0283203125 0.013671875
3 0.7607421875 0.384765625 0.0283203125 0.015625
3 0.359375 0.4189453125 0.033203125 0.0263671875
3 0.728515625 0.3798828125 0.033203125 0.021484375