2 0.3310546875 0.6767578125 0.154296875 0.2158203125
2 0.40625 0.2998046875 0.068359375 0.056640625
2 0.162109375 0.380859375 0.095703125 0.0703125
3 0.265625 0.541015625 0.080078125 0.0595703125
2 0.5185546875 0.271484375 0.060546875 0.0390625
3 0.4345703125 0.462890625 0.0654296875 0.0439453125
3 0.359375 0.498046875 0.0732421875 0.052734375
2 0.810546875 0.369140625 0.099609375 0.0703125
2 0.955078125 0.369140625 0.044921875 0.037109375
3 0.4482421875 0.630859375 0.0986328125 0.0751953125
2 0.5517578125 0.3857421875 0.130859375 0.0888671875
3 0.6298828125 0.525390625 0.0751953125 0.0498046875
2 0.8779296875 0.3330078125 0.046875 0.0341796875
3 0.685546875 0.482421875 0.056640625 0.0419921875
3 0.1923828125 0.583984375 0.0703125 0.0673828125
3 0.546875 0.576171875 0.083984375 0.0595703125
3 0.505859375 0.4296875 0.0517578125 0.0390625
2 0.763671875 0.2763671875 0.0625 0.046875
3 0.7236328125 0.443359375 0.048828125 0.0341796875
3 0.7578125 0.4189453125 0.0390625 0.03125
3 0.3125 0.345703125 0.041015625 0.029296875
2 0.990234375 0.392578125 0.0185546875 0.0439453125
2 0.220703125 0.734375 0.109375 0.1455078125
2 0.6904296875 0.2548828125 0.0595703125 0.037109375
3 0.4482421875 0.302734375 0.0263671875 0.0205078125
3 0.482421875 0.291015625 0.0283203125 0.015625
3 0.658203125 0.3642578125 0.041015625 0.021484375
3 0.255859375 0.365234375 0.041015625 0.0263671875
3 0.7861328125 0.396484375 0.037109375 0.0234375
3 0.9140625 0.3544921875 0.03125 0.0234375
3 0.359375 0.3330078125 0.033203125 0.0234375
3 0.6904296875 0.349609375 0.0341796875 0.017578125
3 0.7294921875 0.3388671875 0.041015625 0.021484375
3 0.8466796875 0.318359375 0.037109375 0.0205078125
3 0.634765625 0.2421875 0.0419921875 0.0234375
3 0.640625 0.3876953125 0.048828125 0.0341796875