2 0.7543981481481481 0.47627314814814814 0.1461009837962961 0.17882667824074083
2 0.7215856481481482 0.6337818287037037 0.10879629629629628 0.1250795717592592
2 0.4571180555555555 0.6063802083333334 0.11506799768518516 0.14866174768518503
2 0.36749131944444446 0.3689380787037037 0.1810546875000001 0.2422526041666666
2 0.5687282986111111 0.6214265046296297 0.13879484953703702 0.15423900462962958
2 0.23470775462962962 0.5626157407407407 0.12024016203703702 0.15368923611111107
2 0.6569878472222223 0.43621238425925923 0.1825376157407408 0.21792534722222223
2 0.15067274305555556 0.5444733796296297 0.09880642361111114 0.13745659722222214
2 0.5212601273148149 0.39892939814814815 0.178761574074074 0.2529079861111111
2 0.6414496527777778 0.6323857060185185 0.10575086805555545 0.12303964120370381
2 0.7943070023148148 0.6447410300925926 0.1044777199074074 0.10155526620370381
2 0.11048900462962963 0.3476273148148148 0.17238136574074076 0.24394531249999996
2 0.9051649305555556 0.5404152199074074 0.10941840277777781 0.10267650462962963
2 0.029096137152777778 0.24035734953703702 0.058192274305555555 0.0878761574074074
2 0.2322120949074074 0.35710358796296293 0.16639901620370368 0.22524594907407414
2 0.8595630787037036 0.649609375 0.08517071759259265 0.0883101851851853
2 0.8251012731481482 0.5047815393518519 0.13747829861111116 0.16492332175925917
2 0.33998842592592593 0.6019314236111111 0.12571614583333335 0.1967447916666667
2 0.9408492476851852 0.6481047453703703 0.04850983796296293 0.06187789351851869
2 0.953298611111111 0.5535807291666667 0.035243055555555625 0.068308738425926
2 0.9087384259259259 0.6451967592592592 0.07201244212962976 0.08012152777777781
3 0.8673177083333333 0.51875 0.06873553240740748 0.07417534722222219