2 0.8194227430555556 0.6107855902777778 0.18042534722222214 0.11519097222222219
2 0.7675347222222222 0.5128255208333333 0.18289207175925926 0.1074435763888888
2 0.24500868055555555 0.3868055555555555 0.17880497685185187 0.08784722222222219
2 0.15090422453703706 0.6712239583333334 0.23184317129629628 0.12706163194444442
2 0.7185980902777778 0.36506076388888886 0.14203559027777768 0.07630208333333344
2 0.21062644675925926 0.45546875 0.16708622685185187 0.08758680555555554
2 0.6912181712962964 0.3155598958333333 0.13829571759259274 0.06256510416666661
2 0.27565104166666665 0.33174913194444444 0.1259982638888889 0.052539062499999956
2 0.3033564814814815 0.29325086805555556 0.12301070601851849 0.05149739583333335
3 0.6965639467592593 0.4398654513888889 0.12928240740740748 0.07504340277777777
2 0.311009837962963 0.2631076388888889 0.1093388310185186 0.051193576388888884
3 0.8016059027777778 0.7629340277777777 0.14526909722222214 0.11440972222222223
3 0.23016493055555556 0.5712890625 0.11935040509259259 0.08847656249999991
3 0.19570312500000003 0.8228081597222222 0.1601417824074074 0.10206163194444451
3 0.6213179976851851 0.29053819444444445 0.07113715277777777 0.04839409722222221