2 0.721947337962963 0.43224826388888893 0.2031901041666666 0.1684606481481481
2 0.6929542824074074 0.6405164930555556 0.1280092592592592 0.10248842592592577
2 0.8334418402777778 0.5359375 0.14857494212962963 0.104593460648148
2 0.38949652777777777 0.48648003472222223 0.17961516203703698 0.19660011574074066
2 0.8721715856481482 0.5903501157407407 0.12536168981481488 0.07903645833333339
2 0.7540509259259258 0.6586226851851852 0.09583333333333321 0.07100694444444455
2 0.5591796875 0.5760633680555556 0.1445601851851852 0.1338541666666666
2 0.37711950231481484 0.2335865162037037 0.23517071759259256 0.22630208333333335
2 0.904347511574074 0.6213686342592593 0.10513599537037033 0.05545428240740735
3 0.3040870949074074 0.4060402199074074 0.10387731481481488 0.07887731481481486
3 0.6077907986111111 0.370580150462963 0.13056278935185173 0.08981481481481479
2 0.6634765625000001 0.6016637731481482 0.10474537037037024 0.10817418981481497
3 0.5115813078703704 0.2882667824074074 0.1377748842592592 0.1025607638888889
2 0.7781828703703704 0.681886574074074 0.10054253472222219 0.06518373842592595
2 0.4828559027777778 0.5385344328703704 0.14099392361111107 0.11234809027777781
3 0.7754123263888889 0.48948206018518514 0.08155381944444451 0.050397858796296324
3 0.13077980324074073 0.29304108796296297 0.0969039351851852 0.10713975694444444
2 0.8394241898148148 0.7048755787037038 0.06184895833333326 0.044393807870370505
2 0.9480179398148149 0.6776982060185185 0.06974826388888888 0.0473813657407407
3 0.21055410879629632 0.34812644675925924 0.09945746527777777 0.09446614583333335
2 0.8792679398148149 0.7309534143518519 0.06667390046296306 0.042476851851851904
3 0.06270254629629629 0.2701027199074074 0.07654079861111113 0.11187065972222221