2 0.427734375 0.5439453125 0.1591796875 0.1328125
2 0.333984375 0.3486328125 0.083984375 0.068359375
2 0.6875 0.376953125 0.1171875 0.0751953125
2 0.328125 0.599609375 0.146484375 0.1689453125
2 0.21875 0.400390625 0.0732421875 0.072265625
2 0.796875 0.482421875 0.1328125 0.0908203125
2 0.2265625 0.658203125 0.1298828125 0.1796875
2 0.4765625 0.3095703125 0.0830078125 0.0546875
2 0.126953125 0.724609375 0.150390625 0.1875
2 0.8388671875 0.4267578125 0.1142578125 0.0751953125
2 0.2783203125 0.376953125 0.083984375 0.068359375
2 0.162109375 0.423828125 0.080078125 0.0908203125
2 0.3828125 0.298828125 0.0654296875 0.0390625
2 0.384765625 0.333984375 0.0751953125 0.048828125
2 0.111328125 0.455078125 0.0732421875 0.083984375
2 0.0517578125 0.484375 0.0751953125 0.0888671875
2 0.59375 0.7216796875 0.275390625 0.2421875
3 0.486328125 0.8173828125 0.142578125 0.1044921875
2 0.7392578125 0.3388671875 0.072265625 0.046875
2 0.3544921875 0.2451171875 0.0390625 0.025390625
3 0.759765625 0.537109375 0.080078125 0.0517578125
2 0.3359375 0.830078125 0.173828125 0.0888671875
2 0.9736328125 0.560546875 0.052734375 0.123046875
3 0.435546875 0.326171875 0.0361328125 0.0234375
2 0.6142578125 0.4169921875 0.0966796875 0.0732421875
2 0.3330078125 0.3046875 0.046875 0.0283203125
2 0.314453125 0.357421875 0.0986328125 0.068359375
2 0.017578125 0.5068359375 0.0341796875 0.107421875
3 0.720703125 0.583984375 0.0830078125 0.0595703125
2 0.189453125 0.4169921875 0.109375 0.0859375
2 0.3251953125 0.271484375 0.0390625 0.0283203125
3 0.681640625 0.6591796875 0.109375 0.0595703125
3 0.060546875 0.7578125 0.0751953125 0.138671875
3 0.654296875 0.400390625 0.0654296875 0.0625
3 0.8564453125 0.396484375 0.0654296875 0.0419921875