2 0.3036675347222222 0.4066623263888889 0.09064670138888897 0.08402777777777781
2 0.41193576388888886 0.36171875 0.09535590277777772 0.07643229166666665
2 0.5658203125 0.3939236111111111 0.10783420138888888 0.06723090277777777
2 0.3755859375 0.48205295138888893 0.11460503472222228 0.10850694444444442
2 0.24388020833333335 0.43815104166666663 0.08268229166666663 0.07684461805555554
2 0.20759548611111112 0.5614149305555556 0.11467013888888888 0.1553385416666666
2 0.7332465277777778 0.8159939236111111 0.23578559027777768 0.2055989583333333
2 0.851388888888889 0.6446614583333333 0.17586805555555562 0.18732638888888897
2 0.7999131944444444 0.7428602430555555 0.22486979166666665 0.1973090277777778
2 0.11733940972222222 0.49496527777777777 0.07543402777777777 0.10188802083333326
2 0.49420572916666666 0.33220486111111114 0.08719618055555556 0.060460069444444375
3 0.5090928819444445 0.43140190972222225 0.05353732638888875 0.03847656250000009
2 0.15963541666666667 0.3787977430555556 0.05279947916666666 0.049175347222222276
2 0.916796875 0.5148871527777779 0.1250651041666666 0.09628906249999991
2 0.31710069444444444 0.3087239583333333 0.05262586805555558 0.041362847222222276
2 0.28033854166666666 0.3226996527777778 0.05366753472222219 0.04433593749999998
3 0.44743923611111114 0.46671006944444443 0.06048177083333339 0.04366319444444444
3 0.29867621527777777 0.5332682291666666 0.07139756944444442 0.05195312499999982
2 0.39481336805555556 0.29364149305555554 0.05750868055555558 0.041579861111111116
2 0.6963975694444444 0.3431423611111111 0.06660156250000004 0.055642361111111094
3 0.24476996527777778 0.346484375 0.034743923611111116 0.02690972222222221
2 0.545724826388889 0.3237630208333333 0.06341145833333339 0.04379340277777777
2 0.19288194444444445 0.3383246527777778 0.03988715277777777 0.03884548611111116
2 0.6352864583333333 0.3589626736111111 0.09192708333333321 0.053841145833333326
2 0.22684461805555556 0.28617621527777776 0.028841145833333304 0.024696180555555558
2 0.19663628472222222 0.28776041666666663 0.026888020833333304 0.024609375000000044
2 0.11736111111111111 0.3642361111111111 0.03500434027777777 0.03862847222222221
2 0.9206380208333333 0.46822916666666664 0.10460069444444442 0.05342881944444444
3 0.37858072916666663 0.39730902777777777 0.045551215277777724 0.030316840277777812
2 0.3342013888888889 0.28802083333333334 0.03769531250000002 0.028016493055555536
2 0.25594618055555557 0.2786892361111111 0.037738715277777724 0.029969618055555536
2 0.7382161458333334 0.33719618055555556 0.06929253472222241 0.04503038194444442
3 0.14492187499999998 0.6386284722222222 0.06992187500000002 0.07335069444444442
3 0.18504774305555555 0.4687065972222222 0.058615451388888906 0.04748263888888893
3 0.07463107638888888 0.6803819444444444 0.07020399305555558 0.08604600694444442
2 0.9212456597222223 0.45167100694444445 0.09989149305555545 0.0610243055555556
3 0.4627604166666667 0.36592881944444444 0.036653645833333304 0.025043402777777724
2 0.3053168402777778 0.2613715277777778 0.034743923611111116 0.02690972222222221
3 0.11638454861111111 0.4080946180555556 0.04268663194444444 0.033116319444444375
2 0.9272135416666667 0.41291232638888886 0.076171875 0.047287326388888884
3 0.6156467013888889 0.8800347222222222 0.09782986111111103 0.05605468750000009
2 0.02719184027777778 0.5651041666666667 0.031271701388888885 0.09016927083333348
3 0.607595486111111 0.38602430555555556 0.04561631944444455 0.03324652777777781
2 0.2791666666666667 0.2699652777777778 0.02977430555555549 0.02278645833333326
3 0.07621527777777778 0.5321614583333334 0.056315104166666685 0.07567274305555571
3 0.8418185763888889 0.5213107638888889 0.07734375000000004 0.056119791666666696
3 0.20909288194444445 0.36538628472222223 0.04010416666666666 0.04861111111111116
3 0.2277126736111111 0.3252387152777778 0.04257812500000002 0.028233506944444375