2 0.5859375 0.4873046875 0.138671875 0.185546875
2 0.490234375 0.7236328125 0.2109375 0.267578125
2 0.294921875 0.478515625 0.162109375 0.1328125
2 0.3564453125 0.4091796875 0.169921875 0.111328125
2 0.1435546875 0.650390625 0.1640625 0.1748046875
2 0.2216796875 0.556640625 0.1513671875 0.130859375
2 0.828125 0.375 0.1142578125 0.0625
2 0.455078125 0.322265625 0.1064453125 0.0673828125
2 0.408203125 0.357421875 0.1279296875 0.083984375
2 0.8515625 0.8095703125 0.224609375 0.1123046875
2 0.841796875 0.4423828125 0.1298828125 0.0625
2 0.4951171875 0.302734375 0.083984375 0.0517578125
3 0.8232421875 0.5859375 0.1044921875 0.0576171875
2 0.814453125 0.328125 0.0908203125 0.0439453125
2 0.90625 0.3076171875 0.068359375 0.037109375
2 0.515625 0.275390625 0.0888671875 0.056640625
2 0.853515625 0.501953125 0.1611328125 0.099609375
3 0.814453125 0.6826171875 0.1640625 0.0810546875
2 0.796875 0.287109375 0.076171875 0.0390625
3 0.8046875 0.4091796875 0.080078125 0.0390625
3 0.1328125 0.7939453125 0.119140625 0.0830078125
3 0.775390625 0.3408203125 0.0498046875 0.03125