2 0.4349175347222222 0.6033998842592593 0.11841001157407405 0.08177083333333335
2 0.22291666666666668 0.5860170717592592 0.09342447916666669 0.08920717592592586
2 0.5227936921296297 0.6206669560185185 0.12432002314814827 0.08283420138888897
2 0.3223090277777778 0.5992042824074074 0.12189670138888897 0.09255642361111116
2 0.6287688078703704 0.6288700810185185 0.11994357638888897 0.09252748842592595
2 0.7389684606481481 0.6243055555555556 0.11352719907407405 0.08169849537037033
2 0.1872757523148148 0.3510127314814815 0.13657407407407407 0.18742766203703698
2 0.6308376736111111 0.34835069444444444 0.17646846064814814 0.2416883680555556
2 0.3447265625 0.6545789930555556 0.07592592592592595 0.05284288194444442
2 0.4476634837962963 0.7361255787037038 0.08055555555555549 0.04803240740740744
2 0.7936921296296297 0.37916666666666665 0.1884765625 0.26626157407407414
2 0.46303530092592593 0.33519965277777775 0.17685185185185182 0.2114438657407407
2 0.3037037037037037 0.3346281828703704 0.17705439814814816 0.2153501157407407
2 0.08350694444444445 0.3476634837962963 0.1289279513888889 0.17170138888888886
2 0.8157624421296297 0.6163266782407407 0.10062934027777759 0.0776041666666667
2 0.8988932291666667 0.39129050925925923 0.12398003472222219 0.18919270833333335
2 0.9433883101851852 0.6085720486111111 0.0981047453703705 0.08537326388888888
2 0.9674678096064815 0.4154947916666667 0.06506438078703702 0.14966724537037046
2 0.5352502893518518 0.7289641203703704 0.07208478009259256 0.03522135416666661
2 0.8751519097222222 0.6496527777777779 0.11130642361111098 0.09532696759259274
3 0.5647931134259259 0.6767288773148148 0.038172743055555625 0.021057581018518512
3 0.6661024305555556 0.6703414351851852 0.042078993055555625 0.02111545138888893
3 0.41138599537037035 0.6584780092592593 0.04809027777777786 0.024131944444444553
3 0.7883246527777777 0.6714626736111111 0.034013310185185164 0.016116898148148096
3 0.7288556134259259 0.6742983217592593 0.045413773148148096 0.02897135416666652
3 0.48348524305555557 0.673046875 0.0493055555555556 0.04756944444444455
3 0.37175925925925923 0.7235677083333334 0.03595196759259256 0.03468605324074092
3 0.3075231481481482 0.7098596643518519 0.03800636574074079 0.03666811342592591