2 0.4805338541666667 0.40611255787037037 0.1142578125 0.07891348379629626
2 0.6034505208333334 0.4732421875 0.10963541666666687 0.0971643518518519
2 0.17428385416666667 0.6048394097222223 0.18619791666666669 0.1361689814814815
2 0.49147135416666665 0.3449435763888889 0.09186197916666661 0.049529803240740744
2 0.6653645833333333 0.3970775462962963 0.08437500000000009 0.06860532407407405
2 0.7690755208333333 0.5318070023148148 0.09049479166666652 0.11660879629629628
2 0.409765625 0.3211082175925926 0.07486979166666674 0.042809606481481466
3 0.6851562499999999 0.5117766203703704 0.08164062499999991 0.05678530092592604
2 0.3013671875 0.34488570601851853 0.09101562500000004 0.05143229166666674
2 0.04996744791666667 0.7870008680555556 0.09993489583333334 0.17751736111111116
2 0.6733072916666667 0.32203414351851856 0.055533854166666785 0.044726562499999956
3 0.7787109375000001 0.46077112268518516 0.062369791666666785 0.04508101851851842
3 0.6061197916666666 0.3891059027777778 0.05397135416666665 0.03588686342592595
3 0.7205078125 0.4371744791666667 0.062369791666666785 0.045081018518518534
3 0.2706380208333333 0.688230613425926 0.1176432291666667 0.0859013310185186
3 0.38053385416666663 0.3774088541666667 0.043424479166666696 0.023661747685185253
2 0.6012369791666667 0.300658275462963 0.051888020833333215 0.033832465277777724
3 0.6342447916666667 0.32000868055555554 0.03541666666666665 0.02032696759259256
3 0.5376302083333333 0.4463107638888889 0.06562500000000004 0.050115740740740655
3 0.4815755208333333 0.8461588541666667 0.1615885416666667 0.11737557870370363
3 0.713671875 0.3486255787037037 0.035611979166666696 0.02325665509259256
3 0.8333333333333334 0.596875 0.07988281249999996 0.07421151620370381
3 0.3619140625 0.7742983217592593 0.1449869791666667 0.11651475694444446
3 0.8402994791666667 0.49238281250000004 0.057812500000000044 0.049710648148148184
2 0.7967447916666666 0.351953125 0.036263020833333215 0.03302228009259256
2 0.7294270833333334 0.31808449074074074 0.041145833333333215 0.03327546296296302
3 0.7630859375 0.3423683449074074 0.029361979166666607 0.017093460648148096
3 0.8984375 0.6345486111111112 0.07187499999999991 0.07087673611111112
3 0.4205078125 0.3951605902777778 0.050911458333333326 0.03378182870370372
3 0.1318359375 0.5213035300925926 0.058723958333333326 0.03418692129629619
3 0.10625000000000001 0.4935185185185185 0.046875 0.031626157407407374
3 0.3442708333333333 0.36278935185185185 0.04225260416666665 0.020681423611111138
2 0.03313802083333334 0.35635127314814813 0.06627604166666667 0.047439236111111116
3 0.8926432291666666 0.5303747106481482 0.06015624999999991 0.05567129629629619
2 0.18789062499999998 0.31254340277777776 0.0698567708333333 0.040603298611111116
2 0.3184895833333333 0.24973958333333335 0.05852864583333339 0.0312572337962963
3 0.7551432291666667 0.35861545138888884 0.03769531249999991 0.02531105324074079
2 0.16302083333333334 0.30341435185185184 0.060026041666666696 0.039120370370370416
3 0.5536458333333334 0.3677662037037037 0.04388020833333339 0.030497685185185253
2 0.13424479166666667 0.29408275462962963 0.05071614583333334 0.03085214120370372
3 0.44563802083333337 0.3415870949074074 0.035611979166666696 0.02325665509259256
3 0.7576822916666667 0.34992766203703707 0.03261718750000009 0.022128182870370328
2 0.5128255208333333 0.2598162615740741 0.043749999999999956 0.028544560185185253
3 0.6475260416666667 0.8704427083333333 0.12037760416666665 0.09772135416666661
3 0.1734375 0.5440393518518518 0.036458333333333315 0.050549768518518334
3 0.09264322916666667 0.4624348958333333 0.03151041666666665 0.03472222222222232
3 0.7996744791666667 0.3815031828703704 0.04583333333333339 0.03059895833333337
3 0.9450520833333333 0.5526909722222222 0.04361979166666674 0.04118923611111125