2 0.650390625 0.5283203125 0.142578125 0.181640625
2 0.455078125 0.4638671875 0.1376953125 0.138671875
2 0.3203125 0.71875 0.2373046875 0.197265625
2 0.166015625 0.373046875 0.0986328125 0.0830078125
2 0.314453125 0.4140625 0.125 0.130859375
2 0.1015625 0.359375 0.083984375 0.0732421875
2 0.255859375 0.404296875 0.0888671875 0.099609375
2 0.8857421875 0.611328125 0.1640625 0.197265625
2 0.953125 0.4296875 0.0751953125 0.103515625
3 0.751953125 0.623046875 0.1064453125 0.154296875
3 0.5419921875 0.541015625 0.0830078125 0.0986328125
2 0.0888671875 0.515625 0.080078125 0.099609375
2 0.04296875 0.7705078125 0.0859375 0.1904296875
3 0.2080078125 0.412109375 0.0517578125 0.052734375
3 0.3720703125 0.466796875 0.0517578125 0.056640625
2 0.0361328125 0.3408203125 0.0498046875 0.041015625
3 0.0625 0.3544921875 0.0263671875 0.029296875
3 0.1298828125 0.369140625 0.041015625 0.0439453125