2 0.18483072916666665 0.3420211226851852 0.220703125 0.19197048611111112
2 0.2635416666666667 0.6442129629629629 0.07486979166666663 0.03959780092592591
2 0.1009765625 0.5336877893518519 0.1318359375 0.0741825810185186
2 0.24466145833333333 0.1999565972222222 0.2731770833333333 0.14453125
2 0.04967447916666667 0.15946903935185186 0.07682291666666667 0.06889467592592591
3 0.4857421875 0.5365379050925926 0.04583333333333339 0.02864583333333326
3 0.6397135416666666 0.5767216435185185 0.05058593750000018 0.02672887731481488
3 0.6986979166666667 0.5537326388888888 0.06282552083333348 0.034628182870370505
3 0.4432291666666667 0.5576967592592592 0.040494791666666696 0.02177372685185186
3 0.7069010416666667 0.44252025462962963 0.068359375 0.044429976851851904
3 0.5513020833333333 0.509693287037037 0.05501302083333348 0.03457031250000009
3 0.4054036458333333 0.5759620949074074 0.03457031249999998 0.020753761574074048
3 0.14290364583333334 0.5037398726851852 0.0791015625 0.044509548611111116
3 0.6271484375 0.4760923032407407 0.06510416666666652 0.03952546296296289
3 0.7641927083333333 0.5259114583333333 0.0629557291666667 0.036581307870370505
3 0.8303385416666667 0.5078559027777778 0.06803385416666674 0.039547164351851904
3 0.7942708333333333 0.40607638888888886 0.07356770833333348 0.049348958333333304
3 0.58828125 0.5958622685185184 0.05462239583333339 0.02871093750000009
3 0.48854166666666665 0.6224537037037037 0.04225260416666665 0.018858506944444464
3 0.8779296875 0.3578920717592593 0.06634114583333339 0.05808015046296289
3 0.369140625 0.5883825231481481 0.030468750000000044 0.01779513888888884
3 0.5267578125000001 0.6100477430555555 0.04238281250000009 0.020811631944444464
3 0.887890625 0.47802372685185185 0.05605468750000009 0.05019531249999998
3 0.3470703125 0.5940755208333333 0.030013020833333348 0.02560040509259265
3 0.3216796875 0.6085286458333333 0.026627604166666652 0.01874276620370363
3 0.31276041666666665 0.6211516203703704 0.02675781250000009 0.02069589120370363
3 0.23522135416666667 0.2779730902777778 0.11145833333333333 0.10526620370370365