2 0.640625 0.3359375 0.1640625 0.0751953125
2 0.603515625 0.291015625 0.1298828125 0.068359375
2 0.701171875 0.3984375 0.1640625 0.103515625
2 0.5966796875 0.251953125 0.1142578125 0.046875
3 0.8173828125 0.736328125 0.169921875 0.087890625
2 0.4658203125 0.2451171875 0.080078125 0.078125
2 0.2001953125 0.521484375 0.134765625 0.0966796875
3 0.2216796875 0.791015625 0.1591796875 0.0830078125
2 0.869140625 0.7919921875 0.208984375 0.169921875
2 0.7451171875 0.5 0.189453125 0.119140625
2 0.2373046875 0.373046875 0.1201171875 0.064453125
3 0.791015625 0.6201171875 0.1376953125 0.078125
2 0.46875 0.1455078125 0.0654296875 0.033203125
2 0.208984375 0.447265625 0.158203125 0.1142578125
2 0.265625 0.271484375 0.1279296875 0.072265625
2 0.5439453125 0.2080078125 0.099609375 0.052734375
2 0.306640625 0.185546875 0.0751953125 0.0546875