2 0.32450810185185186 0.28497540509259256 0.1089048032407407 0.06266637731481484
2 0.9641565393518519 0.6254846643518519 0.07168692129629628 0.13410011574074066
2 0.629955150462963 0.2994140625 0.11085792824074092 0.06272424768518525
2 0.5935329861111112 0.2701533564814815 0.0947265625 0.055425347222222254
2 0.6550564236111112 0.24190538194444444 0.0702763310185186 0.04105902777777781
2 0.7896412037037037 0.22225839120370372 0.05154079861111116 0.024913194444444398
3 0.7251880787037037 0.3827184606481482 0.07110821759259256 0.03913483796296302
2 0.5443431712962963 0.2402922453703704 0.08604600694444442 0.043475115740740755
2 0.8384693287037037 0.2472366898148148 0.04582609953703698 0.026692708333333315
2 0.8589409722222222 0.47075376157407406 0.12492766203703698 0.10796440972222221
3 0.757884837962963 0.32204861111111116 0.0507089120370372 0.0268373842592593
3 0.36697048611111116 0.38256655092592595 0.0698423032407407 0.03519965277777781
3 0.3487413194444445 0.3478732638888889 0.05678530092592593 0.029940682870370328
3 0.9117476851851851 0.5494429976851851 0.07573784722222232 0.04901620370370363
2 0.38151041666666663 0.1560546875 0.05070891203703698 0.0268373842592593
3 0.7816116898148149 0.43096064814814816 0.07110821759259256 0.03913483796296302
3 0.37952112268518523 0.43308738425925924 0.09197771990740744 0.04462528935185184
3 0.40758825231481477 0.49489293981481486 0.10832609953703698 0.054853877314814836
3 0.8013599537037037 0.3540364583333333 0.05700231481481488 0.03287037037037033
3 0.6799406828703705 0.34001736111111114 0.05971498842592604 0.030027488425925952
3 0.973876953125 0.4779947916666667 0.05224609375 0.03783998842592595
2 0.9980830439814815 0.5266420717592593 0.0038339120370369795 0.10863715277777786
3 0.33919270833333337 0.3246672453703704 0.05685763888888884 0.030917245370370328
3 0.20706741898148148 0.4039424189814815 0.05428964120370372 0.035713252314814814
3 0.5398582175925926 0.8139467592592593 0.1713686342592593 0.10349392361111098
3 0.4402488425925926 0.5790726273148148 0.12199797453703709 0.1078776041666667
3 0.4526909722222222 0.6941912615740741 0.13075086805555558 0.12080439814814814
3 0.2013888888888889 0.7897207754629629 0.11537905092592593 0.11060474537037024
3 0.1927806712962963 0.6735098379629629 0.09186921296296297 0.08262442129629632
3 0.18326822916666666 0.5054542824074074 0.06438078703703703 0.053551793981481355
3 0.19053819444444445 0.45826099537037035 0.05635127314814814 0.05039062499999991
3 0.20565682870370372 0.3716869212962963 0.03551793981481477 0.03223379629629619
3 0.8558666087962963 0.3896122685185185 0.04955150462962976 0.06383101851851847
3 0.9169560185185186 0.4347800925925926 0.06304253472222232 0.07494936342592595
3 0.7126012731481481 0.29207175925925927 0.03139467592592604 0.02918836805555558
3 0.49428530092592593 0.2251374421296296 0.0321903935185186 0.03993055555555558
2 0.18616174768518517 0.5709418402777777 0.20106336805555558 0.12288773148148158