2 0.4320891203703704 0.5356409143518519 0.08389033564814818 0.06387442129629628
2 0.5395760995370371 0.3365596064814815 0.18043981481481497 0.1918330439814815
2 0.6538483796296296 0.46354890046296293 0.11103877314814814 0.11797598379629637
2 0.5702112268518519 0.4913411458333333 0.10779079861111107 0.09633969907407414
2 0.5061776620370371 0.5230034722222222 0.10764612268518503 0.08657407407407414
2 0.35551938657407406 0.5787037037037037 0.11048900462962963 0.08086660879629637
2 0.5926432291666667 0.6201605902777778 0.07105034722222214 0.05345052083333335
2 0.6841796875 0.5978226273148148 0.06626880787037037 0.06003327546296289
2 0.34131944444444445 0.47779947916666665 0.1293475115740741 0.10233651620370376
3 0.47285879629629635 0.3849754050925926 0.08111979166666661 0.07446469907407405
3 0.39534143518518516 0.4300419560185185 0.068308738425926 0.06599392361111112
2 0.661205150462963 0.6302879050925926 0.04745370370370372 0.04149305555555549
3 0.6293764467592593 0.592845775462963 0.04445167824074092 0.03645833333333348
2 0.3976779513888889 0.6537254050925926 0.06503182870370372 0.042404513888888884
2 0.031351273148148145 0.401027199074074 0.051453993055555564 0.11391059027777772
2 0.4239438657407407 0.6455222800925926 0.055063657407407485 0.028226273148148184
3 0.29377170138888886 0.5007884837962963 0.05835503472222214 0.052792245370370416
3 0.5407841435185186 0.6160083912037038 0.03748553240740726 0.027314814814814792