2 0.78125 0.546875 0.138671875 0.1767578125
2 0.7578125 0.388671875 0.1044921875 0.125
2 0.4921875 0.408203125 0.099609375 0.140625
2 0.388671875 0.642578125 0.1533203125 0.228515625
2 0.6044921875 0.396484375 0.1357421875 0.154296875
2 0.267578125 0.4453125 0.111328125 0.150390625
2 0.681640625 0.583984375 0.1669921875 0.2109375
2 0.1826171875 0.4609375 0.0986328125 0.138671875
2 0.5439453125 0.6171875 0.158203125 0.2451171875
2 0.677734375 0.3876953125 0.1044921875 0.125
2 0.8310546875 0.3798828125 0.095703125 0.095703125
2 0.130859375 0.65625 0.15625 0.2392578125
2 0.935546875 0.4873046875 0.109375 0.1064453125
2 0.037109375 0.7607421875 0.068359375 0.0888671875
2 0.2529296875 0.650390625 0.1455078125 0.2158203125
2 0.896484375 0.376953125 0.072265625 0.078125
2 0.853515625 0.5205078125 0.142578125 0.171875
2 0.375 0.4091796875 0.109375 0.1923828125
2 0.9775390625 0.380859375 0.044921875 0.060546875
2 0.984375 0.4755859375 0.03125 0.0673828125
2 0.9453125 0.3828125 0.064453125 0.0751953125
3 0.896484375 0.5078125 0.064453125 0.072265625