2 0.662789351851852 0.5797309027777777 0.14246238425925917 0.13587239583333321
2 0.5884693287037037 0.545095486111111 0.16182725694444455 0.15036892361111098
2 0.5533781828703703 0.7902777777777777 0.07855179398148149 0.059982638888888884
2 0.8453342013888889 0.48993055555555554 0.14642650462962958 0.13702256944444446
2 0.4867042824074074 0.4779079861111111 0.17700376157407405 0.17636718750000002
2 0.4223017939814815 0.755078125 0.09958043981481479 0.06968315972222205
2 0.3506148726851852 0.7421006944444444 0.10958478009259265 0.09058159722222214
2 0.2827907986111111 0.8291666666666667 0.04608651620370374 0.0380859375
2 0.2831814236111111 0.7234375 0.09695457175925926 0.10755208333333321
2 0.5117332175925926 0.7825520833333334 0.07923900462962963 0.055143229166666696
2 0.4504267939814815 0.8092013888888889 0.07125289351851849 0.05186631944444442
2 0.6994574652777777 0.8036241319444444 0.07929687500000004 0.056119791666666696
2 0.24890046296296298 0.8227647569444445 0.03930844907407405 0.038758680555555536
2 0.5980685763888889 0.7961805555555556 0.06849681712962963 0.054665798611111205
2 0.8434606481481481 0.7032986111111111 0.0717737268518519 0.06065538194444442
2 0.7149884259259259 0.6241536458333333 0.1473958333333334 0.12050781250000009
2 0.7864945023148149 0.6567057291666667 0.1148148148148147 0.09665798611111098
2 0.20473090277777778 0.8080729166666667 0.05240885416666663 0.04615885416666665
2 0.4915509259259259 0.8257161458333333 0.05866608796296291 0.036697048611111116
3 0.32110821759259256 0.826953125 0.029419849537037024 0.019813368055555447
3 0.3628689236111111 0.8327256944444446 0.029361979166666607 0.018836805555555447
3 0.7689380787037037 0.34162326388888886 0.08705873842592604 0.07204861111111116
3 0.7989438657407408 0.4300998263888889 0.06769386574074066 0.05755208333333339
2 0.9202401620370371 0.6303385416666667 0.08729021990740726 0.07595486111111116
3 0.4691767939814815 0.7571614583333334 0.03896122685185188 0.032899305555555536
3 0.8815031828703703 0.5404947916666667 0.05533854166666652 0.04628906250000009
3 0.8037181712962963 0.6799913194444445 0.06200086805555549 0.04366319444444455
2 0.3683449074074074 0.7898871527777778 0.06516203703703705 0.04769965277777777
3 0.697511574074074 0.2581597222222222 0.09286747685185182 0.087890625
3 0.902097800925926 0.6060329861111111 0.04654947916666652 0.0458984375
3 0.8946976273148148 0.5822048611111111 0.0390263310185186 0.050434027777777724
3 0.6400028935185185 0.7990234375 0.05114293981481488 0.04123263888888884
3 0.43530092592592595 0.8496527777777778 0.05447048611111116 0.03164062500000009