2 0.5009114583333334 0.6267433449074074 0.20240885416666665 0.19337384259259238
2 0.6413411458333333 0.49037181712962963 0.1308159722222222 0.13367332175925917
2 0.7335286458333333 0.5545862268518519 0.11547309027777786 0.14590567129629628
2 0.4775607638888889 0.4103732638888889 0.12419704861111103 0.09932002314814814
2 0.3496310763888889 0.49441550925925926 0.1490234374999999 0.11859809027777768
2 0.5983289930555555 0.7067274305555555 0.18736979166666679 0.2192780671296295
2 0.19071180555555556 0.720999710648148 0.1596137152777778 0.24382957175925934
2 0.5611762152777778 0.44017650462962965 0.1337456597222222 0.1337601273148148
2 0.36885850694444444 0.3495732060185185 0.0893446180555556 0.06803385416666674
2 0.5722005208333334 0.32144097222222223 0.0951822916666667 0.06723090277777777
2 0.20112847222222224 0.3553385416666667 0.07921006944444442 0.05114293981481488
3 0.4166666666666667 0.5686197916666667 0.09348958333333335 0.07889178240740735
2 0.31616753472222225 0.3060474537037037 0.07944878472222228 0.06188512731481488
2 0.33804253472222223 0.3242621527777778 0.07428385416666661 0.04904513888888884
2 0.2740668402777778 0.2999204282407407 0.055794270833333326 0.05142505787037033
3 0.40182291666666664 0.3837311921296296 0.04561631944444444 0.03258101851851847
2 0.026323784722222226 0.5258246527777778 0.03068576388888889 0.06336805555555558
2 0.2887369791666667 0.43308015046296294 0.14281684027777775 0.10279947916666665
2 0.2555338541666667 0.38817997685185185 0.1079427083333333 0.07053674768518514
3 0.21940104166666666 0.387109375 0.0576171875 0.045623553240740744
2 0.6704644097222223 0.17601273148148147 0.1548828124999999 0.07485532407407408
3 0.1603298611111111 0.3199725115740741 0.03676215277777778 0.029390914351851816
3 0.7354166666666666 0.7712962962962964 0.12233072916666687 0.10316840277777795