2 0.5703125 0.357421875 0.091796875 0.060546875
2 0.6328125 0.6767578125 0.2265625 0.2548828125
2 0.208984375 0.7919921875 0.1533203125 0.171875
2 0.4375 0.384765625 0.091796875 0.076171875
2 0.884765625 0.8017578125 0.21875 0.166015625
2 0.345703125 0.341796875 0.064453125 0.060546875
2 0.5 0.306640625 0.068359375 0.0517578125
2 0.1044921875 0.400390625 0.0703125 0.0751953125
2 0.283203125 0.412109375 0.080078125 0.0859375
2 0.546875 0.298828125 0.056640625 0.046875
2 0.5908203125 0.291015625 0.0673828125 0.046875
2 0.205078125 0.4375 0.078125 0.0810546875
2 0.072265625 0.484375 0.0888671875 0.091796875
2 0.6669921875 0.341796875 0.0859375 0.052734375
2 0.162109375 0.388671875 0.064453125 0.0673828125
2 0.4501953125 0.3173828125 0.056640625 0.046875
2 0.404296875 0.326171875 0.052734375 0.048828125
2 0.7841796875 0.5673828125 0.1767578125 0.1923828125
2 0.2763671875 0.3466796875 0.0625 0.052734375
2 0.5126953125 0.240234375 0.044921875 0.033203125
2 0.466796875 0.244140625 0.046875 0.029296875
2 0.1640625 0.3095703125 0.0361328125 0.0361328125
2 0.2216796875 0.3671875 0.0546875 0.0576171875
3 0.3642578125 0.4111328125 0.0595703125 0.044921875
2 0.408203125 0.2529296875 0.044921875 0.03125
2 0.259765625 0.2841796875 0.044921875 0.037109375
2 0.310546875 0.2705078125 0.0361328125 0.03125
2 0.65625 0.390625 0.080078125 0.072265625
2 0.552734375 0.236328125 0.0517578125 0.033203125
2 0.1220703125 0.3203125 0.0517578125 0.041015625
2 0.8330078125 0.3203125 0.076171875 0.044921875
2 0.087890625 0.3359375 0.0341796875 0.037109375
3 0.4970703125 0.748046875 0.119140625 0.1044921875
2 0.634765625 0.2919921875 0.056640625 0.0361328125
3 0.357421875 0.7841796875 0.125 0.1171875
2 0.9765625 0.427734375 0.046875 0.064453125
2 0.03125 0.359375 0.0498046875 0.0498046875
2 0.0263671875 0.8017578125 0.052734375 0.146484375
3 0.1513671875 0.46875 0.044921875 0.0517578125
3 0.498046875 0.3779296875 0.0439453125 0.03125
3 0.705078125 0.623046875 0.080078125 0.080078125
2 0.8935546875 0.3203125 0.052734375 0.0361328125
2 0.7607421875 0.283203125 0.0546875 0.03125
3 0.1064453125 0.8251953125 0.0830078125 0.087890625
3 0.9716796875 0.708984375 0.056640625 0.064453125
3 0.9169921875 0.755859375 0.0625 0.083984375
2 0.595703125 0.2373046875 0.041015625 0.0263671875
2 0.7080078125 0.333984375 0.0625 0.044921875
2 0.013671875 0.5107421875 0.02734375 0.064453125
3 0.841796875 0.548828125 0.060546875 0.072265625
3 0.0361328125 0.4501953125 0.044921875 0.033203125
3 0.0595703125 0.3544921875 0.041015625 0.037109375
3 0.2060546875 0.306640625 0.0517578125 0.03125