2 0.3154296875 0.5205078125 0.1982421875 0.1689453125
2 0.4638671875 0.6640625 0.265625 0.228515625
2 0.75 0.3720703125 0.0751953125 0.0810546875
2 0.259765625 0.4580078125 0.146484375 0.1015625
2 0.494140625 0.314453125 0.0859375 0.0654296875
2 0.6904296875 0.357421875 0.0673828125 0.0703125
3 0.552734375 0.7685546875 0.1513671875 0.0908203125
2 0.810546875 0.396484375 0.0625 0.0625
3 0.388671875 0.5888671875 0.115234375 0.0703125
2 0.8623046875 0.4033203125 0.060546875 0.080078125
2 0.861328125 0.3359375 0.060546875 0.044921875
2 0.220703125 0.353515625 0.1220703125 0.0703125
2 0.669921875 0.837890625 0.2001953125 0.0830078125
3 0.626953125 0.3564453125 0.0546875 0.0341796875
2 0.3330078125 0.2314453125 0.0595703125 0.037109375
2 0.900390625 0.501953125 0.09375 0.1171875
2 0.5 0.2421875 0.0595703125 0.041015625
2 0.642578125 0.2685546875 0.0419921875 0.037109375
2 0.609375 0.2392578125 0.044921875 0.0361328125
2 0.5576171875 0.2470703125 0.0546875 0.044921875
2 0.7314453125 0.3046875 0.0498046875 0.0390625
2 0.3798828125 0.2373046875 0.0595703125 0.037109375
3 0.5625 0.345703125 0.0546875 0.037109375
2 0.4189453125 0.2373046875 0.0517578125 0.0361328125
2 0.181640625 0.294921875 0.0732421875 0.0390625
2 0.767578125 0.3046875 0.0361328125 0.0341796875
2 0.2158203125 0.3154296875 0.09375 0.0390625
2 0.2763671875 0.220703125 0.041015625 0.0234375
2 0.6826171875 0.279296875 0.0341796875 0.0283203125
2 0.458984375 0.21875 0.044921875 0.03125
2 0.9765625 0.478515625 0.046875 0.091796875
3 0.5966796875 0.265625 0.0390625 0.0205078125
2 0.419921875 0.208984375 0.048828125 0.025390625
2 0.240234375 0.400390625 0.125 0.0625
3 0.830078125 0.501953125 0.048828125 0.0966796875
3 0.958984375 0.544921875 0.0419921875 0.0859375
3 0.923828125 0.447265625 0.041015625 0.0576171875
3 0.453125 0.2451171875 0.0361328125 0.03125