2 0.12037760416666667 0.5708984375 0.11653645833333334 0.10985243055555549
2 0.5529296875 0.4347873263888889 0.08958333333333335 0.08585069444444449
2 0.7256510416666666 0.49926215277777775 0.10924479166666679 0.11749131944444446
2 0.20579427083333332 0.6979817708333333 0.192578125 0.16809895833333321
2 0.3168619791666667 0.36694878472222225 0.09563802083333339 0.07428385416666661
2 0.8100911458333333 0.5529730902777779 0.09947916666666679 0.1319010416666666
2 0.24453125 0.35164930555555557 0.08437500000000003 0.06623263888888886
2 0.8899739583333334 0.6163628472222222 0.09641927083333335 0.1298828125
2 0.153125 0.3290798611111111 0.06770833333333337 0.050260416666666696
3 0.4185546875 0.4112630208333333 0.0458984375 0.0302734375
3 0.48183593750000003 0.4302734375 0.05501302083333337 0.035351562500000044
3 0.3149088541666667 0.7629991319444445 0.11204427083333335 0.08634982638888888
3 0.6388020833333333 0.48168402777777775 0.0673828125 0.045377604166666696
2 0.20579427083333335 0.34589843750000004 0.0630208333333333 0.053081597222222276
3 0.43496093750000003 0.8253255208333333 0.13092447916666672 0.09164496527777777
3 0.36985677083333335 0.3935546875 0.035937499999999956 0.02712673611111116
3 0.05266927083333334 0.647634548611111 0.07708333333333334 0.05924479166666652
2 0.11634114583333333 0.3233723958333333 0.055533854166666674 0.043164062500000044
2 0.013623046875 0.37081163194444444 0.02724609375 0.03504774305555558
3 0.007177734375000001 0.7135850694444444 0.014355468750000003 0.055967881944444464
2 0.3982421875 0.20249565972222222 0.03736979166666665 0.019357638888888862
3 0.16764322916666666 0.34602864583333337 0.028255208333333337 0.02890624999999991
3 0.012711588541666667 0.43624131944444444 0.025423177083333335 0.0380859375
3 0.023909505208333334 0.4669270833333333 0.04781901041666667 0.052973090277777746