2 0.4145326967592593 0.5913845486111111 0.11335358796296302 0.08246527777777768
2 0.3133680555555556 0.5329861111111112 0.1382016782407407 0.11519097222222219
2 0.21661603009259262 0.45492621527777777 0.11241319444444442 0.12241753472222228
2 0.5423177083333334 0.6394097222222221 0.10828993055555558 0.06675347222222205
2 0.7366898148148149 0.4110894097222222 0.21412037037037024 0.15295138888888893
2 0.9476634837962963 0.4110894097222222 0.10467303240740744 0.10607638888888893
2 0.685474537037037 0.696875 0.06810619212962976 0.03758680555555549
2 0.3065321180555556 0.6916015625 0.05736400462962954 0.03734809027777786
2 0.6110387731481481 0.6691840277777779 0.09219473379629628 0.04689670138888902
2 0.35185185185185186 0.7355902777777777 0.05092592592592593 0.02940538194444442
3 0.5740379050925926 0.20928819444444444 0.13335503472222232 0.07608506944444443
2 0.83203125 0.5889539930555555 0.10517939814814814 0.051085069444444464
2 0.8231336805555556 0.5480685763888888 0.12771267361111116 0.07888454861111116
3 0.4877387152777778 0.6024739583333334 0.05895543981481488 0.03250868055555545
2 0.06311487268518519 0.36345486111111114 0.08195891203703703 0.13246527777777772
2 0.8564453125 0.6148220486111111 0.0917607060185186 0.041037326388888795
3 0.6485821759259259 0.3044704861111111 0.1127748842592593 0.07465277777777779
2 0.6012731481481481 0.7222222222222222 0.06712962962962976 0.037565104166666696
2 0.2960069444444444 0.7211805555555555 0.03591579861111116 0.02419704861111116
2 0.41279658564814814 0.7528211805555556 0.04568142361111116 0.0244140625
2 0.6453993055555556 0.6840711805555555 0.06231915509259256 0.038433159722222054
2 0.25557002314814814 0.7299045138888889 0.03262442129629628 0.019249131944444553
3 0.45826099537037035 0.1384982638888889 0.14510995370370372 0.06367187499999999
2 0.3037471064814815 0.7464409722222223 0.02766927083333326 0.01816406249999991
2 0.8657769097222222 0.6351562500000001 0.07284432870370372 0.03574218749999991
3 0.7765480324074074 0.47378472222222223 0.08705873842592604 0.05653211805555558
3 0.9303023726851851 0.3441840277777778 0.07866753472222232 0.04854600694444444
3 0.9184751157407407 0.276953125 0.09114583333333348 0.0458984375
3 0.13708043981481483 0.3980034722222222 0.08250144675925924 0.12662760416666674
3 0.4140625 0.6510633680555555 0.04376446759259256 0.03802083333333339
3 0.3538773148148148 0.6308810763888888 0.04824942129629628 0.04592013888888902
3 0.28891782407407407 0.5990668402777777 0.0478153935185186 0.04006076388888902
3 0.24254918981481483 0.6597656249999999 0.03530092592592593 0.029058159722222143
3 0.3696831597222222 0.6990017361111112 0.03515625 0.027105034722222143