2 0.46111834490740744 0.3927806712962963 0.2514467592592593 0.21012731481481484
2 0.5216724537037036 0.5220630787037037 0.12858072916666652 0.09547164351851856
2 0.36591435185185184 0.4658347800925926 0.17565104166666667 0.12461660879629632
2 0.4469184027777778 0.5860894097222222 0.1069227430555556 0.07076099537037028
2 0.9208116319444444 0.4612847222222222 0.0679036458333333 0.07430555555555551
2 0.3448133680555555 0.5188657407407408 0.13051938657407414 0.09363425925925917
2 0.5599898726851852 0.28726851851851853 0.18284143518518525 0.1728732638888889
2 0.5851273148148148 0.647265625 0.06765769675925926 0.041102430555555625
2 0.40025318287037037 0.6171875 0.09419126157407409 0.06512586805555554
2 0.546166087962963 0.6632523148148148 0.05985966435185186 0.04259259259259274
2 0.29620225694444446 0.5510561342592593 0.10987413194444451 0.07386429398148153
2 0.9732602719907407 0.4189814814814815 0.053479456018518556 0.10296585648148149
2 0.4604383680555556 0.6966652199074075 0.049023437500000044 0.0292607060185186
2 0.2574580439814815 0.5963396990740741 0.112767650462963 0.06915509259259256
3 0.4808449074074074 0.5498842592592592 0.04712094907407405 0.03598090277777777
3 0.8652994791666666 0.48509114583333335 0.047142650462963065 0.03891059027777777
2 0.8155671296296296 0.6297019675925926 0.07259114583333326 0.04822771990740726
3 0.23617621527777777 0.6249565972222222 0.05005063657407405 0.03615451388888902
3 0.3583912037037037 0.6372540509259259 0.05985966435185186 0.04259259259259274
3 0.49735243055555556 0.6680989583333333 0.049023437500000044 0.0292607060185186
3 0.26414207175925924 0.5754267939814814 0.07061631944444446 0.04518229166666665