2 0.544921875 0.4892578125 0.255859375 0.162109375
2 0.109375 0.3984375 0.0673828125 0.060546875
2 0.7763671875 0.763671875 0.3173828125 0.220703125
2 0.208984375 0.3310546875 0.072265625 0.052734375
2 0.818359375 0.359375 0.15625 0.1044921875
2 0.826171875 0.296875 0.1279296875 0.0703125
2 0.328125 0.3046875 0.103515625 0.064453125
3 0.4248046875 0.5966796875 0.119140625 0.0888671875
2 0.830078125 0.2607421875 0.1064453125 0.0419921875
2 0.689453125 0.2685546875 0.1044921875 0.0517578125
2 0.4013671875 0.2216796875 0.0625 0.0341796875
2 0.220703125 0.267578125 0.0625 0.046875
2 0.486328125 0.2236328125 0.083984375 0.048828125
2 0.291015625 0.275390625 0.068359375 0.046875
2 0.3515625 0.251953125 0.0595703125 0.037109375
2 0.4248046875 0.2548828125 0.0859375 0.0517578125
2 0.021484375 0.408203125 0.041015625 0.048828125
3 0.3359375 0.7216796875 0.1435546875 0.099609375
3 0.7578125 0.603515625 0.123046875 0.0830078125
2 0.3076171875 0.228515625 0.0439453125 0.0283203125
2 0.451171875 0.201171875 0.0576171875 0.03125
3 0.6640625 0.298828125 0.048828125 0.03125
2 0.537109375 0.205078125 0.0595703125 0.0341796875
3 0.2236328125 0.8359375 0.123046875 0.076171875
3 0.642578125 0.330078125 0.0498046875 0.033203125
3 0.787109375 0.5 0.076171875 0.052734375
2 0.8154296875 0.203125 0.0625 0.0361328125
3 0.2109375 0.392578125 0.048828125 0.0361328125
3 0.5732421875 0.416015625 0.078125 0.0673828125
3 0.15625 0.439453125 0.0498046875 0.0361328125
2 0.568359375 0.189453125 0.056640625 0.0283203125
3 0.619140625 0.369140625 0.0654296875 0.0439453125
2 0.640625 0.2001953125 0.0595703125 0.041015625
3 0.794921875 0.4248046875 0.064453125 0.044921875
2 0.8203125 0.2265625 0.072265625 0.03125
2 0.7158203125 0.248046875 0.0966796875 0.0517578125
2 0.720703125 0.208984375 0.0732421875 0.0390625
2 0.9638671875 0.259765625 0.056640625 0.041015625
3 0.0361328125 0.5576171875 0.046875 0.0439453125
3 0.271484375 0.3486328125 0.0517578125 0.03125
2 0.7138671875 0.21875 0.0732421875 0.033203125
3 0.0966796875 0.498046875 0.0546875 0.044921875
3 0.0673828125 0.4501953125 0.056640625 0.0419921875
3 0.021484375 0.501953125 0.0419921875 0.0517578125
3 0.158203125 0.3701171875 0.0546875 0.0341796875
3 0.2529296875 0.3095703125 0.044921875 0.041015625
3 0.388671875 0.291015625 0.0517578125 0.046875
3 0.4765625 0.2470703125 0.0419921875 0.037109375
3 0.09375 0.3642578125 0.044921875 0.0263671875
3 0.1298828125 0.3408203125 0.0390625 0.0283203125
3 0.158203125 0.318359375 0.0361328125 0.0283203125