2 0.3936631944444444 0.45279947916666663 0.2535083912037037 0.24471932870370372
2 0.21003327546296297 0.7537615740740741 0.08622685185185186 0.06676793981481488
2 0.25944010416666663 0.35228587962962965 0.18880208333333326 0.20681423611111116
2 0.42248987268518523 0.8366970486111112 0.10065827546296302 0.06199363425925908
2 0.7240668402777777 0.7752821180555556 0.12807436342592604 0.0922670717592593
2 0.714771412037037 0.41912615740740744 0.2681568287037037 0.24580439814814814
2 0.43666811342592593 0.7199074074074074 0.14250578703703698 0.1137876157407407
2 0.3158637152777778 0.8239293981481481 0.08510561342592593 0.06278935185185186
2 0.1320167824074074 0.6194299768518519 0.07544849537037035 0.0912905092592593
2 0.19375723379629628 0.6824363425925926 0.10188802083333337 0.0951967592592593
2 0.8396629050925926 0.662109375 0.13726128472222232 0.12995515046296302
3 0.5636935763888888 0.6260850694444444 0.0899160879629628 0.06119791666666652
2 0.47580295138888895 0.8562282986111112 0.08564814814814814 0.05114293981481488
3 0.6813512731481481 0.7263454861111112 0.06112557870370372 0.04640480324074092
3 0.5011212384259259 0.5406177662037037 0.11205150462962954 0.08036747685185186
3 0.6300636574074074 0.6826171875 0.07693142361111116 0.05244502314814814
2 0.11440248842592593 0.7749204282407407 0.042353877314814825 0.03917100694444442
2 0.15339265046296297 0.7232711226851852 0.06637008101851855 0.05653211805555558
3 0.5999710648148149 0.29083478009259256 0.12622974537037024 0.09505208333333326
2 0.7644675925925926 0.8143084490740741 0.11150896990740744 0.06571903935185186
2 0.08383969907407407 0.7385706018518519 0.04843026620370372 0.04546440972222232
2 0.2596571180555556 0.8577473958333333 0.05298755787037035 0.0370370370370372
2 0.4478443287037037 0.8901909722222222 0.06864872685185186 0.03917100694444442
2 0.21028645833333331 0.8394820601851851 0.03826678240740744 0.03399884259259256
2 0.040726273148148154 0.49482783564814814 0.04994936342592593 0.13906973379629628
3 0.3189742476851852 0.7501446759259259 0.06387442129629628 0.04173900462962954
3 0.25994646990740744 0.7077907986111112 0.05117910879629628 0.04079861111111116
3 0.7912326388888888 0.5903501157407407 0.06911892361111116 0.05186631944444464
2 0.17357494212962965 0.8211805555555556 0.04600694444444442 0.03262442129629628
3 0.3751085069444444 0.7932581018518519 0.04499421296296302 0.03157552083333326
2 0.047345196759259266 0.7261284722222222 0.032769097222222224 0.04333043981481488
2 0.11780237268518519 0.8141276041666667 0.030237268518518517 0.02756076388888884
3 0.06181278935185186 0.6171513310185185 0.051540798611111105 0.05056423611111116
3 0.2626591435185185 0.7810329861111112 0.03993055555555558 0.0263310185185186
3 0.8579644097222222 0.7355324074074074 0.05135995370370372 0.04568142361111116
3 0.5036168981481481 0.1872829861111111 0.12380642361111116 0.05591724537037035
3 0.7618272569444444 0.5063657407407407 0.09819878472222232 0.07447193287037024
3 0.07808883101851852 0.5570023148148148 0.058268229166666685 0.04814091435185186
2 0.3056278935185185 0.8893952546296295 0.03671151620370372 0.01830150462962976
3 0.34856047453703703 0.8390118634259259 0.04014756944444442 0.0321903935185186
3 0.3882740162037037 0.8594835069444444 0.03700086805555558 0.02611400462962976
3 0.5257884837962963 0.8648003472222222 0.03837528935185186 0.03692853009259256
3 0.10828993055555557 0.6624710648148148 0.04615162037037038 0.03653067129629628
3 0.11646412037037038 0.7516999421296297 0.042860243055555525 0.02654803240740744
3 0.1508246527777778 0.7854094328703705 0.044994212962962965 0.03157552083333348
3 0.19563802083333331 0.8121021412037037 0.03512008101851849 0.02792245370370372
3 0.22746672453703703 0.8300419560185185 0.02734375 0.0283203125