2 0.43243634259259256 0.43856336805555557 0.09968171296296302 0.11188512731481481
2 0.5827546296296295 0.4219690393518518 0.10091145833333348 0.10223524305555554
2 0.3454861111111111 0.447142650462963 0.09928385416666663 0.11963975694444451
2 0.2567997685185185 0.4526765046296296 0.09172453703703698 0.10946903935185182
2 0.10611979166666666 0.47415364583333336 0.09917534722222221 0.10504918981481481
2 0.5126953125 0.4276258680555556 0.11805555555555558 0.12366898148148153
2 0.6511863425925926 0.4250434027777778 0.09830729166666652 0.09333043981481481
2 0.7406322337962963 0.4224971064814815 0.09346064814814814 0.08040364583333337
2 0.7868561921296295 0.8577907986111111 0.23267505787037024 0.1615740740740741
2 0.7943431712962963 0.4256799768518519 0.08977141203703698 0.08310185185185182
3 0.185546875 0.4876880787037037 0.07042100694444442 0.07126012731481479
2 0.8805700231481481 0.4268663194444444 0.1039858217592593 0.0781105324074074
2 0.9542100694444444 0.4390769675925926 0.03493923611111116 0.05165653935185177
3 0.695240162037037 0.4394241898148148 0.04698350694444464 0.04361979166666674
3 0.8269314236111112 0.4491898148148148 0.04767071759259256 0.039771412037037046
3 0.8448350694444444 0.4325954861111111 0.0439091435185186 0.04149305555555549