2 0.10181568287037038 0.5729600694444444 0.11566840277777779 0.19494357638888893
2 0.26338252314814814 0.2968967013888889 0.07237413194444442 0.07037760416666661
2 0.19798900462962965 0.544140625 0.11744068287037035 0.17944878472222214
2 0.12586805555555558 0.3326388888888889 0.06734664351851849 0.06820746527777777
2 0.3022280092592593 0.5059461805555555 0.15407986111111116 0.21417100694444446
2 0.20044849537037038 0.31453993055555557 0.07078269675925924 0.0751736111111111
2 0.8719618055555556 0.3920789930555556 0.08065682870370372 0.0639322916666667
2 0.5451027199074074 0.2500434027777778 0.07400173611111116 0.052929687500000044
2 0.3759403935185185 0.26588541666666665 0.0698423032407407 0.062478298611111094
3 0.32259114583333337 0.29466145833333335 0.04962384259259256 0.039192708333333326
2 0.06535734953703703 0.36985677083333335 0.08239293981481483 0.0873697916666667
3 0.539966724537037 0.7063151041666667 0.1328848379629628 0.11200086805555554
3 0.40462239583333337 0.48226996527777777 0.09660734953703698 0.08216145833333344
2 0.5925202546296297 0.2463107638888889 0.05967881944444442 0.043532986111111116
3 0.8138020833333334 0.36905381944444443 0.0434751157407407 0.035026041666666674
3 0.2707609953703704 0.7907118055555555 0.12485532407407407 0.13500434027777786
3 0.9189091435185186 0.4476996527777778 0.06011284722222232 0.049392361111111116
3 0.40024594907407407 0.7516927083333333 0.13972077546296302 0.13858506944444438
3 0.6529224537037037 0.6412543402777777 0.11827256944444442 0.09869791666666661
3 0.4378978587962963 0.27447916666666666 0.04408998842592593 0.030186631944444486
3 0.7727141203703703 0.3399739583333333 0.0473813657407407 0.03519965277777781
3 0.49193431712962965 0.2681206597222222 0.04918981481481488 0.033333333333333326
3 0.7541594328703703 0.5756727430555556 0.11223234953703698 0.08285590277777777
3 0.9741482204861112 0.4930555555555556 0.05170355902777768 0.046245659722222276
3 0.6027922453703703 0.4375434027777778 0.10167100694444442 0.07167968750000009
3 0.16735387731481483 0.8269965277777778 0.10264756944444442 0.09800347222222228
3 0.7286241319444444 0.3097873263888889 0.04904513888888884 0.031380208333333326
3 0.6800130208333333 0.28426649305555557 0.04568142361111116 0.025390625
3 0.5111400462962963 0.4616970486111111 0.0898075810185186 0.09548611111111105
3 0.9970703125 0.5464626736111111 0.005859375 0.058463541666666785