2 0.5834924768518519 0.37515190972222223 0.09795283564814827 0.08808593750000004
2 0.6270978009259259 0.28728298611111114 0.07396556712962954 0.05045572916666674
2 0.0918041087962963 0.5955946180555556 0.11689091435185184 0.1802734374999999
2 0.7693431712962964 0.7951605902777777 0.2059895833333334 0.19787326388888893
2 0.5194299768518518 0.40008680555555554 0.1245804398148147 0.10624999999999996
2 0.6408781828703703 0.3608072916666667 0.09002459490740744 0.0800998263888888
2 0.5403862847222223 0.29902343750000004 0.07890625000000018 0.05447048611111116
2 0.35327690972222225 0.4530164930555555 0.11457609953703707 0.1558159722222222
2 0.49477719907407414 0.31753472222222223 0.07405237268518516 0.05631510416666674
3 0.4439091435185185 0.4423394097222222 0.07303240740740735 0.053363715277777724
2 0.7127531828703704 0.3360460069444444 0.07330729166666661 0.07191840277777772
3 0.3773509837962963 0.3647135416666667 0.050296585648148096 0.03430989583333344
2 0.4154658564814815 0.2357204861111111 0.06605179398148153 0.04344618055555555
2 0.6259403935185186 0.2091579861111111 0.04139178240740726 0.026302083333333337
2 0.6846354166666666 0.3490885416666667 0.07431278935185182 0.07389322916666674
2 0.6854817708333334 0.20852864583333333 0.04529803240740726 0.026388888888888906
3 0.19602141203703705 0.5793619791666667 0.07626591435185182 0.07393663194444455
3 0.3846498842592593 0.26432291666666663 0.03645109953703707 0.022287326388888973
2 0.12467447916666667 0.31028645833333335 0.0396701388888889 0.04188368055555558
3 0.1066261574074074 0.47584635416666665 0.04550057870370369 0.040060763888888906
2 0.7387731481481481 0.31319444444444444 0.05737847222222214 0.05106336805555556
2 0.3804036458333333 0.17539062500000002 0.02961516203703707 0.02213541666666663
3 0.2783492476851852 0.5353081597222222 0.0693142361111111 0.06597222222222232
2 0.666087962962963 0.2832682291666667 0.04733796296296289 0.03229166666666661
3 0.42973813657407406 0.34244791666666663 0.04140624999999998 0.027278645833333393
3 0.2375072337962963 0.41432291666666665 0.0732638888888889 0.06898871527777772
3 0.06397569444444444 0.49637586805555556 0.05347222222222223 0.050976562500000044
3 0.1704571759259259 0.43528645833333335 0.05100549768518514 0.08216145833333333
3 0.6032045717592592 0.8490668402777778 0.10464409722222223 0.07847222222222228
3 0.8130063657407407 0.7111979166666667 0.13099681712962963 0.07808159722222219
3 0.8659794560185186 0.6625868055555555 0.07907986111111098 0.06618923611111116
3 0.894263599537037 0.5948784722222222 0.06615306712962954 0.05028211805555549
3 0.927003761574074 0.5643663194444445 0.05815248842592591 0.037413194444444464
3 0.9341941550925926 0.5225477430555556 0.03179976851851851 0.03780381944444455
3 0.9415147569444444 0.48951822916666665 0.0394820601851853 0.02918836805555558
3 0.3417824074074074 0.27020399305555554 0.03483072916666674 0.04470486111111116
3 0.3039279513888889 0.28498263888888886 0.05033998842592591 0.03723958333333344
3 0.2602141203703704 0.29963107638888886 0.044364872685185186 0.029296875
3 0.21354166666666666 0.31226128472222225 0.03760127314814815 0.03402777777777777
3 0.2072048611111111 0.27990451388888893 0.029846643518518512 0.03776041666666674
3 0.24326533564814815 0.2758246527777778 0.03355034722222222 0.024175347222222143
3 0.2791811342592593 0.26197916666666665 0.03156828703703707 0.022178819444444442
3 0.3181278935185185 0.25503472222222223 0.033506944444444464 0.021245659722222254
3 0.23213252314814814 0.24921875 0.03159722222222222 0.024131944444444442