2 0.22824074074074074 0.43433159722222225 0.0976417824074074 0.13059895833333335
2 0.26055410879629626 0.2910083912037037 0.0678674768518519 0.06592881944444451
2 0.4081814236111111 0.4014829282407407 0.11526331018518521 0.13658854166666667
2 0.5020905671296296 0.38069299768518516 0.11219618055555558 0.11801215277777777
2 0.6399884259259259 0.354369212962963 0.11313657407407396 0.11313657407407407
2 0.19887876157407408 0.31106047453703706 0.05809461805555555 0.06487991898148149
2 0.607349537037037 0.5416377314814815 0.1712528935185187 0.18094618055555545
2 0.474609375 0.26720196759259257 0.05797887731481488 0.04925491898148149
2 0.7787760416666667 0.33977141203703703 0.10512876157407414 0.08671151620370365
3 0.32004484953703705 0.4340350115740741 0.08446180555555549 0.06507523148148153
2 0.3394458912037037 0.5836009837962963 0.15792824074074074 0.22771990740740744
2 0.20143952546296295 0.6245732060185185 0.15026765046296298 0.24816984953703702
2 0.707154224537037 0.5160083912037037 0.1705078124999999 0.21218894675925926
3 0.46456886574074074 0.5679253472222223 0.11504629629629637 0.10729166666666679
2 0.5703559027777778 0.2620515046296296 0.07259837962962967 0.04545717592592591
2 0.8903862847222223 0.4343532986111111 0.11221064814814818 0.11996527777777777
2 0.14510271990740742 0.451294849537037 0.07892071759259256 0.10800057870370372
2 0.922142650462963 0.3662254050925926 0.057928240740740655 0.04241898148148149
2 0.36048900462962963 0.24780092592592592 0.042296006944444464 0.04132667824074071
2 0.7826171875000001 0.4804325810185185 0.14360532407407423 0.1397280092592592
2 0.7433087384259259 0.24966001157407405 0.04516782407407405 0.03353587962962962
2 0.9716362847222222 0.4085865162037037 0.04918981481481488 0.04918981481481488
3 0.519480613425926 0.27437065972222224 0.03632812499999982 0.026634837962962954
2 0.8228587962962963 0.45338541666666665 0.11496672453703694 0.09654947916666679
3 0.5674768518518518 0.38703703703703707 0.05505642361111107 0.05020978009259269
3 0.36704282407407407 0.2859375 0.03728298611111114 0.023712384259259256
3 0.3181568287037037 0.2933883101851852 0.041247106481481444 0.031553819444444464
3 0.4217664930555556 0.2814597800925926 0.04216579861111103 0.023748553240740766
2 0.7014612268518519 0.22981770833333331 0.05001446759259265 0.02868923611111107
2 0.021187789351851852 0.38004918981481484 0.042375578703703703 0.07259837962962967
3 0.402466724537037 0.25006510416666666 0.036291956018518534 0.021752025462962954
2 0.6654296875 0.21587818287037036 0.047070312500000044 0.02671440972222222
2 0.5004701967592593 0.2039134837962963 0.03632812499999982 0.026634837962962954
3 0.7111111111111111 0.3773582175925926 0.05497685185185186 0.03946759259259258
3 0.4652560763888889 0.21146556712962963 0.026497395833333326 0.01777343749999999
3 0.11441695601851852 0.6385778356481482 0.10061487268518518 0.13648003472222214
3 0.3154586226851852 0.2621166087962963 0.03638599537037046 0.034447337962962954
3 0.49236834490740744 0.24291811342592592 0.04509548611111103 0.023770254629629617
3 0.6025245949074074 0.2701027199074074 0.04220920138888884 0.029607928240740766
3 0.7454065393518519 0.36198640046296293 0.041319444444444464 0.041319444444444464