2 0.6611328125 0.4111328125 0.130859375 0.0830078125
2 0.548828125 0.5859375 0.2060546875 0.146484375
2 0.8125 0.4736328125 0.15625 0.087890625
2 0.267578125 0.4033203125 0.0888671875 0.0673828125
2 0.7861328125 0.607421875 0.203125 0.158203125
2 0.591796875 0.341796875 0.083984375 0.0595703125
2 0.4560546875 0.6767578125 0.248046875 0.2080078125
2 0.568359375 0.2626953125 0.078125 0.0390625
2 0.4375 0.3095703125 0.095703125 0.0517578125
2 0.3310546875 0.3125 0.0732421875 0.041015625
2 0.5810546875 0.2265625 0.0517578125 0.029296875
2 0.2470703125 0.291015625 0.0498046875 0.03125
3 0.365234375 0.365234375 0.0517578125 0.0234375
3 0.611328125 0.4658203125 0.0751953125 0.044921875
2 0.1142578125 0.3564453125 0.052734375 0.0419921875
3 0.576171875 0.513671875 0.0908203125 0.048828125
3 0.7314453125 0.705078125 0.1044921875 0.0673828125
3 0.322265625 0.3935546875 0.0517578125 0.0283203125
3 0.775390625 0.537109375 0.0888671875 0.048828125
3 0.2529296875 0.361328125 0.044921875 0.0234375
3 0.298828125 0.3408203125 0.041015625 0.0185546875
3 0.6982421875 0.822265625 0.130859375 0.087890625
3 0.142578125 0.4970703125 0.068359375 0.048828125
3 0.203125 0.4609375 0.0673828125 0.0361328125
2 0.310546875 0.2685546875 0.0439453125 0.0234375
3 0.6904296875 0.3720703125 0.046875 0.0263671875
3 0.4091796875 0.34375 0.044921875 0.0205078125
3 0.701171875 0.353515625 0.046875 0.0205078125
3 0.5078125 0.2939453125 0.041015625 0.0185546875
2 0.353515625 0.248046875 0.046875 0.025390625
2 0.931640625 0.3046875 0.0595703125 0.0341796875
2 0.1796875 0.322265625 0.041015625 0.025390625
3 0.330078125 0.748046875 0.1767578125 0.125
3 0.203125 0.3828125 0.0595703125 0.041015625
2 0.3984375 0.232421875 0.0439453125 0.0263671875
3 0.212890625 0.310546875 0.0283203125 0.015625
2 0.2734375 0.263671875 0.041015625 0.025390625
2 0.828125 0.2763671875 0.0439453125 0.021484375
3 0.8154296875 0.396484375 0.0390625 0.0234375
2 0.490234375 0.212890625 0.0390625 0.021484375
3 0.744140625 0.34375 0.03125 0.0205078125
3 0.8330078125 0.384765625 0.033203125 0.0205078125
3 0.828125 0.3642578125 0.017578125 0.0205078125
3 0.166015625 0.40625 0.0546875 0.044921875
3 0.1201171875 0.4404296875 0.0546875 0.056640625
3 0.080078125 0.3828125 0.0341796875 0.025390625
3 0.4423828125 0.279296875 0.044921875 0.025390625