2 0.5906394675925926 0.707298900462963 0.2506799768518517 0.22432002314814814
2 0.3070674189814815 0.8144748263888889 0.34001736111111114 0.14267216435185182
2 0.6914858217592592 0.5681061921296297 0.2265986689814814 0.16929976851851847
2 0.7282407407407407 0.48169849537037035 0.17735821759259252 0.12171585648148153
2 0.6102430555555556 0.24351851851851852 0.10140335648148158 0.0620225694444444
2 0.779759837962963 0.3916015625 0.14578269675925926 0.07732204861111114
2 0.8107638888888888 0.3344184027777778 0.1001663773148147 0.053219039351851904
2 0.8305917245370371 0.29172453703703705 0.0825882523148147 0.05295862268518525
2 0.6706814236111112 0.21510416666666665 0.08927951388888888 0.04817708333333337
2 0.7500506365740741 0.4380570023148148 0.15316840277777777 0.09597800925925926
2 0.8315465856481481 0.25949797453703705 0.07324942129629619 0.034273726851851816
2 0.03820891203703704 0.22722800925925926 0.06383101851851852 0.04584780092592594
3 0.5755135995370371 0.26156684027777777 0.060814525462963065 0.042874710648148184
3 0.5245804398148148 0.29891493055555557 0.07463107638888888 0.04796006944444442