2 0.8457248263888888 0.6107855902777777 0.17146990740740753 0.10826822916666679
2 0.7895399305555556 0.5128255208333333 0.17326388888888888 0.09756944444444438
2 0.2619357638888889 0.38680555555555557 0.17811776620370368 0.0957248263888889
2 0.18054832175925925 0.6712239583333334 0.22845775462962964 0.13296440972222223
2 0.7340928819444446 0.36506076388888886 0.1357349537037038 0.06842447916666661
2 0.23063512731481484 0.45546875 0.16030815972222223 0.07970920138888893
2 0.7045428240740741 0.3155598958333333 0.1357349537037038 0.06842447916666661
2 0.29010416666666666 0.33174913194444444 0.12783564814814818 0.06239149305555558
2 0.3160734953703703 0.29325086805555556 0.12285156249999996 0.05544704861111116
3 0.7154007523148148 0.4398654513888889 0.1240596064814814 0.07109374999999996
2 0.3223813657407407 0.2631076388888889 0.10711082175925934 0.047287326388888884
3 0.8346788194444444 0.7629340277777777 0.14231770833333335 0.11738281250000004
3 0.2552951388888889 0.5712890625 0.11353443287037035 0.08550347222222232
3 0.23203125 0.8228081597222222 0.15473813657407404 0.09911024305555549
3 0.6336009837962964 0.29053819444444445 0.06804832175925934 0.046419270833333304