2 0.408203125 0.5390625 0.1220703125 0.1455078125
2 0.5732421875 0.486328125 0.1455078125 0.1435546875
2 0.197265625 0.4638671875 0.0908203125 0.1064453125
2 0.546875 0.376953125 0.099609375 0.078125
2 0.693359375 0.431640625 0.119140625 0.1015625
2 0.193359375 0.615234375 0.125 0.1611328125
2 0.744140625 0.416015625 0.0830078125 0.078125
2 0.095703125 0.630859375 0.1064453125 0.1484375
2 0.2705078125 0.4453125 0.0732421875 0.0966796875
2 0.126953125 0.494140625 0.0830078125 0.0888671875
2 0.607421875 0.3564453125 0.083984375 0.064453125
2 0.6953125 0.3486328125 0.072265625 0.0498046875
2 0.791015625 0.4091796875 0.080078125 0.064453125
2 0.400390625 0.3095703125 0.0498046875 0.0390625
2 0.21875 0.3564453125 0.0439453125 0.044921875
2 0.880859375 0.46875 0.068359375 0.0888671875
3 0.353515625 0.4453125 0.060546875 0.046875
2 0.4501953125 0.302734375 0.048828125 0.0361328125
3 0.421875 0.419921875 0.0703125 0.0546875
3 0.291015625 0.5751953125 0.095703125 0.0859375
3 0.484375 0.517578125 0.068359375 0.060546875
2 0.833984375 0.380859375 0.078125 0.0595703125
2 0.681640625 0.2783203125 0.0517578125 0.0341796875
3 0.076171875 0.541015625 0.0517578125 0.048828125
3 0.2607421875 0.3544921875 0.0341796875 0.0234375
3 0.6298828125 0.4658203125 0.060546875 0.052734375
3 0.310546875 0.34375 0.0341796875 0.025390625
3 0.0361328125 0.677734375 0.0625 0.072265625
3 0.033203125 0.5546875 0.041015625 0.0361328125
3 0.3544921875 0.3310546875 0.0390625 0.0283203125
3 0.181640625 0.380859375 0.03125 0.0283203125
2 0.7109375 0.2763671875 0.0361328125 0.03125
3 0.6484375 0.361328125 0.0341796875 0.0234375
3 0.0810546875 0.421875 0.037109375 0.033203125
3 0.1123046875 0.4033203125 0.025390625 0.0205078125
3 0.1455078125 0.390625 0.03125 0.025390625