2 0.42391493055555557 0.5234375 0.2099175347222223 0.173828125
2 0.701953125 0.4921875 0.16892361111111098 0.130859375
2 0.2982421875 0.7734375 0.27599826388888893 0.203125
2 0.6435763888888889 0.658203125 0.20286458333333335 0.2080078125
2 0.17111545138888887 0.517578125 0.16844618055555555 0.109375
2 0.6362196180555555 0.330078125 0.08417968749999982 0.052734375
2 0.2212890625 0.6767578125 0.23383246527777773 0.1953125
2 0.13875868055555557 0.435546875 0.1367404513888889 0.0888671875
2 0.5210503472222222 0.5908203125 0.20425347222222223 0.1826171875
2 0.5305772569444445 0.2939453125 0.0732421875 0.0439453125
2 0.3315755208333333 0.416015625 0.14898003472222232 0.1123046875
2 0.5809461805555556 0.3125 0.07927517361111125 0.0517578125
2 0.7465494791666667 0.375 0.09049479166666652 0.0732421875
2 0.7492621527777779 0.736328125 0.17892795138888884 0.2294921875
2 0.13003472222222223 0.388671875 0.09698350694444446 0.0576171875
2 0.8591362847222221 0.4501953125 0.06998697916666652 0.0732421875
2 0.8229600694444444 0.3642578125 0.05388454861111103 0.0517578125
2 0.5985460069444444 0.267578125 0.07415364583333339 0.041015625
2 0.8553168402777778 0.314453125 0.03786892361111116 0.0341796875
2 0.4908854166666667 0.2783203125 0.06842447916666672 0.046875
2 0.7777994791666667 0.287109375 0.03980034722222214 0.033203125
2 0.7209418402777779 0.2529296875 0.04459635416666652 0.029296875
3 0.22630208333333332 0.5830078125 0.08921440972222222 0.0595703125
2 0.7519097222222222 0.265625 0.04171006944444455 0.03125
3 0.6773871527777777 0.3671875 0.05740017361111116 0.0341796875
3 0.42063802083333335 0.8466796875 0.1294487847222222 0.068359375
3 0.7951388888888888 0.4296875 0.06065538194444464 0.048828125
3 0.8720486111111112 0.396484375 0.05054253472222214 0.033203125
2 0.2603949652777778 0.3671875 0.1127604166666667 0.064453125
2 0.4550347222222222 0.265625 0.06636284722222219 0.0419921875
2 0.6866970486111111 0.2998046875 0.06343315972222219 0.0419921875
2 0.8215711805555556 0.294921875 0.04565972222222214 0.033203125
2 0.5317274305555555 0.2421875 0.06043836805555536 0.0390625
2 0.5616970486111111 0.255859375 0.05258246527777777 0.037109375
2 0.455859375 0.228515625 0.055425347222222254 0.033203125
3 0.7300781249999999 0.3251953125 0.05245225694444455 0.03125
2 0.11412760416666667 0.357421875 0.0739800347222222 0.033203125
3 0.9135199652777778 0.5078125 0.06675347222222228 0.0595703125
3 0.17122395833333334 0.46875 0.07415364583333334 0.041015625
3 0.38980034722222223 0.4765625 0.08719618055555556 0.056640625
2 0.21477864583333334 0.310546875 0.0888671875 0.0439453125
2 0.23663194444444444 0.337890625 0.09772135416666666 0.046875
2 0.6511067708333333 0.2314453125 0.041579861111111116 0.025390625
2 0.3569661458333333 0.240234375 0.05249565972222214 0.033203125
3 0.6468967013888889 0.2890625 0.039626736111111116 0.025390625
2 0.39001736111111107 0.2470703125 0.06030815972222214 0.033203125
2 0.42402343750000004 0.2548828125 0.05544704861111116 0.0341796875
2 0.5549913194444445 0.2060546875 0.05245225694444455 0.03125
2 0.22714843750000002 0.3251953125 0.10477430555555556 0.056640625
2 0.2980251736111111 0.3876953125 0.09991319444444446 0.0576171875
2 0.6850043402777777 0.244140625 0.03476562499999991 0.0263671875
2 0.5987196180555556 0.2158203125 0.04459635416666652 0.029296875
3 0.9203776041666667 0.4189453125 0.04585503472222219 0.0419921875