2 0.521484375 0.427734375 0.1220703125 0.1015625
2 0.640625 0.388671875 0.107421875 0.0732421875
2 0.2890625 0.5595703125 0.1279296875 0.1640625
2 0.7734375 0.462890625 0.146484375 0.0966796875
2 0.458984375 0.693359375 0.2158203125 0.248046875
3 0.642578125 0.5517578125 0.0986328125 0.0673828125
2 0.681640625 0.359375 0.0859375 0.056640625
2 0.818359375 0.4296875 0.125 0.0673828125
2 0.751953125 0.3330078125 0.0966796875 0.0751953125
2 0.8935546875 0.3544921875 0.091796875 0.0517578125
3 0.5625 0.607421875 0.1171875 0.0830078125
3 0.240234375 0.7890625 0.1064453125 0.1044921875
3 0.703125 0.5029296875 0.0810546875 0.0517578125
2 0.8330078125 0.306640625 0.072265625 0.044921875
3 0.861328125 0.3779296875 0.0517578125 0.03125
3 0.353515625 0.740234375 0.1220703125 0.1064453125
3 0.3798828125 0.552734375 0.068359375 0.048828125
2 0.904296875 0.3251953125 0.0732421875 0.033203125
3 0.0546875 0.7001953125 0.0732421875 0.078125
3 0.978515625 0.671875 0.041015625 0.052734375
3 0.140625 0.826171875 0.0908203125 0.0732421875
3 0.056640625 0.8310546875 0.0751953125 0.0625
3 0.125 0.669921875 0.087890625 0.087890625
3 0.490234375 0.509765625 0.078125 0.0546875
3 0.5908203125 0.416015625 0.0751953125 0.0517578125
2 0.1923828125 0.599609375 0.09375 0.1611328125