2 0.7061631944444444 0.52109375 0.13646556712962976 0.18446903935185177
2 0.8874782986111112 0.5821397569444444 0.0947265625 0.16281105324074074
2 0.8050130208333334 0.5482566550925926 0.10948350694444442 0.1665002893518519
2 0.33036747685185186 0.41338252314814816 0.12384259259259256 0.13313078703703707
2 0.9601779513888888 0.5946903935185185 0.07964409722222232 0.1607060185185185
2 0.2618272569444444 0.3856264467592593 0.12116608796296302 0.11349826388888884
2 0.4095413773148148 0.43765190972222223 0.13444010416666663 0.12978153935185177
3 0.5013382523148149 0.4857277199074074 0.07924623842592604 0.08695746527777781
3 0.5966435185185186 0.5228587962962963 0.08951822916666652 0.10113570601851851
2 0.17777054398148148 0.36161024305555556 0.10033275462962965 0.10364583333333333
2 0.10322627314814814 0.8057725694444444 0.14243344907407407 0.13506944444444446
2 0.992259837962963 0.6073133680555556 0.015480324074073959 0.1503616898148148
3 0.06799768518518519 0.7263888888888889 0.06275318287037038 0.06270978009259265