2 0.3046875 0.568359375 0.1796875 0.126953125
2 0.369140625 0.6689453125 0.208984375 0.1826171875
2 0.283203125 0.4873046875 0.1591796875 0.091796875
2 0.3466796875 0.3232421875 0.080078125 0.0703125
2 0.5234375 0.3076171875 0.111328125 0.068359375
3 0.4873046875 0.751953125 0.1357421875 0.0908203125
3 0.580078125 0.337890625 0.0625 0.0390625
2 0.068359375 0.6455078125 0.09375 0.185546875
3 0.40625 0.314453125 0.052734375 0.033203125
3 0.6953125 0.4091796875 0.0859375 0.046875
3 0.7626953125 0.439453125 0.1015625 0.048828125
3 0.828125 0.5048828125 0.0830078125 0.0673828125
3 0.900390625 0.560546875 0.087890625 0.091796875
3 0.9697265625 0.615234375 0.060546875 0.1142578125
3 0.2998046875 0.4375 0.0576171875 0.029296875