2 0.611328125 0.3701171875 0.0810546875 0.087890625
2 0.4814453125 0.3330078125 0.087890625 0.0732421875
2 0.904296875 0.4892578125 0.072265625 0.0859375
2 0.1826171875 0.228515625 0.0498046875 0.033203125
2 0.1142578125 0.291015625 0.0732421875 0.046875
2 0.3544921875 0.2265625 0.0576171875 0.0439453125
2 0.21875 0.310546875 0.1044921875 0.0703125
2 0.732421875 0.3173828125 0.0888671875 0.0625
2 0.6279296875 0.2607421875 0.103515625 0.052734375
2 0.255859375 0.2109375 0.048828125 0.029296875
3 0.380859375 0.6953125 0.1201171875 0.1142578125
2 0.5625 0.234375 0.0595703125 0.0419921875
2 0.5234375 0.2158203125 0.0625 0.033203125
3 0.537109375 0.365234375 0.056640625 0.046875
2 0.259765625 0.673828125 0.1845703125 0.236328125
3 0.5126953125 0.7470703125 0.1279296875 0.107421875
2 0.466796875 0.185546875 0.0517578125 0.0263671875
2 0.0439453125 0.294921875 0.0595703125 0.041015625
2 0.9248046875 0.849609375 0.1279296875 0.0576171875
2 0.4921875 0.1982421875 0.056640625 0.033203125
2 0.130859375 0.2314453125 0.0390625 0.0263671875
3 0.6796875 0.40625 0.056640625 0.044921875
2 0.09375 0.236328125 0.0439453125 0.029296875
2 0.4169921875 0.173828125 0.041015625 0.0185546875
2 0.240234375 0.185546875 0.03125 0.0205078125
2 0.017578125 0.2919921875 0.0341796875 0.037109375
2 0.365234375 0.181640625 0.03125 0.0205078125
3 0.658203125 0.287109375 0.046875 0.03125
3 0.6455078125 0.806640625 0.115234375 0.0986328125
2 0.2998046875 0.1796875 0.0419921875 0.0263671875
3 0.763671875 0.84375 0.111328125 0.056640625
3 0.310546875 0.21875 0.0361328125 0.0205078125
3 0.978515625 0.564453125 0.0419921875 0.0517578125
2 0.1328125 0.205078125 0.0234375 0.015625
2 0.158203125 0.2138671875 0.0361328125 0.0185546875
2 0.3779296875 0.1591796875 0.0341796875 0.017578125
3 0.822265625 0.462890625 0.0595703125 0.046875
3 0.9423828125 0.544921875 0.0546875 0.0830078125
3 0.681640625 0.3076171875 0.046875 0.041015625
3 0.169921875 0.306640625 0.025390625 0.0205078125
3 0.138671875 0.310546875 0.033203125 0.0263671875
3 0.076171875 0.3017578125 0.0390625 0.03125
3 0.314453125 0.2392578125 0.021484375 0.021484375
3 0.2783203125 0.232421875 0.0390625 0.0205078125
3 0.240234375 0.234375 0.0361328125 0.0263671875