2 0.271484375 0.28935185185185186 0.072265625 0.04759837962962965
2 0.609375 0.3194444444444444 0.0966796875 0.06803385416666674
2 0.703125 0.3883463541666667 0.1201171875 0.07964409722222221
2 0.146484375 0.2925347222222222 0.0439453125 0.03776041666666674
2 0.5390625 0.2826605902777778 0.1044921875 0.06051070601851849
3 0.1923828125 0.6770471643518519 0.099609375 0.09450954861111116
2 0.103515625 0.40520109953703703 0.0888671875 0.10192418981481477
3 0.642578125 0.3655960648148148 0.0439453125 0.03092447916666663
3 0.75 0.4516059027777778 0.0625 0.05407262731481488
3 0.212890625 0.37702546296296297 0.0517578125 0.03316695601851849
3 0.291015625 0.6123408564814814 0.09375 0.06890190972222232
2 0.3671875 0.836841724537037 0.1669921875 0.11555989583333348
3 0.8095703125 0.5084997106481481 0.078125 0.0673466435185186
2 0.4951171875 0.2195095486111111 0.048828125 0.03012876157407407
2 0.326171875 0.21813512731481483 0.041015625 0.02495659722222221
3 0.103515625 0.735279224537037 0.0986328125 0.10814525462962976
2 0.1220703125 0.2681929976851852 0.0263671875 0.0244140625
3 0.876953125 0.5764250578703705 0.072265625 0.07005931712962976
2 0.1982421875 0.26027199074074076 0.0341796875 0.02665653935185186
3 0.1611328125 0.4014756944444444 0.0439453125 0.03287760416666674
3 0.177734375 0.34544994212962965 0.0341796875 0.02470341435185186
2 0.78125 0.2760054976851852 0.0517578125 0.03609664351851849
3 0.134765625 0.3594835069444444 0.037109375 0.02676504629629628
3 0.943359375 0.6423611111111112 0.0673828125 0.06987847222222232
2 0.2001953125 0.23202401620370372 0.0234375 0.02137586805555558
3 0.2265625 0.3179615162037037 0.0390625 0.0278139467592593
2 0.044921875 0.30049189814814814 0.033203125 0.03052662037037035
2 0.01171875 0.4281684027777778 0.0234375 0.06141493055555558
3 0.2734375 0.3538773148148148 0.0419921875 0.02694589120370372
2 0.263671875 0.2109375 0.025390625 0.01851851851851849
3 0.0244140625 0.775318287037037 0.048828125 0.09751157407407396
2 0.96875 0.33275462962962965 0.044921875 0.03877314814814814
3 0.0517578125 0.4609013310185185 0.044921875 0.04072627314814814
2 0.0146484375 0.3540581597222222 0.029296875 0.06163194444444442
3 0.556640625 0.3155381944444444 0.0498046875 0.04383680555555558
3 0.0419921875 0.4058521412037037 0.041015625 0.06108940972222221
3 0.1171875 0.3168402777777778 0.037109375 0.03848379629629628
3 0.2451171875 0.26200810185185186 0.0361328125 0.02477575231481477
3 0.2783203125 0.2544487847222222 0.0263671875 0.0166015625
3 0.3076171875 0.24283854166666666 0.03125 0.021665219907407385
3 0.333984375 0.23404947916666669 0.03125 0.02166521990740744