2 0.4130497685185185 0.5649594907407407 0.14662905092592582 0.11465567129629628
2 0.5022424768518519 0.6318721064814814 0.1088686342592593 0.0693721064814814
2 0.2570529513888889 0.6955656828703703 0.05400028935185186 0.0361328125
2 0.6549117476851851 0.6964337384259258 0.07671440972222232 0.04380063657407396
2 0.6933232060185185 0.7125651041666667 0.07364004629629628 0.03978587962962976
3 0.26869936342592593 0.46010561342592593 0.09624565972222221 0.07085503472222221
2 0.046052155671296294 0.3047960069444444 0.09210431134259259 0.21169704861111116
3 0.3379267939814815 0.5131293402777778 0.08503327546296302 0.05776186342592582
2 0.8640046296296295 0.6857638888888888 0.05298755787037024 0.0351200810185186
3 0.31072771990740744 0.6155598958333333 0.05787037037037046 0.03530092592592604
3 0.36942997685185186 0.636791087962963 0.05269820601851849 0.0273075810185186
3 0.19968894675925924 0.5592086226851851 0.07711226851851849 0.05454282407407396
2 0.39890769675925924 0.7624782986111112 0.05284288194444442 0.0312138310185186
3 0.6071325231481481 0.669921875 0.03768807870370372 0.01699942129629628
3 0.7188585069444444 0.23376012731481483 0.12995515046296302 0.08575665509259256
3 0.11508969907407407 0.34194155092592593 0.07884837962962965 0.07508680555555558
2 0.2652271412037037 0.7645037615740741 0.03204571759259256 0.02264178240740744
3 0.4616970486111111 0.5943648726851852 0.06188512731481477 0.03837528935185186
3 0.32751012731481477 0.7153862847222222 0.03190104166666674 0.01873553240740744
3 0.4154369212962963 0.6584924768518519 0.04481336805555558 0.02506510416666674
3 0.2640335648148148 0.5860821759259259 0.05400028935185186 0.0361328125
3 0.4449508101851852 0.6778790509259259 0.04267939814814814 0.02010995370370372
3 0.5636574074074074 0.6325231481481481 0.04296875 0.02792245370370372
3 0.6216362847222223 0.1466652199074074 0.13060619212962976 0.07700376157407407
3 0.025490089699074073 0.4283492476851852 0.05098017939814815 0.05494068287037035
3 0.8208188657407407 0.4562355324074074 0.1005497685185186 0.05541087962962965
2 0.19448061342592593 0.6998336226851851 0.05117910879629628 0.03895399305555536
2 0.6328486689814814 0.739185474537037 0.0576895254629628 0.03041811342592604
2 0.7887008101851852 0.691478587962963 0.04032841435185186 0.03562644675925908
3 0.2997685185185185 0.7008101851851851 0.03689236111111116 0.02184606481481488
3 0.8338396990740741 0.4996383101851852 0.0849247685185186 0.05483217592592593
2 0.49428530092592593 0.7677228009259259 0.06177662037037046 0.03544560185185186
2 0.2947048611111111 0.7322048611111112 0.04307725694444442 0.03085214120370372
3 0.3554325810185185 0.7250795717592593 0.03378182870370372 0.01685474537037024
3 0.5823206018518519 0.6552372685185185 0.0346860532407407 0.01493778935185186
3 0.07873987268518519 0.45446325231481477 0.06734664351851852 0.0541811342592593
3 0.6195384837962963 0.6772641782407407 0.04286024305555558 0.02499276620370372
3 0.7965133101851851 0.40154803240740744 0.12192563657407396 0.0796079282407407
3 0.5002531828703703 0.6855830439814815 0.04286024305555558 0.02499276620370372
3 0.7781032986111112 0.3193359375 0.12264901620370372 0.07280815972222221
2 0.7498553240740741 0.7397280092592593 0.05284288194444442 0.0312138310185186
3 0.8354311342592593 0.5356626157407407 0.05381944444444464 0.03125
3 0.8470775462962963 0.5635127314814815 0.03993055555555558 0.0248842592592593
3 0.8541666666666667 0.5827546296296297 0.02419704861111116 0.02137586805555558
3 0.857421875 0.6001880787037037 0.02716290509259256 0.0224609375
3 0.8617983217592593 0.6136791087962963 0.01906105324074092 0.01435908564814814
3 0.5338179976851851 0.7009186921296297 0.02423321759259256 0.02235243055555558
3 0.14326533564814814 0.6344401041666666 0.0439453125 0.05428964120370372
3 0.10427517361111112 0.6076027199074074 0.04607928240740741 0.05924479166666652
3 0.05942563657407407 0.580982349537037 0.04879195601851852 0.05349392361111116
3 0.021692346643518517 0.5590277777777778 0.043384693287037035 0.06412760416666674
3 0.12698929398148148 0.5209418402777778 0.07468894675925924 0.06810619212962954
2 0.1822193287037037 0.4252748842592593 0.12941261574074076 0.20276331018518512