2 0.10346498842592593 0.5941840277777777 0.12118055555555554 0.14034288194444455
2 0.6817418981481481 0.5051866319444445 0.1835648148148148 0.13391927083333321
2 0.18920717592592592 0.5395616319444444 0.14079861111111108 0.14663628472222223
2 0.5941478587962963 0.6848090277777777 0.25757378472222214 0.18730468749999996
2 0.3315972222222222 0.41729600694444446 0.1313585069444445 0.10249565972222219
2 0.26044560185185184 0.47549913194444443 0.13266782407407407 0.1249782986111111
2 0.43017939814814815 0.35262586805555557 0.12136140046296295 0.08665364583333335
2 0.9005353009259259 0.49739583333333337 0.0820095486111112 0.06625434027777777
2 0.9236979166666667 0.38363715277777777 0.05826822916666674 0.045225694444444464
2 0.8524594907407408 0.4476996527777778 0.08893229166666661 0.072265625
2 0.5011429398148148 0.30711805555555555 0.09458912037037037 0.058723958333333326
2 0.041478587962962964 0.6659722222222222 0.08295717592592593 0.14266493055555562
2 0.17743055555555554 0.2801432291666667 0.045384837962963 0.032248263888888906
2 0.5503761574074074 0.2786892361111111 0.08861400462962954 0.05078125
2 0.7173104745370371 0.4106770833333333 0.14186921296296306 0.08710937500000004
2 0.03464988425925926 0.42877604166666666 0.05363136574074075 0.061718750000000044
2 0.9642216435185185 0.4159288194444445 0.05345775462962976 0.050000000000000044
2 0.1667824074074074 0.33993055555555557 0.05831163194444444 0.048155381944444464
2 0.11948784722222222 0.36929253472222223 0.06124131944444444 0.04822048611111107
2 0.08400607638888888 0.3261501736111111 0.04155092592592591 0.03704427083333339
3 0.619017650462963 0.5876085069444444 0.1055049189814814 0.07068142361111107
2 0.25700954861111114 0.24615885416666666 0.036480034722222276 0.024240451388888862
3 0.6903501157407408 0.4513020833333333 0.09746093750000018 0.054882812500000044
2 0.3220486111111111 0.2710720486111111 0.0610532407407407 0.03552517361111107
2 0.8677951388888889 0.3350911458333333 0.05523726851851851 0.038324652777777746
2 0.7424479166666667 0.3613064236111111 0.108347800925926 0.06488715277777779
2 0.7633391203703703 0.2690755208333333 0.06003327546296289 0.032573784722222276
2 0.7023075810185184 0.23723958333333334 0.05214843750000009 0.027517361111111138
2 0.8927951388888888 0.3608940972222222 0.04440827546296289 0.0322265625
2 0.13329716435185185 0.2938151041666667 0.036552372685185186 0.029123263888888862
3 0.3866319444444445 0.3926432291666667 0.047366898148148096 0.03424479166666661
2 0.5025462962962963 0.21239149305555555 0.049175347222222276 0.02452256944444442
2 0.594654224537037 0.2552517361111111 0.07379195601851851 0.03873697916666663
2 0.7362268518518518 0.25405815972222223 0.05214843750000009 0.027517361111111138
2 0.42028356481481477 0.22983940972222222 0.061038773148148096 0.03454861111111113
3 0.4849175347222222 0.8092664930555555 0.1674768518518519 0.10232204861111116
2 0.828074363425926 0.3144965277777778 0.05519386574074092 0.03539496527777786
2 0.5516493055555556 0.19275173611111113 0.03352141203703707 0.022222222222222254
2 0.5780454282407408 0.1902126736111111 0.03151041666666665 0.018272569444444442
2 0.09739583333333333 0.27899305555555554 0.0286964699074074 0.026019965277777724
2 0.026533564814814815 0.31766493055555556 0.03467158564814815 0.03396267361111116
3 0.47632378472222225 0.3350043402777778 0.053226273148148096 0.034375000000000044
2 0.7135271990740741 0.20477430555555556 0.04432146990740726 0.0263671875
2 0.2875434027777778 0.22790798611111113 0.037413194444444464 0.021332465277777768
3 0.28271122685185185 0.2904947916666667 0.037413194444444464 0.021332465277777768
3 0.2404441550925926 0.3099826388888889 0.03645109953703707 0.022287326388888862
3 0.07701822916666667 0.4024522569444444 0.03464265046296294 0.03200954861111116
3 0.1982638888888889 0.32361111111111107 0.03945312499999998 0.02723524305555558
3 0.3613425925925926 0.25457899305555554 0.052177372685185186 0.029470486111111138