2 0.6279296875 0.3466796875 0.087890625 0.0595703125
2 0.5205078125 0.3720703125 0.080078125 0.078125
2 0.271484375 0.4296875 0.0986328125 0.123046875
2 0.455078125 0.388671875 0.078125 0.078125
2 0.7919921875 0.3251953125 0.080078125 0.048828125
2 0.205078125 0.4609375 0.0810546875 0.0986328125
3 0.3623046875 0.435546875 0.056640625 0.0498046875
2 0.677734375 0.3330078125 0.0732421875 0.064453125
3 0.578125 0.380859375 0.0439453125 0.037109375
3 0.1455078125 0.509765625 0.0546875 0.0576171875
3 0.7626953125 0.341796875 0.0341796875 0.0283203125
3 0.7265625 0.3486328125 0.041015625 0.0341796875