2 0.38665364583333334 0.5356409143518519 0.08697916666666672 0.06387442129629628
2 0.5098958333333333 0.3365596064814815 0.1899088541666667 0.1918330439814815
2 0.6133463541666666 0.46354890046296293 0.11686197916666652 0.11797598379629637
2 0.5277994791666667 0.4913411458333333 0.11250000000000004 0.09633969907407414
2 0.4614583333333333 0.5230034722222222 0.1118489583333333 0.08657407407407414
2 0.30690104166666665 0.5787037037037037 0.11438802083333333 0.08086660879629637
2 0.5396484374999999 0.6201605902777778 0.07363281250000009 0.05345052083333335
2 0.6326171875 0.5978226273148148 0.06920572916666679 0.06003327546296289
2 0.30097656250000004 0.47779947916666665 0.1343098958333333 0.10233651620370376
3 0.4395182291666667 0.3849754050925926 0.08476562499999996 0.07446469907407405
3 0.35865885416666665 0.4300419560185185 0.07154947916666665 0.06599392361111112
2 0.6070963541666667 0.6302879050925926 0.04947916666666652 0.04149305555555549
3 0.5784505208333333 0.592845775462963 0.04622395833333348 0.03645833333333348
2 0.3427734375 0.6537254050925926 0.06705729166666663 0.042404513888888884
2 0.013590494791666666 0.401027199074074 0.027180989583333332 0.11391059027777772
2 0.3695963541666667 0.6455222800925926 0.05638020833333335 0.028226273148148184
3 0.2517578125 0.5007884837962963 0.06093749999999998 0.052792245370370416
3 0.4883463541666667 0.6160083912037038 0.03880208333333335 0.027314814814814792