2 0.6158854166666667 0.3646484375 0.2382089120370372 0.2772786458333334
2 0.6586009837962963 0.6658203125 0.1489438657407407 0.12167968749999991
2 0.2468532986111111 0.4595703125 0.15487557870370372 0.2017578124999999
2 0.3734085648148148 0.7381510416666667 0.06676793981481477 0.06178385416666665
2 0.5889033564814814 0.8399739583333333 0.05541087962962976 0.03964843749999991
2 0.7774884259259259 0.7097005208333333 0.12608506944444442 0.10169270833333321
2 0.31025752314814814 0.7514322916666667 0.05620659722222221 0.05039062499999991
2 0.5532045717592593 0.7909505208333334 0.0848885995370372 0.057161458333333304
2 0.4370659722222222 0.7579427083333333 0.06828703703703698 0.05605468750000009
2 0.2656611689814815 0.7921875 0.03356481481481488 0.033333333333333215
2 0.33232060185185186 0.8131510416666666 0.0385923032407407 0.035611979166666696
2 0.38874421296296297 0.8402343750000001 0.0361328125 0.02864583333333348
2 0.6850405092592593 0.8259765625 0.07823350694444442 0.046028645833333215
2 0.18004918981481483 0.6465494791666666 0.0620298032407407 0.06341145833333339
2 0.13415075231481483 0.4073567708333333 0.1267361111111111 0.2154296874999999
2 0.501048900462963 0.821484375 0.0556278935185186 0.04257812499999991
2 0.9762641059027778 0.7522786458333333 0.04747178819444442 0.04238281250000009
2 0.5455729166666667 0.8322265625 0.05128761574074092 0.03645833333333348
3 0.5732783564814814 0.6027994791666667 0.07924623842592604 0.059700520833333215
2 0.3661024305555556 0.8231770833333334 0.04137731481481488 0.03385416666666652
3 0.44755497685185186 0.29609375 0.12232349537037046 0.10338541666666667
2 0.45630787037037035 0.8078125 0.05548321759259256 0.04062499999999991
2 0.9090350115740742 0.7932942708333333 0.0556278935185186 0.04257812499999991
3 0.37380642361111116 0.4942708333333333 0.09465422453703698 0.08404947916666661
2 0.30063657407407407 0.8052083333333333 0.033203125 0.028450520833333215
3 0.4862196180555556 0.542578125 0.09364149305555558 0.07037760416666661
2 0.4086371527777778 0.7939453125 0.04745370370370372 0.03717447916666661
2 0.2532552083333333 0.6902994791666667 0.07143373842592593 0.0854166666666667
3 0.4921151620370371 0.7664713541666667 0.041015625 0.02897135416666674
3 0.31438078703703703 0.7021484375 0.04452401620370372 0.03697916666666656
2 0.4280960648148148 0.8467447916666666 0.04094328703703709 0.02799479166666652
2 0.6283275462962963 0.8474609375 0.05407262731481488 0.034700520833333304
3 0.30649594907407407 0.22838541666666667 0.12004484953703709 0.11197916666666663
3 0.8454499421296297 0.5645833333333333 0.05606192129629628 0.04843749999999991
3 0.8899739583333334 0.6015625 0.04647714120370372 0.037109375
3 0.7972366898148149 0.5040364583333333 0.07801649305555536 0.0693359375
2 0.5021339699074074 0.8623697916666666 0.0380859375 0.028776041666666696
2 0.4732349537037037 0.8526692708333333 0.03508391203703698 0.027604166666666652
3 0.7066695601851851 0.43580729166666665 0.09309895833333348 0.076171875
2 0.5356987847222222 0.8694661458333334 0.0390625 0.028841145833333304
3 0.640552662037037 0.8026041666666667 0.03786892361111116 0.025846354166666696
2 0.7238859953703705 0.8518880208333333 0.05407262731481488 0.034700520833333304
3 0.19364872685185186 0.17421875 0.09639033564814814 0.08124999999999999
3 0.9252025462962963 0.6311197916666667 0.04318576388888884 0.032031249999999956
2 0.8703703703703705 0.8091796874999999 0.0624638310185186 0.04303385416666661
3 0.9408998842592593 0.7643229166666666 0.03125 0.0283203125
2 0.6848234953703705 0.8755208333333333 0.04058159722222232 0.02311197916666652
3 0.6000795717592593 0.7940755208333333 0.02690972222222232 0.022200520833333348
3 0.833984375 0.7377604166666667 0.03378182870370372 0.036263020833333215
3 0.9474464699074074 0.6559244791666666 0.03942418981481488 0.033723958333333304
3 0.35416666666666663 0.7669921875 0.03899016203703698 0.027864583333333304
3 0.20739293981481483 0.7008463541666666 0.02792245370370372 0.03587239583333335