2 0.1669921875 0.4267578125 0.09375 0.0703125
2 0.3466796875 0.3876953125 0.1123046875 0.078125
2 0.53125 0.3046875 0.076171875 0.0576171875
3 0.919921875 0.5966796875 0.0625 0.0751953125
3 0.5185546875 0.4501953125 0.0654296875 0.0419921875
3 0.732421875 0.716796875 0.115234375 0.125
3 0.4140625 0.5703125 0.083984375 0.0595703125
3 0.8408203125 0.755859375 0.1015625 0.134765625
3 0.9326171875 0.787109375 0.078125 0.138671875
3 0.685546875 0.5029296875 0.0703125 0.0546875
3 0.763671875 0.5390625 0.072265625 0.056640625
3 0.3388671875 0.533203125 0.0703125 0.052734375
3 0.5048828125 0.6220703125 0.0966796875 0.078125
3 0.8466796875 0.5654296875 0.0732421875 0.064453125
3 0.4501953125 0.431640625 0.0517578125 0.03125
3 0.279296875 0.5 0.048828125 0.0341796875
3 0.2373046875 0.4765625 0.0390625 0.03125
3 0.3935546875 0.4140625 0.0390625 0.025390625
3 0.9775390625 0.625 0.044921875 0.06640625
3 0.583984375 0.478515625 0.0595703125 0.048828125
3 0.6689453125 0.3515625 0.0439453125 0.03125
3 0.6044921875 0.306640625 0.03125 0.0205078125
3 0.203125 0.455078125 0.0390625 0.029296875
3 0.603515625 0.6689453125 0.1015625 0.1064453125
3 0.6484375 0.3125 0.03125 0.0205078125
3 0.580078125 0.328125 0.037109375 0.029296875
3 0.0390625 0.8486328125 0.0751953125 0.0595703125
3 0.689453125 0.318359375 0.0283203125 0.0205078125
3 0.6201171875 0.341796875 0.0419921875 0.0234375
3 0.7265625 0.3671875 0.048828125 0.0361328125
3 0.826171875 0.396484375 0.044921875 0.048828125
3 0.876953125 0.4189453125 0.046875 0.0419921875
3 0.9267578125 0.447265625 0.033203125 0.0390625
3 0.966796875 0.462890625 0.03125 0.0390625
3 0.8642578125 0.3798828125 0.029296875 0.0263671875
3 0.900390625 0.3935546875 0.025390625 0.025390625
3 0.9375 0.40625 0.0205078125 0.025390625
3 0.9736328125 0.4248046875 0.03125 0.0390625
3 0.732421875 0.3330078125 0.0263671875 0.0234375