2 0.572265625 0.5439453125 0.15625 0.1298828125
2 0.666015625 0.3486328125 0.0830078125 0.0654296875
2 0.3125 0.376953125 0.115234375 0.068359375
2 0.671875 0.599609375 0.146484375 0.1689453125
2 0.78125 0.400390625 0.076171875 0.0751953125
2 0.203125 0.482421875 0.1298828125 0.087890625
2 0.7734375 0.658203125 0.1455078125 0.189453125
2 0.5234375 0.3095703125 0.083984375 0.0595703125
2 0.873046875 0.724609375 0.154296875 0.1923828125
2 0.1611328125 0.4267578125 0.1142578125 0.0703125
2 0.7216796875 0.376953125 0.0810546875 0.064453125
2 0.837890625 0.423828125 0.072265625 0.0859375
2 0.6171875 0.298828125 0.064453125 0.0361328125
2 0.615234375 0.333984375 0.078125 0.052734375
2 0.888671875 0.455078125 0.068359375 0.080078125
2 0.9482421875 0.484375 0.0703125 0.0859375
2 0.40625 0.7216796875 0.259765625 0.2236328125
3 0.513671875 0.8173828125 0.140625 0.099609375
2 0.2607421875 0.3388671875 0.0703125 0.0419921875
2 0.6455078125 0.2451171875 0.0390625 0.0234375
3 0.240234375 0.537109375 0.078125 0.046875
2 0.6640625 0.830078125 0.171875 0.0859375
2 0.025390625 0.560546875 0.0439453125 0.1220703125
3 0.564453125 0.326171875 0.0361328125 0.021484375
2 0.3857421875 0.4169921875 0.0986328125 0.0751953125
2 0.6669921875 0.3046875 0.0498046875 0.033203125
2 0.685546875 0.357421875 0.103515625 0.076171875
2 0.9853515625 0.5078125 0.029296875 0.1064453125
3 0.279296875 0.583984375 0.0830078125 0.0576171875
2 0.810546875 0.4169921875 0.111328125 0.0888671875
2 0.6748046875 0.271484375 0.0361328125 0.025390625
3 0.318359375 0.6591796875 0.111328125 0.0654296875
3 0.939453125 0.7578125 0.0673828125 0.1357421875
3 0.345703125 0.400390625 0.068359375 0.0673828125
3 0.1435546875 0.396484375 0.064453125 0.037109375