2 0.6900607638888889 0.4009548611111111 0.19445891203703702 0.17315538194444446
2 0.1665581597222222 0.5093315972222222 0.09359809027777777 0.09576822916666661
2 0.3618634259259259 0.603689236111111 0.09100839120370363 0.07424045138888902
2 0.30041956018518523 0.5747612847222222 0.08598090277777781 0.06924913194444438
2 0.41118344907407406 0.6192057291666666 0.07796585648148147 0.062239583333333126
2 0.4537254050925926 0.6368272569444444 0.07787905092592595 0.05930989583333335
2 0.7657407407407407 0.5145833333333334 0.11168981481481488 0.08055555555555571
2 0.490234375 0.6487196180555556 0.0737991898148147 0.053363715277777724
2 0.5306495949074074 0.6605251736111111 0.07486255787037033 0.05631510416666652
2 0.09442997685185184 0.48259548611111114 0.0744357638888889 0.07484809027777772
2 0.7452763310185184 0.4505425347222222 0.12206307870370381 0.10128038194444444
2 0.7779586226851851 0.5641493055555555 0.098531539351852 0.06464843750000004
2 0.5600766782407407 0.33446180555555555 0.16999421296296302 0.20384114583333335
2 0.039474826388888884 0.441796875 0.05597511574074074 0.11054687500000004
2 0.5768373842592593 0.6692708333333333 0.06078559027777786 0.042339409722222054
2 0.6556857638888889 0.6919487847222222 0.0527705439814814 0.03532986111111103
2 0.6112774884259259 0.6773003472222222 0.060959201388888884 0.048198784722222276
2 0.7771195023148147 0.5358289930555555 0.1070384837962961 0.08825954861111107