2 0.4099537037037037 0.3202763310185185 0.12416811342592593 0.07191840277777772
2 0.40979456018518523 0.4216652199074074 0.1727864583333334 0.11917679398148151
2 0.789308449074074 0.5975911458333334 0.16854021990740753 0.12977430555555536
2 0.733449074074074 0.7834924768518519 0.26597222222222205 0.14533420138888897
2 0.8116319444444444 0.5169921875 0.1704282407407407 0.1122829861111112
2 0.5297815393518519 0.32160011574074077 0.11600839120370354 0.06582754629629628
2 0.5902922453703703 0.2710648148148148 0.08595920138888902 0.0522641782407407
2 0.8028501157407407 0.36907552083333334 0.0971643518518519 0.06039496527777777
2 0.2374638310185185 0.28639322916666665 0.061595775462962965 0.03594473379629637
2 0.2833116319444444 0.26943721064814813 0.05504918981481488 0.04062500000000002
3 0.33232783564814816 0.4951244212962963 0.08378182870370376 0.06487268518518507
2 0.7874855324074075 0.29934172453703706 0.07814670138888902 0.052032696759259256
2 0.516796875 0.19525462962962964 0.03838252314814827 0.022583912037037024
3 0.20711805555555557 0.321412037037037 0.038498263888888884 0.024537037037037024
2 0.41477141203703705 0.2060763888888889 0.030570023148148162 0.02235243055555558
2 0.1092158564814815 0.3613570601851852 0.06263744212962963 0.05352285879629637
2 0.660279224537037 0.22512297453703706 0.05682870370370363 0.03775318287037033
2 0.8525101273148148 0.3042390046296296 0.04626012731481488 0.04036458333333326
2 0.14187644675925926 0.28727575231481484 0.04907407407407405 0.038498263888888884
3 0.1665509259259259 0.34796006944444446 0.038614004629629606 0.026490162037037024
2 0.7952546296296297 0.2669415509259259 0.05458622685185199 0.03281250000000002
2 0.21789641203703702 0.23823061342592594 0.026663773148148162 0.02223668981481486
3 0.48736979166666666 0.3628255208333333 0.042520254629629606 0.026605902777777857
2 0.2781032986111111 0.22572337962962963 0.030570023148148162 0.02235243055555558
2 0.5674623842592592 0.195703125 0.03447627314814827 0.022468171296296302
3 0.34789496527777775 0.3640335648148148 0.04355468749999991 0.027611400462962954
2 0.09521122685185185 0.33447627314814815 0.05229311342592591 0.0434678819444444
2 0.7305989583333333 0.20646701388888888 0.038498263888888884 0.024537037037037024
3 0.7854311342592593 0.3998119212962963 0.05056423611111116 0.0307436342592593
3 0.5622468171296295 0.3001663773148148 0.04843749999999991 0.027756076388888884
2 0.6851056134259259 0.2009910300925926 0.043670428240740744 0.029564525462962954
3 0.24170283564814815 0.44516782407407407 0.06481481481481477 0.04091435185185188
2 0.24960937500000002 0.2294921875 0.026490162037037024 0.019307002314814803
3 0.7750217013888889 0.42741608796296293 0.05056423611111116 0.0307436342592593
3 0.4526041666666667 0.3901765046296296 0.03763744212962972 0.026461226851851816
3 0.30094762731481484 0.3995442708333333 0.05378327546296302 0.035713252314814814
3 0.7649522569444445 0.46573350694444443 0.04965277777777777 0.048263888888888884
3 0.7330873842592592 0.6908926504629629 0.12413194444444442 0.12065972222222232
3 0.7781105324074074 0.32594039351851856 0.03310185185185199 0.032175925925926
3 0.4852213541666667 0.28392650462962965 0.038498263888888884 0.024537037037037024
3 0.5191189236111111 0.27122395833333335 0.033217592592592604 0.034129050925926
3 0.4429181134259259 0.20816695601851853 0.027582465277777857 0.021289062499999956
3 0.3882306134259259 0.2097873263888889 0.027582465277777857 0.02128906250000001
3 0.3349175347222222 0.22111545138888888 0.04252025462962972 0.026605902777777746
3 0.03162977430555555 0.8026041666666667 0.0632595486111111 0.08819444444444446
3 0.019614438657407408 0.7154947916666667 0.039228877314814815 0.08997395833333321