2 0.932861328125 0.30962818287037036 0.13427734375 0.12270688657407403
2 0.35416666666666663 0.4830222800925926 0.22148437499999996 0.2436559606481481
2 0.4654947916666667 0.7668402777777779 0.22962239583333333 0.24900173611111098
3 0.6518880208333333 0.6008535879629631 0.1206380208333333 0.08788339120370381
3 0.5380208333333333 0.6728949652777778 0.14863281250000004 0.09926938657407414
3 0.7266927083333333 0.5119068287037036 0.10904947916666674 0.07455150462962967
2 0.07513020833333334 0.7330078125 0.06145833333333334 0.13398437500000004
3 0.3677083333333333 0.8174623842592592 0.09856770833333339 0.07782118055555554
3 0.6823567708333333 0.24081307870370372 0.0678385416666667 0.04001012731481479
3 0.28815104166666666 0.8497106481481482 0.0815755208333333 0.05638744212962976
3 0.8981119791666667 0.35475983796296295 0.06334635416666679 0.04558015046296293
3 0.6356770833333334 0.2847366898148148 0.08359374999999991 0.05747974537037037
3 0.799609375 0.4384114583333333 0.08782552083333339 0.06259403935185182
3 0.8541666666666667 0.3959273726851852 0.07050781249999982 0.050868055555555625
3 0.5564453125 0.3364583333333333 0.10553385416666661 0.06558883101851842
3 0.7479817708333334 0.21843894675925923 0.05058593750000018 0.02926070601851849
3 0.21868489583333334 0.8582392939814815 0.06230468750000001 0.044545717592592515
2 0.13079427083333334 0.6487630208333333 0.13177083333333334 0.19651331018518503
3 0.22376302083333333 0.598828125 0.123046875 0.09483506944444464
3 0.2934244791666667 0.5494574652777777 0.10572916666666665 0.09769965277777759
3 0.7858072916666667 0.20219907407407406 0.048958333333333215 0.03402777777777777
2 0.45722656250000004 0.39477719907407405 0.2041015625 0.17259114583333335