2 0.6982421875 0.361328125 0.1435546875 0.0625
2 0.740234375 0.4111328125 0.138671875 0.0654296875
2 0.8203125 0.5732421875 0.169921875 0.1044921875
2 0.1923828125 0.6171875 0.2373046875 0.1435546875
2 0.2451171875 0.4404296875 0.1591796875 0.076171875
2 0.775390625 0.4814453125 0.1826171875 0.095703125
2 0.857421875 0.673828125 0.177734375 0.123046875
2 0.6513671875 0.28125 0.1123046875 0.046875
2 0.501953125 0.3876953125 0.095703125 0.1044921875
2 0.6611328125 0.3173828125 0.1220703125 0.0498046875
3 0.2578125 0.5439453125 0.1171875 0.064453125
2 0.478515625 0.298828125 0.0654296875 0.0625
2 0.5751953125 0.78125 0.169921875 0.1953125
2 0.341796875 0.2392578125 0.0859375 0.0439453125
2 0.4736328125 0.2451171875 0.0498046875 0.046875
2 0.466796875 0.208984375 0.037109375 0.033203125
3 0.841796875 0.8251953125 0.1064453125 0.060546875
2 0.3720703125 0.177734375 0.0546875 0.0205078125
2 0.599609375 0.232421875 0.0732421875 0.037109375
3 0.306640625 0.361328125 0.0595703125 0.0283203125
3 0.310546875 0.388671875 0.0673828125 0.0361328125
3 0.3232421875 0.3095703125 0.0498046875 0.0390625
3 0.333984375 0.2705078125 0.0390625 0.03125
3 0.513671875 0.5595703125 0.095703125 0.181640625
2 0.349609375 0.212890625 0.0830078125 0.033203125