2 0.5795355902777778 0.6207609953703703 0.0923032407407407 0.06412760416666652
2 0.4739945023148148 0.6009403935185185 0.08586516203703709 0.08227719907407405
2 0.22923900462962962 0.5562355324074074 0.10774739583333331 0.12816116898148144
2 0.4097945601851852 0.5877314814814816 0.08391203703703709 0.08217592592592604
2 0.7420066550925926 0.6337384259259259 0.08369502314814814 0.05298032407407405
2 0.16514756944444445 0.5284288194444444 0.08836082175925924 0.10283564814814827
3 0.32049334490740744 0.5456669560185186 0.06032986111111116 0.05274160879629619
2 0.6283275462962963 0.6318504050925926 0.07801649305555558 0.06825086805555558
3 0.5322627314814815 0.5891637731481482 0.04669415509259256 0.03938802083333326
3 0.10919415509259259 0.48268952546296295 0.058955439814814825 0.060452835648148184
3 0.713939525462963 0.6186559606481481 0.03627748842592604 0.03009259259259256
3 0.6783130787037037 0.6136935763888889 0.04354745370370372 0.03630642361111103