2 0.3203125 0.419921875 0.1298828125 0.087890625
2 0.6953125 0.501953125 0.140625 0.138671875
2 0.404296875 0.3388671875 0.072265625 0.0625
2 0.4501953125 0.578125 0.205078125 0.1640625
2 0.2451171875 0.3515625 0.0859375 0.0517578125
2 0.552734375 0.646484375 0.189453125 0.173828125
2 0.4970703125 0.376953125 0.103515625 0.0908203125
2 0.3623046875 0.3173828125 0.083984375 0.056640625
2 0.7060546875 0.3232421875 0.0625 0.041015625
2 0.65625 0.306640625 0.052734375 0.0390625
2 0.748046875 0.306640625 0.0546875 0.041015625
2 0.068359375 0.833984375 0.1357421875 0.0859375
3 0.6201171875 0.4658203125 0.0625 0.048828125
2 0.0322265625 0.4912109375 0.064453125 0.0673828125
2 0.5830078125 0.279296875 0.0625 0.0439453125
3 0.4189453125 0.5078125 0.0546875 0.0439453125
2 0.7060546875 0.2861328125 0.0498046875 0.033203125
2 0.451171875 0.3515625 0.087890625 0.076171875
3 0.3671875 0.470703125 0.0576171875 0.048828125
2 0.041015625 0.552734375 0.0810546875 0.1201171875
2 0.3154296875 0.3046875 0.060546875 0.0439453125
2 0.2861328125 0.2861328125 0.0546875 0.037109375
2 0.626953125 0.263671875 0.0498046875 0.0390625
3 0.7529296875 0.3564453125 0.041015625 0.0341796875
2 0.0400390625 0.677734375 0.080078125 0.158203125
2 0.2060546875 0.3203125 0.0732421875 0.046875
3 0.5517578125 0.4248046875 0.0673828125 0.052734375
3 0.046875 0.775390625 0.078125 0.087890625
2 0.4326171875 0.2451171875 0.046875 0.0341796875
2 0.5234375 0.2626953125 0.0673828125 0.046875
2 0.666015625 0.2734375 0.0517578125 0.033203125
3 0.6220703125 0.3046875 0.03125 0.021484375
2 0.28125 0.388671875 0.0966796875 0.0576171875
3 0.6904296875 0.7138671875 0.140625 0.1064453125
3 0.4609375 0.259765625 0.044921875 0.025390625
3 0.0498046875 0.59375 0.068359375 0.0625
3 0.0419921875 0.451171875 0.03125 0.0205078125
3 0.044921875 0.435546875 0.029296875 0.0185546875
3 0.0419921875 0.419921875 0.021484375 0.017578125
2 0.0419921875 0.345703125 0.0751953125 0.0703125
2 0.970703125 0.431640625 0.0576171875 0.064453125
2 0.9658203125 0.3857421875 0.0576171875 0.044921875
2 0.943359375 0.359375 0.060546875 0.060546875