2 0.4189453125 0.384765625 0.1044921875 0.0625
2 0.3701171875 0.416015625 0.1064453125 0.068359375
2 0.3046875 0.458984375 0.1220703125 0.087890625
2 0.7109375 0.6640625 0.244140625 0.1298828125
2 0.7236328125 0.5048828125 0.15625 0.1015625
2 0.4404296875 0.2763671875 0.0390625 0.0341796875
2 0.7421875 0.453125 0.1279296875 0.0576171875
2 0.255859375 0.291015625 0.0419921875 0.033203125
2 0.5205078125 0.2705078125 0.0390625 0.0390625
2 0.5029296875 0.333984375 0.0673828125 0.052734375
2 0.1591796875 0.3173828125 0.03125 0.033203125
2 0.3642578125 0.2783203125 0.0419921875 0.0390625
2 0.6513671875 0.240234375 0.0439453125 0.0234375
2 0.21875 0.3046875 0.0361328125 0.0341796875
2 0.2763671875 0.3486328125 0.0576171875 0.0546875
2 0.4404296875 0.232421875 0.0283203125 0.021484375
2 0.466796875 0.2138671875 0.0234375 0.017578125
2 0.1923828125 0.359375 0.0576171875 0.048828125
2 0.189453125 0.3095703125 0.0341796875 0.0361328125
2 0.7763671875 0.396484375 0.103515625 0.041015625
2 0.796875 0.3359375 0.078125 0.0341796875
2 0.5 0.2080078125 0.025390625 0.017578125
2 0.546875 0.2314453125 0.033203125 0.025390625
3 0.2607421875 0.533203125 0.0625 0.048828125
3 0.6201171875 0.7919921875 0.1279296875 0.078125
2 0.7626953125 0.421875 0.0908203125 0.0517578125
2 0.3310546875 0.240234375 0.03125 0.025390625
2 0.609375 0.21875 0.025390625 0.015625
2 0.298828125 0.279296875 0.041015625 0.03125
3 0.40625 0.2841796875 0.029296875 0.0185546875
2 0.2548828125 0.2548828125 0.0361328125 0.021484375
2 0.3017578125 0.2470703125 0.0341796875 0.0234375
2 0.7783203125 0.3623046875 0.0908203125 0.0390625
2 0.3798828125 0.2138671875 0.0234375 0.015625
3 0.201171875 0.5986328125 0.078125 0.068359375
3 0.5498046875 0.283203125 0.03125 0.015625
2 0.783203125 0.255859375 0.03125 0.025390625
2 0.7470703125 0.248046875 0.033203125 0.0205078125
3 0.6826171875 0.5830078125 0.0966796875 0.0625
2 0.7216796875 0.2294921875 0.021484375 0.017578125
3 0.2373046875 0.3671875 0.033203125 0.0283203125
3 0.5908203125 0.2841796875 0.0283203125 0.013671875
3 0.4794921875 0.28125 0.0283203125 0.015625
2 0.4423828125 0.203125 0.0185546875 0.0126953125
2 0.400390625 0.2158203125 0.0205078125 0.013671875
2 0.650390625 0.212890625 0.0234375 0.0126953125
2 0.2060546875 0.263671875 0.044921875 0.025390625
2 0.244140625 0.232421875 0.0263671875 0.015625
2 0.587890625 0.201171875 0.0234375 0.013671875
2 0.265625 0.2236328125 0.0205078125 0.0126953125
3 0.3359375 0.2890625 0.0283203125 0.0205078125
3 0.1123046875 0.6748046875 0.0810546875 0.078125
3 0.048828125 0.5732421875 0.0625 0.0546875
3 0.072265625 0.525390625 0.056640625 0.037109375
3 0.087890625 0.478515625 0.037109375 0.0341796875
3 0.107421875 0.4404296875 0.041015625 0.0263671875
3 0.443359375 0.337890625 0.0517578125 0.037109375
3 0.333984375 0.3486328125 0.0517578125 0.0361328125