2 0.4036458333333333 0.6826967592592592 0.1748046875 0.09665075231481479
2 0.44375 0.729542824074074 0.13554687499999996 0.07709780092592577
2 0.33893229166666666 0.6170572916666666 0.1675130208333333 0.10405815972222232
2 0.45319010416666666 0.7689597800925927 0.11875000000000002 0.05870949074074083
3 0.2001953125 0.27314091435185184 0.17467447916666667 0.09469762731481479
2 0.5845052083333333 0.7825810185185185 0.07695312499999996 0.07405960648148158
2 0.8317057291666667 0.5199869791666667 0.1390625000000001 0.100636574074074
3 0.7922526041666667 0.24934172453703704 0.1635416666666667 0.08828125000000003
2 0.14472656250000002 0.2147931134259259 0.21393229166666666 0.1726417824074074
2 0.2882161458333333 0.5132161458333333 0.20182291666666674 0.13697916666666665
2 0.8044921875 0.6665002893518519 0.1264322916666667 0.07175925925925908
3 0.23430989583333334 0.3907190393518518 0.14928385416666667 0.09338107638888893
2 0.5882161458333333 0.8820384837962963 0.06966145833333348 0.037673611111111116
2 0.8278645833333333 0.59375 0.17024739583333348 0.13047598379629632
2 0.7829427083333333 0.7665943287037037 0.13606770833333348 0.084910300925926
2 0.5088541666666666 0.8156394675925926 0.10533854166666679 0.0619068287037039
2 0.74765625 0.8504050925925926 0.0757161458333333 0.05550491898148158