2 0.6125578703703703 0.5269892939814815 0.16901765046296302 0.13752893518518516
2 0.6918402777777778 0.3288990162037037 0.08904803240740744 0.07084780092592591
2 0.3404224537037037 0.36769386574074076 0.12275752314814814 0.07866753472222221
2 0.7162905092592593 0.5797019675925926 0.15899884259259256 0.17328559027777768
2 0.8109085648148149 0.37724247685185186 0.07859519675925908 0.07443576388888884
2 0.23885995370370372 0.47640335648148147 0.13953993055555558 0.09475549768518521
2 0.822193287037037 0.6352864583333333 0.14319299768518512 0.18353587962962958
2 0.5463686342592593 0.2940610532407407 0.08705873842592604 0.0571469907407407
2 0.922290943287037 0.6987413194444444 0.15541811342592604 0.1919560185185185
2 0.19274450231481483 0.4219835069444444 0.11982783564814814 0.0785807291666667
2 0.7496021412037037 0.3555700231481481 0.08904803240740744 0.07084780092592591
2 0.8692853009259259 0.3990017361111111 0.08680555555555558 0.09319299768518519
2 0.6393229166666667 0.28054108796296295 0.0683232060185186 0.041001157407407396
2 0.6399739583333334 0.3157552083333333 0.07881221064814814 0.051056134259259256
2 0.9223813657407407 0.4287471064814815 0.07946325231481488 0.08615451388888884
2 0.9716163917824074 0.45627893518518514 0.05676721643518512 0.09109519675925926
2 0.45970775462962965 0.7096426504629629 0.2933304398148149 0.25034722222222205
3 0.57421875 0.8021629050925926 0.15031828703703698 0.10871672453703707
2 0.28584346064814814 0.3311414930555555 0.07573784722222221 0.04901620370370363
2 0.6636646412037037 0.22599103009259258 0.04094328703703698 0.02654803240740744
3 0.28002025462962965 0.5299913194444446 0.08391203703703698 0.0541304976851853
2 0.7255497685185186 0.8104021990740742 0.18041087962962976 0.09401765046296306
2 0.06788917824074074 0.559765625 0.06184895833333334 0.12460937499999991
3 0.5886140046296297 0.309447337962963 0.03786892361111116 0.024508101851851816
2 0.4166304976851852 0.40556278935185186 0.10210503472222221 0.07610677083333339
2 0.6895616319444444 0.2849247685185185 0.04897280092592604 0.029709201388888884
2 0.7120225694444444 0.337109375 0.10369646990740744 0.0712818287037037
2 0.9994484230324074 0.47772714120370374 0.0011031539351851194 0.1084346064814814
3 0.32255497685185186 0.5757089120370371 0.0874204282407407 0.06202980324074092
2 0.8414351851851851 0.3929759837962963 0.11574074074074092 0.08917824074074066
2 0.6949146412037037 0.251490162037037 0.04116030092592604 0.02947771990740744
3 0.3671875 0.6497468171296297 0.1137876157407407 0.06281105324074066
3 0.9764268663194444 0.7299768518518519 0.04714626736111116 0.14089988425925926
3 0.3753616898148148 0.39014756944444445 0.07005931712962965 0.0644386574074074
3 0.17292390046296297 0.3922309027777778 0.06854021990740744 0.043930844907407396