2 0.8971426504629629 0.578515625 0.13347800925925934 0.1854817708333334
2 0.21947337962962965 0.5621093749999999 0.2021629050925926 0.14615885416666652
2 0.6524811921296296 0.42766927083333334 0.12631655092592586 0.0972005208333333
2 0.6990306712962964 0.33658854166666663 0.08990885416666661 0.07623697916666661
2 0.617310474537037 0.2970703125 0.08467881944444455 0.05247395833333335
2 0.4678674768518518 0.305078125 0.08953269675925934 0.05084635416666661
2 0.7371238425925926 0.2685546875 0.0630063657407407 0.03834635416666665
2 0.8006004050925926 0.5282552083333333 0.13004195601851842 0.15110677083333335
2 0.8414062499999999 0.31341145833333334 0.050470196759259345 0.04824218749999998
2 0.5053240740740741 0.3260416666666667 0.09158709490740735 0.057812500000000044
2 0.6029730902777778 0.38502604166666665 0.12319878472222223 0.08430989583333326
2 0.48564091435185186 0.2511067708333333 0.07384982638888893 0.0458984375
2 0.42853009259259256 0.28912760416666666 0.08172019675925934 0.050325520833333304
2 0.9556043836805556 0.6446614583333334 0.08879123263888888 0.1597656249999999
2 0.9706090856481482 0.39082031250000004 0.05249565972222214 0.053255208333333304
2 0.5526331018518518 0.35221354166666663 0.12104311342592577 0.07050781250000004
2 0.2056206597222222 0.4848307291666667 0.13698640046296295 0.09303385416666665
2 0.9064887152777777 0.28561197916666664 0.04252748842592591 0.038932291666666674
2 0.8688078703703703 0.4474609375 0.08514178240740744 0.08372395833333335
2 0.20589554398148147 0.37141927083333337 0.10432581018518516 0.06158854166666661
2 0.040234375 0.47239583333333335 0.06623987268518519 0.059049479166666696
3 0.2618344907407407 0.6501953125 0.13990162037037046 0.0922526041666667
2 0.1990234375 0.4354166666666667 0.12311197916666661 0.07845052083333337
2 0.7402922453703704 0.21848958333333332 0.028624131944444464 0.022395833333333337
2 0.32892795138888886 0.2302734375 0.057016782407407485 0.029166666666666674
2 0.19759114583333331 0.3387369791666667 0.08951822916666663 0.04986979166666661
2 0.05515046296296296 0.42350260416666663 0.07698206018518519 0.059765625000000044
2 0.19346064814814815 0.25787760416666666 0.053153935185185186 0.03183593750000002
2 0.031995081018518515 0.7740234374999999 0.04072627314814814 0.11490885416666652
2 0.06535734953703703 0.38665364583333334 0.08072916666666666 0.049283854166666696
2 0.0353443287037037 0.6701822916666667 0.04995659722222223 0.07942708333333326
2 0.4076750578703704 0.26705729166666664 0.08456307870370372 0.04466145833333335
2 0.38200954861111114 0.25019531250000004 0.0815610532407407 0.039583333333333304
2 0.9766059027777778 0.534765625 0.046788194444444375 0.13645833333333335
2 0.0392650462962963 0.5389322916666667 0.05881799768518518 0.08489583333333339
2 0.19442997685185187 0.32330729166666666 0.08177806712962965 0.054231770833333304
2 0.19505931712962962 0.2998046875 0.07281539351851851 0.04192708333333328
2 0.3583984375 0.2400390625 0.058036747685185186 0.03216145833333328
2 0.4156467013888889 0.27727864583333334 0.09151475694444444 0.052929687500000044
3 0.5674479166666666 0.296484375 0.03748553240740726 0.027864583333333304
3 0.6460937499999999 0.32643229166666665 0.05857204861111098 0.06829427083333339
3 0.5339988425925926 0.2820963541666667 0.03652343750000009 0.028776041666666696
3 0.5015118634259259 0.26666666666666666 0.0394820601851853 0.03092447916666663
3 0.03424479166666667 0.5959635416666667 0.05126591435185186 0.10195312500000009
3 0.19478443287037037 0.28125 0.05698784722222222 0.027213541666666674
3 0.9300636574074074 0.49127604166666666 0.09197771990740744 0.08417968749999993