2 0.158203125 0.5673828125 0.109375 0.107421875
2 0.5810546875 0.421875 0.083984375 0.083984375
2 0.7578125 0.482421875 0.1015625 0.115234375
2 0.251953125 0.6923828125 0.181640625 0.1640625
2 0.3408203125 0.359375 0.0908203125 0.072265625
2 0.845703125 0.5341796875 0.0908203125 0.1298828125
2 0.267578125 0.345703125 0.080078125 0.064453125
2 0.9296875 0.595703125 0.087890625 0.1279296875
2 0.1748046875 0.3251953125 0.064453125 0.048828125
3 0.4453125 0.4013671875 0.0439453125 0.029296875
3 0.509765625 0.4189453125 0.052734375 0.0341796875
3 0.365234375 0.7548828125 0.1064453125 0.083984375
3 0.669921875 0.466796875 0.064453125 0.0439453125
2 0.228515625 0.3408203125 0.0595703125 0.0517578125
3 0.4892578125 0.814453125 0.125 0.0888671875
3 0.3955078125 0.384765625 0.0341796875 0.0263671875
3 0.095703125 0.6455078125 0.0732421875 0.0576171875
2 0.1376953125 0.3203125 0.052734375 0.0419921875
2 0.03125 0.3701171875 0.0390625 0.0341796875
3 0.03125 0.712890625 0.0576171875 0.0546875
2 0.4111328125 0.193359375 0.0361328125 0.0185546875
3 0.1904296875 0.341796875 0.0263671875 0.0283203125
3 0.03125 0.435546875 0.0439453125 0.037109375
3 0.0498046875 0.4658203125 0.0546875 0.0517578125