2 0.4320023148148148 0.3305844907407407 0.14122540509259263 0.08626302083333326
2 0.809497974537037 0.6387803819444444 0.23256655092592604 0.15993923611111116
2 0.2635633680555556 0.5320818865740741 0.149363425925926 0.13049768518518512
2 0.48022280092592595 0.27900752314814814 0.10789930555555549 0.06843171296296302
2 0.3296730324074074 0.4378616898148148 0.15122251157407407 0.11787471064814814
2 0.18760127314814815 0.6383825231481481 0.144849537037037 0.18012152777777768
2 0.8570891203703703 0.5403645833333334 0.23072916666666665 0.17549189814814814
2 0.8016999421296296 0.7689163773148149 0.27469618055555545 0.18004918981481488
2 0.8191550925925926 0.38946759259259256 0.13059172453703694 0.10051359953703698
2 0.6205656828703704 0.18008535879629628 0.04916087962962967 0.04673032407407407
2 0.8158564814814815 0.3075810185185185 0.10993923611111112 0.08022280092592582
2 0.5292679398148148 0.24790219907407407 0.1049406828703705 0.06441695601851849
2 0.5717592592592593 0.17896412037037035 0.04916087962962967 0.04673032407407407
2 0.5239438657407407 0.17585358796296297 0.05204716435185186 0.04097945601851849
3 0.8274233217592593 0.45945457175925924 0.07546296296296306 0.03891782407407407
2 0.7092592592592593 0.20023148148148145 0.05993200231481488 0.05103443287037035
2 0.8044994212962963 0.2591869212962963 0.08428819444444446 0.04412615740740744
3 0.7999421296296296 0.3472222222222222 0.07638888888888884 0.03211805555555558
3 0.3974175347222222 0.38653790509259256 0.06577690972222228 0.0492983217592593
3 0.6653718171296297 0.19404658564814814 0.05309606481481488 0.05078125