2 0.5486183449074074 0.4518156828703703 0.16914785879629646 0.13694299768518525
2 0.6322410300925926 0.646433738425926 0.08958333333333335 0.07094907407407414
2 0.28019386574074073 0.6207320601851851 0.11780237268518523 0.06920572916666679
2 0.6511140046296295 0.3954137731481482 0.15221354166666679 0.16805555555555562
2 0.7501591435185185 0.593822337962963 0.07591145833333335 0.07084780092592613
2 0.17628761574074076 0.5160734953703704 0.1343388310185185 0.0868995949074074
2 0.7557146990740741 0.3360677083333333 0.1523003472222222 0.18855613425925932
2 0.4876374421296296 0.6865523726851852 0.08389033564814807 0.05528790509259274
2 0.8587673611111111 0.2689236111111111 0.16119068287037042 0.19057436342592593
2 0.1314091435185185 0.5720486111111112 0.11805555555555558 0.07408854166666679
2 0.6893735532407408 0.6177010995370371 0.08650173611111112 0.06799768518518512
2 0.8080150462962963 0.5699652777777777 0.07769820601851851 0.08648003472222232
2 0.5808304398148147 0.6966001157407407 0.06427228009259256 0.03464265046296289
2 0.5807002314814815 0.6614583333333333 0.07762586805555571 0.0474320023148147
2 0.8604166666666666 0.5383391203703703 0.07656973379629628 0.08354311342592591
2 0.9215060763888889 0.5086009837962964 0.07785011574074074 0.08940972222222232
2 0.3918185763888889 0.27531105324074073 0.2662254050925926 0.2206380208333334
3 0.5042028356481482 0.17881221064814815 0.14270833333333321 0.09769965277777776
2 0.22646122685185185 0.6592013888888889 0.07259114583333331 0.044466145833333304
2 0.6063657407407408 0.7501012731481481 0.04027777777777786 0.02372685185185186
3 0.21623263888888888 0.46111111111111114 0.08266059027777783 0.050397858796296324
2 0.6552517361111111 0.16500289351851852 0.17838541666666674 0.08917824074074077
2 0.015335648148148147 0.4392650462962963 0.030671296296296294 0.12243923611111118
3 0.5295138888888888 0.6696469907407407 0.03734809027777786 0.023705150462963065
2 0.3555121527777778 0.580150462962963 0.10376157407407405 0.08081597222222214
2 0.6309389467592592 0.6903718171296296 0.05142505787037033 0.03161892361111107
2 0.6522280092592592 0.6375 0.10217737268518512 0.06908998842592595
2 0.9598307291666667 0.48488859953703706 0.03481626157407414 0.10666232638888895
3 0.25772569444444443 0.4139467592592593 0.0859447337962963 0.05725549768518512
2 0.7803168402777778 0.5770037615740741 0.11383101851851851 0.08674768518518516
2 0.6370298032407407 0.7235170717592593 0.04042968750000009 0.02665653935185186
3 0.30068721064814813 0.3384620949074074 0.1103587962962963 0.05743634259259256
3 0.9268952546296296 0.23522858796296298 0.08238570601851847 0.13922887731481481
3 0.31461226851851853 0.5970486111111111 0.07385706018518512 0.0688802083333333
3 0.11226128472222222 0.6024522569444444 0.06657986111111114 0.04149305555555571