2 0.4082175925925926 0.5265480324074074 0.17503616898148144 0.14811197916666652
2 0.1998046875 0.38556134259259256 0.11124855324074073 0.08893952546296302
2 0.5198712384259259 0.44654224537037035 0.1558304398148147 0.10293692129629628
2 0.21634114583333336 0.6692708333333333 0.2114728009259259 0.18872974537037024
2 0.3891203703703704 0.3191550925925926 0.0839482060185186 0.05483217592592593
2 0.6705801504629629 0.5185185185185185 0.1527922453703705 0.11729600694444442
2 0.7477213541666667 0.40849247685185186 0.10819589120370354 0.07024016203703698
2 0.6077907986111111 0.6511863425925926 0.23760127314814827 0.17024739583333348
2 0.44215133101851856 0.30150462962962965 0.07555700231481488 0.04448784722222221
3 0.5313874421296296 0.7818648726851852 0.12520978009259265 0.09483506944444442
2 0.7139829282407407 0.4481698495370371 0.11542968750000004 0.0610532407407407
2 0.7031684027777778 0.48169849537037035 0.14490740740740726 0.08268229166666674
3 0.15290798611111112 0.4321108217592593 0.054072627314814825 0.04289641203703698
3 0.02982494212962963 0.5063657407407407 0.057291666666666664 0.04799623842592604
3 0.45947627314814815 0.4891493055555555 0.07584635416666663 0.04937065972222221
2 0.5826822916666667 0.39626736111111116 0.0893518518518519 0.0639829282407407
3 0.3310908564814815 0.6032262731481481 0.10015914351851851 0.08228443287037024
3 0.13231336805555555 0.7630931712962963 0.09361255787037037 0.08666087962962976
3 0.6417100694444444 0.5919053819444444 0.0893518518518519 0.06398292824074092
3 0.08987268518518518 0.4696180555555556 0.06303530092592591 0.04647714120370372
3 0.46045283564814815 0.8864655671296295 0.15167824074074077 0.06568287037037024
3 0.04313151041666667 0.8159360532407407 0.08626302083333334 0.0878544560185186
3 0.2616174768518519 0.38523582175925924 0.037521701388888884 0.02611400462962965
3 0.3560185185185185 0.3480902777777778 0.037521701388888884 0.02611400462962965
3 0.5418836805555556 0.42267071759259256 0.05360966435185199 0.03508391203703698
3 0.3134403935185185 0.37141927083333337 0.03798466435185177 0.03392650462962954
3 0.4842592592592593 0.30266203703703703 0.03833188657407405 0.03978587962962965