2 0.3188078703703704 0.5484157986111111 0.0902994791666667 0.09931278935185195
2 0.5913049768518519 0.47683738425925926 0.10551215277777759 0.13783275462962963
2 0.8103732638888889 0.4918402777777778 0.10099826388888888 0.0967013888888889
2 0.6850983796296296 0.4769892939814815 0.12701099537037042 0.13944589120370376
2 0.9004774305555555 0.5067563657407408 0.09706307870370368 0.09463252314814818
2 0.3432219328703704 0.6795862268518518 0.04147858796296289 0.03246527777777786
2 0.7823929398148148 0.5815755208333333 0.08912037037037024 0.08561197916666652
2 0.17665653935185185 0.515502025462963 0.12442853009259258 0.16279658564814814
3 0.4853153935185185 0.44480613425925924 0.08120659722222223 0.07854456018518519
2 0.5023003472222222 0.6680338541666666 0.04552951388888893 0.04234664351851869
2 0.3745298032407407 0.682566550925926 0.036624710648148096 0.034273726851851816
2 0.5912832754629629 0.6732132523148149 0.05342881944444455 0.04843749999999991
2 0.847923900462963 0.5864728009259259 0.069285300925926 0.06452546296296302
2 0.6944372106481482 0.6457320601851853 0.05831163194444455 0.04858217592592595
2 0.5574363425925926 0.6966869212962963 0.03464265046296289 0.0322627314814814
3 0.6043836805555556 0.568287037037037 0.05038339120370372 0.04053819444444429
2 0.5261574074074074 0.6956597222222223 0.03464265046296289 0.0322627314814814
3 0.5398148148148149 0.5623842592592593 0.05819589120370372 0.04076967592592595
2 0.2962311921296296 0.6731626157407407 0.04257089120370372 0.040306712962963065
3 0.38940972222222225 0.4339699074074074 0.08209635416666661 0.07271412037037028
3 0.6650028935185186 0.5713758680555556 0.04432146990740726 0.02669270833333348
3 0.46934317129629627 0.5537254050925926 0.05831163194444444 0.04858217592592595
2 0.45088975694444444 0.6930049189814815 0.039525462962963 0.03240740740740744
3 0.3017216435185185 0.4502459490740741 0.07337962962962963 0.07733651620370363
3 0.7245732060185185 0.5696108217592593 0.045413773148148096 0.03453414351851847
3 0.3969328703703704 0.5461009837962962 0.05545428240740735 0.05337818287037033
2 0.8977864583333333 0.5889033564814814 0.06127025462962976 0.05062210648148158
2 0.6326027199074074 0.692505787037037 0.03952546296296289 0.03240740740740744
2 0.9720558449074075 0.5133463541666667 0.05588831018518503 0.06136429398148158
3 0.2173900462962963 0.429296875 0.06351273148148145 0.07021122685185177
3 0.5461299189814814 0.6589192708333333 0.026627604166666652 0.018359374999999956
2 0.33098958333333334 0.7112123842592593 0.034555844907407374 0.0264033564814814
3 0.4601490162037037 0.6585358796296297 0.026671006944444464 0.021289062500000178
2 0.9454137731481481 0.5064019097222222 0.06846788194444442 0.07523871527777781
2 0.7389756944444446 0.6844690393518518 0.0336226851851853 0.02930410879629619
3 0.9553674768518519 0.12312644675925927 0.07588975694444455 0.049103009259259256
3 0.3300636574074074 0.6487123842592593 0.02961516203703707 0.02235243055555558
3 0.2677951388888889 0.5342954282407407 0.04557291666666663 0.04527633101851847
2 0.7786964699074075 0.6617983217592593 0.0443648726851853 0.02962239583333348
2 0.4851707175925926 0.698828125 0.036552372685185186 0.029390914351851816
2 0.8868344907407407 0.6410083912037037 0.06307870370370372 0.04091435185185199
2 0.4219256365740741 0.716333912037037 0.028696469907407485 0.026229745370370372
3 0.3671440972222222 0.6456597222222222 0.034555844907407485 0.0264033564814814
3 0.28499710648148147 0.6402777777777777 0.03959780092592591 0.03729021990740744
3 0.8458188657407408 0.6422236689814815 0.04245515046296289 0.032494212962963065
3 0.7366753472222223 0.6610894097222222 0.04144965277777768 0.030512152777777857
3 0.6242983217592593 0.6595341435185185 0.03652343750000009 0.027437789351851816