2 0.5020399305555555 0.7248697916666667 0.09856770833333339 0.06870659722222228
2 0.41336805555555556 0.694509548611111 0.10664062500000004 0.07491319444444455
2 0.6518880208333333 0.5456163194444444 0.18684895833333348 0.12526041666666665
2 0.8371961805555554 0.7133463541666667 0.04032118055555545 0.03005642361111116
2 0.08493923611111111 0.1583767361111111 0.1177951388888889 0.0627387152777778
2 0.7751736111111112 0.6998263888888889 0.058029513888888884 0.033767361111111116
2 0.19348958333333333 0.22582465277777777 0.18593749999999998 0.19246961805555557
2 0.5200954861111111 0.4066840277777778 0.22393663194444446 0.19220920138888897
3 0.5875 0.47523871527777783 0.10238715277777777 0.0669270833333333
2 0.7432942708333333 0.6025173611111112 0.09971788194444442 0.07265625000000009
3 0.4599392361111111 0.7034288194444445 0.04605034722222223 0.027387152777777812
2 0.7212456597222223 0.6142578125 0.13407118055555545 0.07808159722222219
3 0.35922309027777777 0.6578559027777777 0.05197482638888884 0.051041666666666874
3 0.08138020833333334 0.5026475694444444 0.056076388888888884 0.07753906250000009
3 0.019140625 0.45460069444444445 0.03828125 0.08216145833333333
3 0.3009114583333333 0.6268880208333334 0.05431857638888893 0.059917534722222054
3 0.5852430555555556 0.7461805555555556 0.026931423611111116 0.013867187499999822
3 0.5622395833333333 0.7353732638888889 0.03411458333333339 0.02198350694444451