2 0.6067057291666667 0.3890697337962963 0.10865885416666665 0.06327401620370376
2 0.6576171875000001 0.4206814236111111 0.11100260416666652 0.06914785879629626
2 0.7259114583333334 0.46413483796296295 0.1279296875 0.08879484953703698
2 0.3333333333333333 0.6662037037037036 0.2527994791666667 0.13169126157407396
2 0.3100260416666667 0.5069299768518518 0.1630208333333334 0.10271990740740744
2 0.5779947916666667 0.28051215277777775 0.04134114583333326 0.03446903935185186
2 0.28802083333333334 0.4550347222222222 0.13177083333333328 0.05856481481481479
2 0.7635416666666667 0.2965277777777778 0.04420572916666665 0.033514178240740766
2 0.49752604166666664 0.2740596064814815 0.04166666666666663 0.03935185185185186
2 0.5193359375 0.33766637731481486 0.07089843749999991 0.05323350694444451
2 0.8619791666666666 0.32361111111111107 0.03346354166666665 0.033434606481481444
2 0.654296875 0.28302951388888886 0.04459635416666674 0.039373553240740655
2 0.3646484375 0.24281684027777778 0.04550781249999991 0.02376302083333337
2 0.8015625 0.31047453703703703 0.03841145833333348 0.034447337962962954
2 0.746875 0.35399305555555555 0.06126302083333335 0.05511429398148149
2 0.5750651041666667 0.23656684027777777 0.029752604166666696 0.021694155092592593
2 0.5474609375 0.21781684027777776 0.024609375000000044 0.017751736111111138
2 0.8315755208333333 0.365357349537037 0.06087239583333348 0.04925491898148149
2 0.8311848958333333 0.31557436342592593 0.036588541666666696 0.03638599537037035
2 0.25006510416666666 0.39814091435185184 0.10624999999999996 0.04178240740740735
2 0.22552083333333334 0.3374421296296296 0.08040364583333337 0.03475839120370372
2 0.5138671875 0.2117115162037037 0.026562499999999822 0.017766203703703742
2 0.4685546875 0.2348017939814815 0.03489583333333335 0.025636574074074048
3 0.7748046875 0.5386791087962963 0.06575520833333326 0.04929108796296289
3 0.43268229166666666 0.7948061342592593 0.13313802083333337 0.07907262731481479
2 0.2654296875 0.4236328125 0.0942708333333333 0.052430555555555536
2 0.6849609375 0.24518952546296297 0.03294270833333335 0.025622106481481444
2 0.4052083333333333 0.22164351851851852 0.026432291666666607 0.015813078703703687
2 0.7197916666666666 0.28449074074074077 0.043098958333333215 0.031553819444444464
3 0.6126953125 0.2885778356481481 0.030533854166666652 0.01877170138888884
2 0.762109375 0.2604021990740741 0.037565104166666696 0.021752025462962954
2 0.7147135416666667 0.25224247685185186 0.03574218749999991 0.02369068287037035
2 0.24583333333333335 0.36394675925925923 0.09342447916666663 0.039735243055555536
2 0.634375 0.21846064814814814 0.024479166666666607 0.015798611111111138
3 0.8387369791666667 0.6045500578703704 0.08268229166666674 0.06893807870370372
3 0.46907552083333337 0.2865379050925926 0.03229166666666661 0.015856481481481444
2 0.23385416666666664 0.2574652777777778 0.03294270833333335 0.025622106481481444
2 0.26946614583333334 0.24992042824074073 0.03457031249999998 0.020753761574074048
3 0.35625 0.5853587962962963 0.10084635416666665 0.06321614583333335
2 0.29361979166666663 0.23155381944444445 0.022656250000000044 0.017737268518518534
3 0.7871744791666666 0.3728370949074074 0.03509114583333339 0.028566261574074048
3 0.428125 0.2872106481481481 0.029231770833333393 0.013881655092592649
3 0.5392578125 0.2851056134259259 0.029361979166666607 0.01583478009259265
2 0.5711588541666666 0.2072554976851852 0.019401041666666785 0.012832754629629628
2 0.6139973958333333 0.2202618634259259 0.021419270833333393 0.013823784722222232
2 0.3638020833333333 0.21548032407407408 0.024283854166666563 0.012868923611111138
2 0.8115234375 0.2695529513888889 0.04661458333333335 0.025723379629629672
2 0.7713541666666667 0.23802083333333335 0.027408854166666607 0.015820312500000044
2 0.42552083333333335 0.20422453703703702 0.024348958333333393 0.013845486111111138
2 0.7492838541666667 0.22907262731481481 0.021354166666666785 0.012847222222222232
3 0.6833333333333333 0.2939814814814815 0.02968750000000009 0.02071759259259265
3 0.9326822916666666 0.6813802083333333 0.08626302083333348 0.07872540509259252
3 0.9781575520833333 0.5802879050925926 0.04368489583333335 0.05515046296296289
3 0.9627604166666667 0.5322627314814814 0.059114583333333304 0.0375289351851853
3 0.9440104166666667 0.4852719907407408 0.03938802083333348 0.034454571759259256
3 0.9219401041666666 0.4470413773148148 0.04277343750000018 0.026671006944444464
3 0.5791666666666666 0.3420138888888889 0.054231770833333304 0.037492766203703676
3 0.6892578125 0.3535662615740741 0.054166666666666696 0.036516203703703676