2 0.818359375 0.7373046875 0.2080078125 0.1455078125
2 0.693359375 0.509765625 0.1845703125 0.109375
2 0.1484375 0.6328125 0.2080078125 0.119140625
2 0.7421875 0.625 0.169921875 0.1298828125
2 0.646484375 0.4296875 0.1826171875 0.083984375
2 0.6064453125 0.3671875 0.1435546875 0.0703125
2 0.119140625 0.7548828125 0.2216796875 0.109375
2 0.544921875 0.2861328125 0.115234375 0.044921875
2 0.5625 0.322265625 0.134765625 0.052734375
2 0.185546875 0.435546875 0.1357421875 0.0751953125
2 0.5048828125 0.259765625 0.1015625 0.044921875
2 0.4560546875 0.212890625 0.0908203125 0.0390625
2 0.1904296875 0.3798828125 0.142578125 0.068359375
2 0.2421875 0.267578125 0.0986328125 0.041015625
2 0.966796875 0.615234375 0.0654296875 0.142578125
2 0.171875 0.525390625 0.158203125 0.1123046875
2 0.2529296875 0.205078125 0.080078125 0.0419921875
2 0.150390625 0.853515625 0.248046875 0.041015625
3 0.216796875 0.328125 0.052734375 0.0263671875
3 0.2265625 0.2998046875 0.0498046875 0.0205078125
3 0.4560546875 0.2421875 0.044921875 0.0185546875