2 0.6262369791666667 0.5736328125000001 0.20188802083333335 0.10297309027777768
2 0.6052083333333333 0.3752170138888889 0.10605468749999991 0.06963975694444446
2 0.5432942708333333 0.3972439236111111 0.11249999999999982 0.07855902777777779
2 0.23404947916666669 0.5122612847222222 0.111328125 0.14874131944444446
2 0.4488932291666667 0.32688802083333335 0.08802083333333333 0.062413194444444375
2 0.34882812500000004 0.36171875 0.08001302083333339 0.05930989583333335
2 0.6819010416666667 0.35546875 0.10364583333333321 0.06276041666666665
2 0.15670572916666667 0.4344835069444445 0.07832031249999999 0.09242621527777772
2 0.7319661458333333 0.33122829861111114 0.0766927083333333 0.05338541666666674
2 0.7124999999999999 0.814453125 0.18958333333333321 0.15243055555555562
2 0.8770182291666666 0.5909071180555555 0.16080729166666652 0.15959201388888888
2 0.15677083333333333 0.5524739583333333 0.08404947916666666 0.13448350694444433
2 0.7975260416666666 0.7295572916666666 0.2006510416666667 0.20143229166666687
2 0.5555338541666667 0.30292968750000004 0.0874348958333333 0.053624131944444375
2 0.2982421875 0.2903862847222222 0.051236979166666696 0.03721788194444442
2 0.28294270833333335 0.3826822916666667 0.07239583333333333 0.06206597222222221
2 0.9412760416666667 0.45776909722222225 0.09075520833333339 0.07417534722222219
2 0.3260416666666667 0.47335069444444444 0.12220052083333333 0.12167968749999991
2 0.3554036458333333 0.27020399305555554 0.042773437499999956 0.027278645833333393
2 0.97080078125 0.3941189236111111 0.058398437499999956 0.03845486111111107
2 0.0642578125 0.42267795138888886 0.0697265625 0.06590711805555549
2 0.15572916666666667 0.3467013888888889 0.046223958333333315 0.03515625
2 0.9760416666666667 0.7994357638888889 0.04791666666666661 0.16896701388888902
2 0.28411458333333334 0.25399305555555557 0.030729166666666696 0.02213541666666663
2 0.9147135416666667 0.5273871527777778 0.10384114583333348 0.08031684027777786
2 0.10716145833333335 0.3641493055555556 0.046875 0.044921875
2 0.7783203125 0.32445746527777775 0.0703125 0.045442708333333304
2 0.9436360677083333 0.8640190972222221 0.11272786458333339 0.06308593749999991
3 0.4036458333333333 0.35026041666666663 0.04843750000000002 0.024479166666666607
3 0.9597005208333333 0.4269748263888889 0.05169270833333339 0.029427083333333326
2 0.8114583333333334 0.32421875 0.06022135416666652 0.040342881944444464
3 0.3294270833333333 0.29010416666666666 0.03248697916666665 0.019249131944444442
3 0.829296875 0.6503038194444444 0.09596354166666687 0.06453993055555562
2 0.316796875 0.21766493055555558 0.024348958333333393 0.014192708333333304
2 0.6347005208333334 0.3056640625 0.042447916666666696 0.02239583333333328
3 0.4912760416666667 0.4214409722222222 0.047395833333333304 0.09661458333333339
3 0.4110677083333333 0.46158854166666663 0.055468749999999956 0.10069444444444442
3 0.5573567708333333 0.8422092013888889 0.1279296875 0.09060329861111116
3 0.6483072916666667 0.3634982638888889 0.05559895833333339 0.05876736111111114
3 0.5111979166666667 0.32534722222222223 0.052734375 0.045052083333333326
3 0.4021484375 0.2692925347222222 0.05149739583333335 0.026497395833333326
3 0.4513671875 0.2616102430555556 0.038216145833333326 0.03205295138888886
3 0.3767578125 0.2394748263888889 0.03834635416666665 0.019379340277777768