2 0.4033203125 0.3251953125 0.0888671875 0.109375
2 0.2705078125 0.2734375 0.046875 0.046875
2 0.2265625 0.28125 0.046875 0.048828125
2 0.5126953125 0.3359375 0.103515625 0.107421875
2 0.8564453125 0.734375 0.2060546875 0.197265625
2 0.1640625 0.4873046875 0.138671875 0.111328125
2 0.6796875 0.703125 0.2578125 0.212890625
2 0.326171875 0.564453125 0.255859375 0.162109375
2 0.173828125 0.318359375 0.064453125 0.0673828125
2 0.8984375 0.3779296875 0.1171875 0.1015625
2 0.0859375 0.451171875 0.1298828125 0.1044921875
2 0.5517578125 0.150390625 0.0810546875 0.044921875
3 0.224609375 0.3359375 0.037109375 0.0341796875
2 0.6328125 0.1748046875 0.0576171875 0.0283203125
3 0.328125 0.34375 0.048828125 0.046875
3 0.869140625 0.3095703125 0.0390625 0.0234375
2 0.123046875 0.3232421875 0.037109375 0.041015625
3 0.5439453125 0.3095703125 0.0361328125 0.0263671875
3 0.810546875 0.294921875 0.0439453125 0.025390625
3 0.916015625 0.326171875 0.0341796875 0.025390625
3 0.703125 0.263671875 0.044921875 0.0234375
3 0.6455078125 0.25 0.0390625 0.0185546875
3 0.634765625 0.388671875 0.0654296875 0.044921875
3 0.755859375 0.279296875 0.0439453125 0.0234375
3 0.2685546875 0.34375 0.041015625 0.041015625
3 0.3173828125 0.2861328125 0.0361328125 0.0234375
3 0.734375 0.40625 0.052734375 0.0390625
2 0.025390625 0.427734375 0.0498046875 0.0810546875
2 0.0908203125 0.3154296875 0.052734375 0.041015625
3 0.634765625 0.3173828125 0.0390625 0.0234375
3 0.828125 0.4326171875 0.0595703125 0.048828125
3 0.271484375 0.3330078125 0.0390625 0.0361328125
2 0.1611328125 0.2470703125 0.0361328125 0.0263671875
3 0.5908203125 0.240234375 0.033203125 0.0185546875
2 0.1484375 0.3173828125 0.044921875 0.044921875
3 0.5341796875 0.6455078125 0.134765625 0.0986328125
3 0.248046875 0.5361328125 0.078125 0.083984375
3 0.7138671875 0.3359375 0.048828125 0.0361328125
3 0.7939453125 0.3544921875 0.0390625 0.0234375
3 0.90625 0.453125 0.052734375 0.0439453125
3 0.5439453125 0.236328125 0.0283203125 0.0263671875
3 0.4970703125 0.2314453125 0.029296875 0.0205078125
3 0.4453125 0.2314453125 0.025390625 0.0205078125