2 0.6450086805555555 0.3690972222222222 0.24535590277777786 0.21712962962962967
2 0.7479383680555556 0.5480541087962962 0.15596788194444455 0.11248553240740744
2 0.46256510416666663 0.648191550925926 0.10922309027777777 0.0688078703703705
3 0.45950520833333336 0.16076388888888887 0.15796440972222225 0.11357783564814816
3 0.7190538194444445 0.4929759837962963 0.09032118055555549 0.05989583333333337
3 0.5544053819444444 0.24717881944444448 0.14327256944444455 0.11173321759259258
3 0.302734375 0.6429759837962963 0.052929687500000044 0.029434317129629628
3 0.32473958333333336 0.5652994791666667 0.08020833333333333 0.05150462962962954
3 0.9072048611111111 0.36433015046296297 0.07762586805555549 0.05914351851851851
3 0.9198784722222222 0.42918113425925924 0.054058159722222054 0.05482494212962963
3 0.8851779513888889 0.2873046875 0.08090277777777777 0.06712962962962965
3 0.8607204861111111 0.1996527777777778 0.08500434027777759 0.09367042824074079
3 0.7961371527777777 0.11242042824074074 0.10957031250000004 0.07662037037037037
3 0.07057291666666667 0.35418113425925923 0.07951388888888888 0.07970920138888893
3 0.12834201388888888 0.4202763310185185 0.07636718749999999 0.07465277777777779
3 0.20273437500000002 0.4638454861111111 0.09149305555555554 0.08626302083333326
3 0.27152777777777776 0.5136212384259259 0.09155815972222225 0.06581307870370368
3 0.14986979166666667 0.5521629050925926 0.07042100694444442 0.07235243055555562
3 0.20425347222222223 0.5861472800925926 0.05894097222222222 0.05511429398148149
3 0.2544270833333333 0.613527199074074 0.059917534722222276 0.055172164351851904
3 0.39177517361111114 0.5975549768518518 0.07052951388888884 0.05287905092592604
3 0.911306423611111 0.4786458333333333 0.048697916666666785 0.04379340277777777
3 0.7869791666666667 0.6113425925925926 0.05961371527777781 0.048336226851851904
3 0.5524522569444444 0.6879050925925926 0.04351128472222232 0.03666811342592591
3 0.09798177083333334 0.5082392939814815 0.06269531249999999 0.07384259259259252
3 0.04244791666666667 0.47040653935185184 0.04388020833333334 0.06688368055555549