2 0.3213975694444444 0.45568576388888893 0.1518012152777778 0.14572482638888884
2 0.39872685185185186 0.4880642361111111 0.16377314814814814 0.15273437499999998
2 0.41012008101851855 0.24227430555555557 0.07729311342592593 0.05775462962962963
2 0.14825665509259262 0.5507233796296296 0.1474971064814815 0.13492476851851842
2 0.5065104166666666 0.5521267361111111 0.18135127314814814 0.17934751157407414
2 0.544017650462963 0.2735387731481481 0.10221354166666652 0.07178819444444451
2 0.6166449652777778 0.28437500000000004 0.1127748842592593 0.09341724537037033
2 0.6758174189814815 0.19545717592592593 0.0483217592592593 0.03975694444444444
2 0.6855830439814814 0.3010127314814815 0.0976924189814814 0.10783420138888888
2 0.4523292824074074 0.24875578703703705 0.07700376157407407 0.04994212962962963
2 0.510814525462963 0.22034143518518517 0.06904658564814814 0.045920138888888906
2 0.26338252314814814 0.23326822916666667 0.078125 0.05386284722222223
2 0.7101779513888888 0.20084635416666669 0.04253472222222232 0.04162326388888893
2 0.36505353009259256 0.2377025462962963 0.06423611111111116 0.04780092592592594
2 0.12962962962962962 0.3376736111111111 0.07458043981481483 0.06357060185185182
2 0.26515480324074076 0.4128833912037037 0.14478443287037035 0.11438802083333333
2 0.19082754629629628 0.38250144675925923 0.11480034722222221 0.09539930555555554
2 0.7555700231481481 0.21420717592592592 0.05143229166666674 0.044683159722222254
2 0.46827980324074076 0.2050708912037037 0.05899160879629628 0.037962962962962976
3 0.6378761574074074 0.19879918981481481 0.02907986111111116 0.020927372685185186
3 0.5957392939814815 0.19427083333333334 0.02907986111111116 0.020927372685185186
3 0.23857060185185186 0.6965133101851853 0.0825014467592593 0.06661603009259265
3 0.2001953125 0.6090784143518518 0.06441695601851849 0.052683738425926
2 0.06018518518518519 0.41277488425925923 0.08875868055555555 0.07744502314814805
3 0.49714265046296297 0.2728443287037037 0.04029224537037035 0.03378182870370372
3 0.10738570601851852 0.501316550925926 0.05635127314814814 0.045732060185185164
3 0.1714409722222222 0.359765625 0.06206597222222221 0.04191261574074079
2 0.5944010416666667 0.23719618055555555 0.06412760416666652 0.04487123842592594
3 0.31770833333333337 0.7777199074074074 0.09508825231481488 0.09022714120370368
3 0.08058449074074074 0.4365017361111111 0.04557291666666666 0.04459635416666674
3 0.09024160879629631 0.4600694444444444 0.035915798611111105 0.0473813657407407
3 0.3230251736111111 0.2361038773148148 0.04824942129629628 0.03780381944444444
3 0.5219907407407407 0.1795138888888889 0.05280671296296302 0.029087094907407407