2 0.8125 0.47474681712962963 0.125 0.12659866898148153
2 0.529296875 0.7042028356481482 0.0908203125 0.05939670138888875
2 0.5732421875 0.6762080439814815 0.1044921875 0.06205873842592591
2 0.53125 0.8224681712962962 0.044921875 0.028696469907407263
2 0.2314453125 0.7327039930555556 0.064453125 0.040451388888888884
3 0.6611328125 0.5831090856481482 0.087890625 0.05436197916666652
3 0.3154296875 0.42260561342592595 0.1171875 0.07931857638888884
3 0.3359375 0.30648148148148147 0.142578125 0.09528356481481481
2 0.4267578125 0.8395109953703703 0.029296875 0.015190972222222321
3 0.6123046875 0.6333116319444445 0.0546875 0.036038773148148184
3 0.099609375 0.19559461805555556 0.130859375 0.07709780092592594
3 0.275390625 0.4888888888888889 0.072265625 0.045739293981481466
3 0.087890625 0.30924479166666663 0.1220703125 0.0766420717592593
3 0.7158203125 0.5214916087962963 0.109375 0.07012442129629637
3 0.890625 0.39481336805555556 0.1201171875 0.08142361111111107
3 0.9541015625 0.3043547453703704 0.091796875 0.09265046296296298
3 0.4189453125 0.19066840277777777 0.1748046875 0.11062644675925926
3 0.109375 0.4119212962962963 0.0703125 0.08665364583333335
3 0.1142578125 0.47174479166666666 0.072265625 0.044762731481481466
3 0.265625 0.5450231481481481 0.0732421875 0.05555555555555558
3 0.2548828125 0.5893880208333333 0.0625 0.040350115740740655
3 0.1142578125 0.5322916666666666 0.060546875 0.04806134259259265
3 0.1357421875 0.5724681712962962 0.0498046875 0.038715277777777946
3 0.2548828125 0.6225911458333333 0.048828125 0.02889901620370372
3 0.2548828125 0.6538411458333333 0.046875 0.023914930555555713
3 0.1455078125 0.606177662037037 0.0361328125 0.02531105324074079
3 0.1455078125 0.630591724537037 0.03125 0.022128182870370328
3 0.2392578125 0.6706090856481481 0.0419921875 0.030497685185185253
3 0.154296875 0.6486255787037036 0.025390625 0.014988425925925863
3 0.15625 0.6672815393518519 0.0283203125 0.015140335648148096
3 0.240234375 0.6843315972222223 0.033203125 0.023206018518518556
3 0.2373046875 0.7095703124999999 0.0439453125 0.01790364583333348
3 0.1689453125 0.6835648148148148 0.0205078125 0.008875868055555625
3 0.1689453125 0.6982132523148148 0.025390625 0.009129050925925863