2 0.4600911458333333 0.6484013310185186 0.2065755208333333 0.2021846064814814
2 0.6098958333333333 0.5184100115740741 0.13370225694444438 0.13935908564814814
2 0.6979817708333333 0.5866608796296297 0.11864149305555549 0.1508969907407407
2 0.4511284722222222 0.4312065972222222 0.12632378472222228 0.10474537037037046
2 0.3173394097222222 0.5094762731481481 0.15156250000000004 0.12510850694444442
2 0.5523654513888889 0.7326388888888888 0.19212239583333335 0.22739438657407396
2 0.14299045138888888 0.7287688078703703 0.16493055555555558 0.25068721064814814
2 0.5329210069444444 0.46469907407407407 0.13663194444444438 0.13957609953703698
2 0.3462673611111111 0.3656322337962963 0.0907986111111111 0.07194010416666674
2 0.5518880208333333 0.3465711805555556 0.09661458333333339 0.07139756944444442
2 0.17782118055555557 0.36393229166666663 0.08029513888888884 0.05461516203703698
3 0.37955729166666663 0.5865885416666667 0.0951822916666667 0.0829716435185186
2 0.29637586805555555 0.3198061342592593 0.08077256944444444 0.06535734953703698
2 0.31707899305555554 0.3389756944444444 0.07532552083333333 0.05230034722222232
2 0.25460069444444444 0.31181278935185186 0.05690104166666665 0.05385561342592593
3 0.37701822916666666 0.40122251157407407 0.046310763888888884 0.03457754629629628
2 0.0036675347222222213 0.5264756944444444 0.007335069444444443 0.06467013888888884
2 0.26041666666666663 0.4454933449074074 0.1450086805555555 0.10904947916666663
2 0.23014322916666666 0.39916087962962965 0.10944010416666666 0.07526765046296302
3 0.19401041666666666 0.396484375 0.05859375 0.04814091435185186
2 0.6600477430555556 0.20565682870370372 0.15644531250000004 0.08166956018518523
3 0.13930121527777778 0.3267867476851852 0.03739149305555556 0.03099681712962965
3 0.6854166666666667 0.8032407407407407 0.1245442708333333 0.10850694444444464