2 0.4129557291666667 0.3192201967592593 0.09210792824074077 0.11069155092592586
2 0.27860966435185186 0.2694299768518518 0.048263888888888884 0.04756944444444444
2 0.23489583333333333 0.2778935185185185 0.048321759259259245 0.04952256944444444
2 0.5226490162037036 0.3283420138888889 0.10669849537037024 0.10895543981481481
2 0.8782045717592593 0.7216869212962963 0.2118995949074074 0.20031828703703702
2 0.1785011574074074 0.48487413194444445 0.14197048611111113 0.11338252314814812
2 0.7005208333333333 0.6930555555555555 0.2641203703703705 0.21671006944444438
2 0.342896412037037 0.559620949074074 0.2606626157407408 0.16589988425925917
2 0.18326099537037038 0.3157841435185185 0.06644965277777781 0.0683376736111111
2 0.9096354166666667 0.36461950231481477 0.12019675925925921 0.10329861111111116
2 0.09930555555555555 0.44989872685185184 0.1329788773148148 0.10641637731481479
2 0.5562138310185185 0.14221643518518517 0.08238570601851847 0.0461226851851852
3 0.2345630787037037 0.3326099537037037 0.03812210648148151 0.03472945601851851
2 0.6379918981481482 0.1654296875 0.05845630787037037 0.029173900462962976
3 0.3383101851851852 0.3388888888888889 0.050217013888888884 0.04759837962962965
3 0.8783130787037037 0.29669415509259256 0.03975694444444455 0.02401620370370372
2 0.1326244212962963 0.3214192708333333 0.038324652777777746 0.04156539351851851
3 0.5531177662037037 0.30151186342592595 0.036914062499999956 0.026902488425925908
3 0.819285300925926 0.28291377314814814 0.04469762731481497 0.02604166666666674
3 0.9256799768518518 0.3126012731481481 0.03493200231481497 0.0258969907407407
3 0.7109375 0.25325520833333337 0.04561631944444455 0.024103009259259345
3 0.6529152199074074 0.2404369212962963 0.03961226851851851 0.01913339120370372
3 0.6462818287037038 0.3792679398148148 0.06676070601851869 0.0458912037037037
3 0.7641348379629629 0.2680989583333333 0.04463975694444455 0.02408854166666674
3 0.2787398726851852 0.33977141203703703 0.042230902777777746 0.04162326388888893
3 0.32586082175925923 0.28143084490740744 0.03682725694444444 0.023972800925925908
3 0.7464120370370371 0.39537037037037037 0.05389178240740744 0.039843749999999956
2 0.03806423611111111 0.4273582175925926 0.052206307870370366 0.08179253472222214
2 0.10016637731481481 0.31408420138888893 0.0539496527777778 0.041796874999999956
3 0.6441695601851851 0.3079788773148148 0.03975694444444455 0.02401620370370372
3 0.840943287037037 0.4203486689814815 0.0610170717592593 0.049710648148148184
3 0.2813512731481481 0.3289858217592593 0.040133101851851816 0.03671151620370372
2 0.16845341435185185 0.2446831597222222 0.03691406250000001 0.026902488425925908
3 0.5979383680555556 0.23148148148148148 0.03375289351851851 0.01904658564814815
2 0.15784143518518517 0.31518373842592595 0.04625289351851852 0.045587384259259345
3 0.5533058449074074 0.6375940393518519 0.1376880787037036 0.10062934027777781
3 0.26393229166666665 0.5324580439814814 0.08061342592592591 0.08514178240740744
3 0.7238208912037036 0.32536168981481484 0.049898726851851816 0.03685619212962954
3 0.8044487847222221 0.3427300347222222 0.03975694444444455 0.02401620370370372
3 0.919675925925926 0.43969907407407405 0.05403645833333348 0.044726562499999956
3 0.5509476273148148 0.22826967592592592 0.029101562499999956 0.026786747685185186
3 0.5039279513888889 0.22408130787037037 0.02990451388888893 0.02094184027777779
3 0.4521701388888889 0.2248480902777778 0.02599826388888893 0.020883969907407374