2 0.21276041666666667 0.646484375 0.13457031249999996 0.099609375
2 0.7746744791666667 0.40625 0.232421875 0.1611328125
2 0.6615234375 0.6533203125 0.12675781249999996 0.0703125
2 0.45045572916666665 0.3623046875 0.27571614583333326 0.224609375
2 0.21354166666666669 0.7080078125 0.07656249999999998 0.0498046875
2 0.15833333333333333 0.5986328125 0.09654947916666667 0.0859375
2 0.8022786458333333 0.548828125 0.1367838541666666 0.103515625
2 0.2615885416666667 0.2216796875 0.25026041666666665 0.208984375
2 0.678515625 0.2080078125 0.2465494791666667 0.1533203125
2 0.2587890625 0.732421875 0.07063802083333337 0.048828125
2 0.38398437500000004 0.7294921875 0.09772135416666661 0.0595703125
2 0.7984374999999999 0.6064453125 0.1255859374999999 0.052734375
2 0.02902018229166667 0.59375 0.05804036458333334 0.072265625
2 0.3014322916666667 0.751953125 0.06529947916666667 0.0419921875
3 0.564453125 0.5126953125 0.08684895833333339 0.0576171875
2 0.8194010416666666 0.6875 0.09466145833333339 0.0576171875
2 0.3411458333333333 0.771484375 0.0712890625 0.0439453125
2 0.0541015625 0.521484375 0.07154947916666667 0.091796875
2 0.0607421875 0.7001953125 0.055078125000000006 0.0498046875
2 0.11477864583333333 0.6513671875 0.07102864583333335 0.0546875
2 0.7365234375 0.744140625 0.07597656250000018 0.041015625
3 0.6944661458333333 0.3203125 0.1123046875 0.0732421875
3 0.5071614583333333 0.4345703125 0.10292968750000009 0.064453125
2 0.5196614583333333 0.7890625 0.08378906249999996 0.041015625
2 0.005598958333333334 0.548828125 0.011197916666666669 0.0859375
2 0.40325520833333334 0.7919921875 0.0669270833333333 0.037109375
2 0.6970052083333333 0.7216796875 0.08893229166666661 0.044921875
2 0.20638020833333334 0.771484375 0.03789062500000001 0.0263671875
3 0.6078125000000001 0.5654296875 0.07356770833333348 0.048828125
3 0.7643880208333333 0.4873046875 0.0703125 0.0439453125
2 0.09563802083333334 0.71875 0.05227864583333336 0.037109375
2 0.017399088541666666 0.666015625 0.03479817708333333 0.046875
2 0.6857421875 0.685546875 0.09726562499999991 0.052734375
3 0.6289713541666666 0.6142578125 0.057161458333333304 0.037109375
3 0.2710286458333333 0.666015625 0.041015625 0.029296875
2 0.26503906250000003 0.7998046875 0.043098958333333326 0.03125
3 0.020703125000000003 0.466796875 0.041406250000000006 0.0517578125
3 0.32916666666666666 0.6875 0.05201822916666665 0.033203125
2 0.3485026041666667 0.822265625 0.034635416666666696 0.021484375
2 0.40013020833333335 0.8388671875 0.042447916666666696 0.021484375
2 0.23450520833333333 0.7890625 0.04615885416666665 0.033203125
2 0.5151041666666667 0.828125 0.04843749999999991 0.0234375
2 0.29583333333333334 0.806640625 0.0439453125 0.029296875
3 0.437109375 0.7529296875 0.03847656250000009 0.0205078125
3 0.4725260416666667 0.763671875 0.035611979166666696 0.021484375
2 0.3692708333333333 0.8330078125 0.03782552083333335 0.025390625
2 0.32063802083333337 0.8154296875 0.04075520833333335 0.025390625
3 0.1484375 0.1611328125 0.1064453125 0.0732421875
3 0.498046875 0.7763671875 0.027278645833333393 0.0283203125
3 0.7953776041666667 0.6376953125 0.051953125000000044 0.046875
3 0.8046875 0.6591796875 0.043749999999999956 0.041015625
3 0.1740234375 0.744140625 0.04368489583333335 0.025390625