2 0.24956597222222224 0.47532552083333335 0.11488715277777778 0.08090277777777777
2 0.8084852430555556 0.5526837384259259 0.1713541666666667 0.16527777777777786
3 0.5105685763888889 0.5270471643518518 0.08383246527777777 0.06310040509259252
3 0.6018229166666667 0.5374855324074075 0.09114583333333326 0.07389322916666652
2 0.41909722222222223 0.33600260416666666 0.051193576388888884 0.03161892361111107
3 0.6904079861111112 0.553761574074074 0.08621961805555545 0.07288049768518512
3 0.4270833333333333 0.5156901041666666 0.07575954861111112 0.05718315972222232
3 0.6070746527777777 0.4359953703703704 0.061219618055555536 0.03755063657407409
3 0.6123914930555556 0.35793547453703706 0.04001736111111098 0.02177372685185186
3 0.4890407986111111 0.3501880787037037 0.03389756944444444 0.015870949074074048
3 0.24852430555555557 0.847265625 0.11028645833333334 0.06524884259259256
3 0.36011284722222225 0.5025028935185185 0.058246527777777724 0.0365523726851853
3 0.48248697916666666 0.4223813657407407 0.05008680555555556 0.02868200231481488
2 0.9453559027777778 0.4033564814814815 0.05447048611111116 0.03945312500000009
3 0.5444878472222222 0.4335792824074074 0.05403645833333326 0.029687499999999978
3 0.42766927083333334 0.4190465856481481 0.05305989583333337 0.029680266203703676
3 0.5672960069444444 0.35369646990740744 0.04290364583333339 0.020818865740740655
3 0.33068576388888893 0.4114945023148148 0.03815104166666661 0.023712384259259256
3 0.15023871527777777 0.8104166666666667 0.08897569444444442 0.06899594907407414
3 0.3853949652777778 0.34649160879629626 0.027061631944444442 0.015820312500000044
3 0.44993489583333335 0.34892216435185186 0.03185763888888893 0.013903356481481444
3 0.7325954861111111 0.4486400462962963 0.05837673611111116 0.039482060185185186
3 0.5311197916666667 0.35245225694444443 0.03988715277777777 0.01884403935185186
3 0.6676649305555555 0.43742042824074073 0.05837673611111116 0.039482060185185186
3 0.07623697916666666 0.7708188657407408 0.07929687499999999 0.07087673611111112
3 0.3562282986111111 0.3492042824074074 0.02697482638888893 0.013867187500000044
3 0.37298177083333334 0.41864149305555554 0.04290364583333328 0.020818865740740655
3 0.28394097222222225 0.4140769675925926 0.04010416666666661 0.02372685185185186
3 0.6141927083333334 0.3325665509259259 0.03691406250000018 0.017845775462962954
3 0.2910373263888889 0.5078486689814815 0.05201822916666665 0.05017361111111107
3 0.3922526041666667 0.8522352430555555 0.1415798611111111 0.066456886574074
3 0.18780381944444446 0.49146412037037035 0.04644097222222221 0.03451244212962967
3 0.16202256944444443 0.48248697916666666 0.04032118055555556 0.02860966435185186
3 0.13326822916666667 0.47251157407407407 0.03194444444444444 0.015856481481481444
3 0.24958767361111112 0.40991753472222225 0.035568576388888884 0.03150318287037046
3 0.6506076388888888 0.36114728009259256 0.04231770833333348 0.029600694444444464
3 0.6877604166666667 0.3623987268518518 0.04639756944444451 0.03353587962962967