2 0.5486183449074074 0.4814887152777778 0.16914785879629646 0.14294704861111107
2 0.6322410300925926 0.6809678819444445 0.08958333333333335 0.07413194444444438
2 0.28019386574074073 0.6369357638888888 0.11780237268518523 0.07343749999999982
2 0.6511140046296295 0.4302517361111111 0.15221354166666679 0.1733723958333333
2 0.7501591435185185 0.6343315972222223 0.07591145833333335 0.07352430555555545
2 0.17628761574074076 0.5266059027777779 0.1343388310185185 0.09171006944444438
2 0.7557146990740741 0.37617187500000004 0.1523003472222222 0.1938368055555555
2 0.4876374421296296 0.7136935763888889 0.08389033564814807 0.058289930555555536
2 0.8587673611111111 0.31419270833333335 0.16119068287037042 0.19618055555555558
2 0.1314091435185185 0.5804036458333333 0.11805555555555558 0.07832031249999982
2 0.6893735532407408 0.6551215277777778 0.08650173611111112 0.07107204861111116
2 0.8080150462962963 0.6134114583333333 0.07769820601851851 0.08919270833333326
2 0.5808304398148147 0.7286024305555555 0.06427228009259256 0.03695746527777777
2 0.5807002314814815 0.693359375 0.07762586805555571 0.050217013888888884
2 0.8604166666666666 0.5844184027777777 0.07656973379629628 0.08621961805555545
2 0.9215060763888889 0.5577690972222222 0.07785011574074074 0.09212239583333326
2 0.3918185763888889 0.29637586805555555 0.2662254050925926 0.23007812500000002
3 0.5042028356481482 0.20544704861111113 0.14270833333333321 0.10279947916666665
2 0.22646122685185185 0.6727213541666667 0.07259114583333331 0.047070312500000044
2 0.6063657407407408 0.7835720486111111 0.04027777777777786 0.02517361111111116
3 0.21623263888888888 0.47356770833333334 0.08266059027777783 0.053363715277777835
2 0.6552517361111111 0.1994357638888889 0.17838541666666674 0.09561631944444443
2 0.015335648148148147 0.44058159722222223 0.030671296296296294 0.12428385416666665
3 0.5295138888888888 0.6989149305555555 0.03734809027777786 0.025043402777777724
2 0.3555121527777778 0.6001519097222222 0.10376157407407405 0.0845052083333333
2 0.6309389467592592 0.7249565972222223 0.05142505787037033 0.033463541666666874
2 0.6522280092592592 0.673046875 0.10217737268518512 0.07274305555555571
2 0.9598307291666667 0.5359809027777778 0.03481626157407414 0.10774739583333326
3 0.25772569444444443 0.42842881944444444 0.0859447337962963 0.06032986111111116
2 0.7803168402777778 0.6190321180555556 0.11383101851851851 0.09079861111111098
2 0.6370298032407407 0.7585069444444444 0.04042968750000009 0.02810329861111116
3 0.30068721064814813 0.35496961805555555 0.1103587962962963 0.06141493055555558
3 0.9268952546296296 0.28394097222222225 0.08238570601851847 0.14201388888888888
3 0.31461226851851853 0.6149739583333333 0.07385706018518512 0.07148437500000004
3 0.11226128472222222 0.6098958333333333 0.06657986111111114 0.04388020833333339