2 0.5668041087962963 0.4105902777777778 0.10680700231481488 0.06714409722222214
2 0.6144748263888888 0.4440104166666667 0.10897714120370372 0.07309027777777777
2 0.6783130787037037 0.4898871527777778 0.12532552083333348 0.09331597222222221
2 0.26446759259259256 0.6769097222222222 0.24895109953703698 0.14073350694444442
2 0.25766782407407407 0.5171657986111111 0.16001157407407407 0.10850694444444442
2 0.5493344907407407 0.3012369791666667 0.04032841435185186 0.03591579861111116
2 0.2410300925925926 0.46458333333333335 0.13006365740740738 0.06330295138888897
2 0.7333622685185186 0.3240885416666667 0.04322193287037024 0.035069444444444375
2 0.46947337962962965 0.29181857638888886 0.0405092592592593 0.04079861111111116
2 0.48470052083333337 0.35607638888888893 0.0693359375 0.05572916666666661
2 0.8290653935185186 0.35475260416666665 0.03247974537037024 0.034592013888888884
2 0.6254340277777778 0.30657552083333334 0.0434389467592593 0.040928819444444486
2 0.3397352430555556 0.2557291666666667 0.04481336805555558 0.025390625
2 0.7699652777777778 0.3394097222222222 0.03739872685185186 0.035785590277777724
2 0.7107204861111112 0.38079427083333334 0.0596426504629628 0.05724826388888893
2 0.5509620949074074 0.25729166666666664 0.02911603009259256 0.022743055555555558
2 0.5252821180555556 0.23756510416666668 0.02408854166666652 0.018619791666666663
2 0.7943070023148149 0.39526909722222225 0.05942563657407396 0.05138888888888893
2 0.7990813078703703 0.3455946180555556 0.03551793981481488 0.03765190972222232
2 0.20894820601851855 0.40642361111111114 0.10503472222222221 0.04561631944444455
2 0.19068287037037038 0.34496527777777775 0.07939091435185186 0.03765190972222232
2 0.4922960069444444 0.23023003472222223 0.02604166666666674 0.018706597222222232
2 0.4445529513888889 0.25158420138888893 0.03414351851851849 0.02686631944444451
3 0.7195095486111112 0.5660590277777777 0.06430844907407396 0.05160590277777777
3 0.3505497685185185 0.8088758680555556 0.1308232060185186 0.08381076388888897
2 0.2216796875 0.432421875 0.09273726851851849 0.055794270833333326
2 0.6600477430555556 0.2699652777777778 0.0321903935185186 0.026779513888888884
2 0.38252314814814814 0.2361111111111111 0.02596932870370372 0.016753472222222232
2 0.6908275462962963 0.31046006944444443 0.04217303240740744 0.033072916666666674
3 0.5832248263888888 0.3105685763888889 0.02998408564814814 0.01985677083333326
2 0.7356770833333333 0.2879991319444445 0.03692853009259256 0.023090277777777724
2 0.6890914351851851 0.2781032986111111 0.03504774305555536 0.02495659722222221
2 0.20826099537037035 0.37215711805555557 0.0922670717592593 0.043098958333333326
2 0.6121961805555556 0.2414279513888889 0.02401620370370372 0.016666666666666663
3 0.7766565393518519 0.6341362847222223 0.08065682870370372 0.07183159722222232
3 0.43970630787037035 0.30321180555555555 0.03182870370370372 0.017013888888888884
2 0.20732060185185186 0.2654947916666667 0.03219039351851849 0.026779513888888884
2 0.2437427662037037 0.25928819444444445 0.033962673611111105 0.021983506944444398
3 0.2957899305555556 0.5971137152777777 0.09899450231481488 0.06679687500000009
2 0.26982060185185186 0.24186197916666669 0.02213541666666674 0.018532986111111094
3 0.749095775462963 0.40108506944444444 0.0342520254629628 0.02979600694444451
3 0.39865451388888884 0.3023654513888889 0.0288266782407407 0.014930555555555558
3 0.5100911458333334 0.30438368055555554 0.02889901620370372 0.016883680555555558
2 0.5500940393518519 0.22790798611111113 0.0190248842592593 0.013519965277777768
2 0.5916160300925926 0.24246961805555556 0.0210141782407407 0.014583333333333337
2 0.34172453703703703 0.22842881944444443 0.0239076967592593 0.013736979166666718
2 0.7841796875 0.2989583333333333 0.0458622685185186 0.027387152777777812
2 0.7472511574074074 0.266015625 0.02694589120370372 0.016796875000000044
2 0.40465856481481477 0.21948784722222223 0.0239438657407407 0.014713541666666663
2 0.7260923032407407 0.2562717013888889 0.02097800925925908 0.013606770833333393
3 0.6533564814814814 0.3185763888888889 0.02907986111111116 0.021766493055555558
3 0.8627025462962963 0.7142578125 0.0839482060185186 0.08172743055555554
3 0.9299406828703703 0.6155164930555556 0.06452546296296302 0.05746527777777777
3 0.908275462962963 0.5666232638888888 0.05801504629629628 0.039626736111110894
3 0.8943865740740741 0.5190538194444445 0.03837528935185186 0.035828993055555536
3 0.8762659143518519 0.4800998263888889 0.0419921875 0.028190104166666674
3 0.5441261574074074 0.36263020833333337 0.05313223379629628 0.039409722222222276
3 0.6531032986111112 0.37823350694444446 0.05309606481481488 0.038433159722222276