3 0.8544921875 0.3720703125 0.0439453125 0.029296875
3 0.6845703125 0.513671875 0.078125 0.052734375
3 0.5673828125 0.662109375 0.0966796875 0.0732421875
3 0.748046875 0.333984375 0.041015625 0.0263671875
3 0.779296875 0.5576171875 0.083984375 0.0595703125
3 0.7998046875 0.353515625 0.044921875 0.029296875
3 0.669921875 0.7392578125 0.111328125 0.0908203125
2 0.783203125 0.212890625 0.037109375 0.0185546875
3 0.791015625 0.810546875 0.109375 0.0888671875
2 0.984375 0.3095703125 0.03125 0.044921875
3 0.876953125 0.607421875 0.080078125 0.0654296875
3 0.697265625 0.322265625 0.041015625 0.025390625
3 0.3544921875 0.435546875 0.0439453125 0.029296875
3 0.9189453125 0.837890625 0.099609375 0.0732421875
3 0.2392578125 0.505859375 0.0498046875 0.033203125
3 0.404296875 0.4033203125 0.0419921875 0.0283203125
3 0.9111328125 0.390625 0.044921875 0.033203125
3 0.2998046875 0.46875 0.046875 0.033203125
3 0.865234375 0.3330078125 0.0390625 0.0234375
3 0.177734375 0.552734375 0.046875 0.041015625
3 0.8828125 0.2783203125 0.033203125 0.0205078125
3 0.962890625 0.658203125 0.0732421875 0.0751953125
3 0.1220703125 0.591796875 0.044921875 0.041015625
3 0.8154296875 0.318359375 0.037109375 0.0234375
3 0.8515625 0.2685546875 0.0263671875 0.017578125
3 0.9140625 0.349609375 0.0390625 0.025390625
3 0.9609375 0.3671875 0.0390625 0.033203125
3 0.734375 0.2939453125 0.037109375 0.017578125
3 0.970703125 0.4140625 0.044921875 0.041015625
3 0.068359375 0.626953125 0.041015625 0.056640625
3 0.0234375 0.6640625 0.03125 0.0498046875