2 0.9367766203703703 0.8458984375 0.1264467592592593 0.19739583333333321
2 0.794921875 0.5252604166666667 0.1274594907407407 0.12024739583333321
2 0.3008174189814815 0.637109375 0.1699580439814814 0.2348307291666667
2 0.546802662037037 0.5864583333333333 0.16677517361111116 0.1918619791666667
2 0.8627025462962963 0.5220052083333333 0.11295572916666652 0.12122395833333321
3 0.6450014467592593 0.5871744791666667 0.09917534722222232 0.07949218750000009
2 0.5557725694444444 0.28776041666666663 0.05479600694444442 0.044466145833333304
3 0.7233434606481481 0.5690755208333333 0.07996961805555558 0.06946614583333321
2 0.07848668981481483 0.4298828125 0.09780092592592593 0.06093749999999998
2 0.08080150462962964 0.6447916666666667 0.07696759259259259 0.1732421875000001
2 0.1134982638888889 0.3777994791666667 0.0788845486111111 0.054817708333333326
2 0.06814236111111112 0.47389322916666665 0.06991464120370369 0.0649088541666667
2 0.5167824074074074 0.2861328125 0.05584490740740744 0.04550781250000002
3 0.4413700810185185 0.6455078125 0.12528935185185186 0.1171875
3 0.5369285300925926 0.3875651041666667 0.0643807870370372 0.055794270833333326
3 0.1169704861111111 0.3984375 0.0556640625 0.056184895833333304