2 0.5126953125 0.6123046875 0.1953125 0.1845703125
2 0.369140625 0.4716796875 0.126953125 0.1298828125
2 0.2783203125 0.533203125 0.1171875 0.1435546875
2 0.53125 0.396484375 0.123046875 0.0986328125
2 0.6611328125 0.484375 0.1455078125 0.1123046875
2 0.4169921875 0.689453125 0.1875 0.216796875
2 0.8251953125 0.7158203125 0.1484375 0.2373046875
2 0.4482421875 0.423828125 0.1298828125 0.126953125
2 0.638671875 0.3388671875 0.0888671875 0.0654296875
2 0.4345703125 0.3046875 0.0908203125 0.0576171875
2 0.806640625 0.349609375 0.080078125 0.052734375
3 0.595703125 0.556640625 0.091796875 0.078125
2 0.6904296875 0.296875 0.076171875 0.0546875
2 0.6689453125 0.314453125 0.0751953125 0.0498046875
2 0.732421875 0.2919921875 0.0546875 0.0498046875
3 0.6064453125 0.3720703125 0.044921875 0.03125
2 0.9853515625 0.5244140625 0.029296875 0.064453125
2 0.720703125 0.4248046875 0.140625 0.095703125
2 0.7529296875 0.380859375 0.1044921875 0.0625
3 0.7890625 0.380859375 0.056640625 0.0439453125
2 0.3330078125 0.15625 0.1513671875 0.0654296875
3 0.8466796875 0.3154296875 0.0341796875 0.0263671875
3 0.28125 0.75 0.126953125 0.109375