2 0.44027777777777777 0.357421875 0.09359085648148147 0.060546875
2 0.3872395833333333 0.6767578125 0.23411458333333335 0.2548828125
2 0.8144820601851852 0.7919921875 0.15841290509259265 0.171875
2 0.5739004629629629 0.384765625 0.09405381944444446 0.076171875
2 0.13899016203703704 0.8017578125 0.22366898148148145 0.166015625
2 0.6644241898148149 0.341796875 0.06624710648148158 0.060546875
2 0.5090856481481482 0.306640625 0.0698929398148147 0.0517578125
2 0.9073712384259259 0.400390625 0.07254050925925926 0.0751953125
2 0.7290075231481481 0.412109375 0.0826244212962961 0.0859375
2 0.46197916666666666 0.298828125 0.058029513888888884 0.046875
2 0.41780237268518516 0.291015625 0.06877170138888888 0.046875
2 0.807884837962963 0.4375 0.08052662037037028 0.0810546875
2 0.9420862268518518 0.484375 0.09158709490740735 0.091796875
2 0.3431351273148148 0.341796875 0.08750000000000002 0.052734375
2 0.8494068287037038 0.388671875 0.06644965277777759 0.0673828125
2 0.5592086226851852 0.3173828125 0.058029513888888884 0.046875
2 0.6053674768518519 0.326171875 0.0541811342592593 0.048828125
2 0.2326316550925926 0.5673828125 0.18245804398148147 0.1923828125
2 0.7339048032407407 0.3466796875 0.06406249999999991 0.052734375
2 0.49442274305555556 0.240234375 0.04590567129629619 0.033203125
2 0.5404369212962963 0.244140625 0.04774305555555558 0.029296875
2 0.8451099537037037 0.3095703125 0.037203414351851816 0.0361328125
2 0.7891999421296296 0.3671875 0.05639467592592595 0.0576171875
3 0.6479239004629629 0.4111328125 0.06090133101851869 0.044921875
2 0.5992910879629629 0.2529296875 0.045847800925925775 0.03125
2 0.7486545138888889 0.2841796875 0.046021412037037024 0.037109375
2 0.6974681712962962 0.2705078125 0.037058738425925775 0.03125
2 0.35532407407407407 0.390625 0.08221932870370374 0.072265625
2 0.45426793981481484 0.236328125 0.0527416087962963 0.033203125
2 0.8874204282407407 0.3203125 0.05297309027777786 0.041015625
2 0.17648292824074074 0.3203125 0.07750289351851852 0.044921875
2 0.9220630787037037 0.3359375 0.035279224537037024 0.037109375
3 0.5250940393518518 0.748046875 0.12223668981481484 0.1044921875
2 0.37388599537037037 0.2919921875 0.057711226851851816 0.0361328125
3 0.6658130787037038 0.7841796875 0.12847222222222232 0.1171875
2 0.03611111111111111 0.427734375 0.048784722222222215 0.064453125
2 0.976878978587963 0.359375 0.04624204282407396 0.0498046875
2 0.984425636574074 0.8017578125 0.031148726851851993 0.146484375
3 0.8625217013888888 0.46875 0.0464554398148147 0.0517578125
3 0.5131510416666667 0.3779296875 0.044871238425925775 0.03125
3 0.31338252314814813 0.623046875 0.08245081018518519 0.080078125
2 0.11593605324074073 0.3203125 0.05380497685185184 0.0361328125
2 0.24764901620370372 0.283203125 0.055613425925925886 0.03125
3 0.9180049189814814 0.8251953125 0.08561197916666652 0.087890625
3 0.04932725694444444 0.708984375 0.058550347222222215 0.064453125
3 0.10540364583333334 0.755859375 0.06498842592592591 0.083984375
2 0.41132812500000004 0.2373046875 0.041796874999999956 0.0263671875
2 0.3018880208333333 0.333984375 0.06383101851851847 0.044921875
2 0.9934172453703703 0.5107421875 0.0131655092592593 0.064453125
3 0.17446469907407408 0.548828125 0.06268807870370374 0.072265625
3 0.9771267361111111 0.4501953125 0.04574652777777777 0.033203125
3 0.9509331597222223 0.3544921875 0.042115162037037024 0.037109375
3 0.8030309606481482 0.306640625 0.052683738425926 0.03125