2 0.7584635416666666 0.614453125 0.15194589120370372 0.1835286458333334
2 0.8400969328703703 0.41920572916666665 0.04861111111111116 0.050000000000000044
2 0.6744429976851851 0.31907552083333335 0.05815972222222232 0.044791666666666674
2 0.7267071759259259 0.3881510416666667 0.06951678240740744 0.06210937499999991
2 0.5479600694444444 0.29791666666666666 0.06405526620370372 0.04615885416666665
2 0.20988859953703703 0.25384114583333334 0.06376591435185186 0.03834635416666665
2 0.2808883101851852 0.2928385416666667 0.08944589120370372 0.0478515625
3 0.42201967592592593 0.6057291666666667 0.10951967592592593 0.09010416666666665
3 0.4928023726851852 0.7298828125 0.11244936342592593 0.0902994791666667
2 0.6329571759259259 0.3026041666666667 0.04546440972222232 0.0439453125
2 0.3072193287037037 0.21627604166666667 0.04998553240740744 0.034505208333333315
3 0.49811921296296297 0.45416666666666666 0.07505063657407407 0.0537109375
3 0.8761935763888888 0.5018880208333334 0.04322193287037024 0.036002604166666785
3 0.7722439236111112 0.42740885416666663 0.0419560185185186 0.028124999999999956
2 0.914134837962963 0.40260416666666665 0.03533709490740744 0.03352864583333326
3 0.6577690972222222 0.5578125 0.08561197916666674 0.07584635416666652
2 0.7354962384259259 0.3094401041666667 0.04803240740740744 0.034375000000000044
2 0.8893952546296297 0.3833333333333333 0.03428819444444442 0.03151041666666665
3 0.5657190393518519 0.5056640625 0.07526765046296302 0.0595703125
3 0.6724175347222222 0.37376302083333335 0.04499421296296302 0.03125
3 0.8266420717592593 0.46529947916666664 0.04325810185185186 0.036979166666666674
2 0.8606047453703703 0.3677083333333333 0.03436053240740744 0.03346354166666665
3 0.5930989583333333 0.32148437500000004 0.03689236111111116 0.022916666666666696
2 0.834888599537037 0.34837239583333335 0.0303457754629628 0.0302734375
2 0.3705873842592593 0.2234375 0.07975260416666674 0.04915364583333337
3 0.2025824652777778 0.37180989583333335 0.03804976851851849 0.027864583333333304
3 0.35423900462962965 0.5326822916666667 0.07045717592592593 0.06119791666666652
3 0.6292679398148148 0.34934895833333335 0.03700086805555558 0.025846354166666696
2 0.2794777199074074 0.4366536458333333 0.19657841435185186 0.2050130208333334
3 0.8788700810185185 0.4560546875 0.03729021990740744 0.033658854166666696
2 0.7000144675925926 0.289453125 0.03211805555555558 0.025520833333333437
3 0.7173394097222222 0.35032552083333335 0.03190104166666674 0.019661458333333326
2 0.17939814814814814 0.23125 0.049877025462962965 0.03157552083333337
3 0.22305410879629628 0.4005859375 0.03240740740740744 0.033333333333333326
3 0.794994212962963 0.3946614583333333 0.0401114004629628 0.03092447916666674
3 0.4118923611111111 0.24479166666666669 0.04503038194444442 0.0322265625
3 0.9228877314814814 0.536328125 0.04058159722222232 0.04361979166666652
3 0.1957465277777778 0.34492187500000004 0.02900752314814814 0.020442708333333393
3 0.18352141203703703 0.33138020833333337 0.03993055555555558 0.02604166666666674
3 0.9197048611111112 0.4901041666666667 0.04253472222222232 0.043749999999999956
3 0.9623480902777778 0.5281901041666667 0.03526475694444442 0.03157552083333326
3 0.9634331597222222 0.5781901041666667 0.03457754629629628 0.03932291666666665