2 0.478515625 0.5580873842592593 0.1220703125 0.10517939814814814
2 0.359375 0.6006799768518518 0.107421875 0.07642505787037024
2 0.7109375 0.4193648726851852 0.1279296875 0.16785300925925917
2 0.2265625 0.530396412037037 0.146484375 0.1010199652777779
2 0.541015625 0.2906105324074074 0.2158203125 0.2544415509259259
3 0.357421875 0.43765190972222223 0.0986328125 0.0703052662037037
2 0.318359375 0.6311921296296297 0.0859375 0.0591869212962961
2 0.181640625 0.5649305555555555 0.125 0.07108651620370354
2 0.248046875 0.6596426504629629 0.0966796875 0.07805989583333339
2 0.1064453125 0.6423538773148147 0.091796875 0.05447771990740735
3 0.4375 0.37961516203703705 0.1171875 0.08648003472222221
3 0.759765625 0.18842592592592594 0.1064453125 0.10764612268518514
3 0.296875 0.4882740162037037 0.0810546875 0.05415943287037028
2 0.1669921875 0.6884114583333334 0.072265625 0.04706307870370363
3 0.138671875 0.6179615162037038 0.0517578125 0.0327835648148147
3 0.646484375 0.24061053240740743 0.1220703125 0.11006221064814814
3 0.6201171875 0.42889178240740744 0.068359375 0.05085358796296302
2 0.095703125 0.6719690393518518 0.0732421875 0.03537326388888884
3 0.9453125 0.27179542824074077 0.0732421875 0.08029513888888884
3 0.021484375 0.3274884259259259 0.041015625 0.053949652777777746
3 0.859375 0.14836516203703703 0.0908203125 0.07593315972222225
3 0.943359375 0.14099392361111113 0.0751953125 0.06472800925925926
3 0.875 0.3041521990740741 0.087890625 0.09049479166666674
3 0.509765625 0.4751302083333333 0.078125 0.05700231481481488
3 0.4091796875 0.5718605324074074 0.0751953125 0.053985821759259256
2 0.8076171875 0.37646122685185185 0.09375 0.16391059027777777