2 0.5741102430555556 0.5740162037037038 0.1172236689814814 0.08684895833333339
2 0.7858072916666667 0.5410083912037037 0.09212239583333348 0.09315682870370368
2 0.4865089699074074 0.5977213541666666 0.12311921296296291 0.08817274305555545
2 0.6866319444444444 0.5615017361111111 0.12055121527777768 0.09776475694444442
2 0.38067853009259256 0.6137369791666667 0.11859809027777768 0.09764901620370381
2 0.27043547453703703 0.6173466435185185 0.11234085648148151 0.08655960648148153
2 0.8179615162037037 0.3042679398148148 0.1338252314814814 0.19307002314814814
2 0.3744574652777778 0.334447337962963 0.17292390046296302 0.2489800347222222
2 0.6650390625 0.6183232060185184 0.0751591435185186 0.05609809027777768
2 0.5633318865740741 0.7071759259259259 0.07986111111111116 0.05150462962962954
2 0.21209490740740738 0.37719907407407405 0.1845703125 0.2740306712962963
2 0.5420283564814815 0.3089265046296297 0.17375578703703698 0.21882233796296302
2 0.7013165509259259 0.29656394675925923 0.17390046296296302 0.22272858796296302
2 0.9216579861111112 0.29325086805555556 0.12641059027777768 0.17703993055555556
2 0.19354021990740738 0.6150824652777778 0.09950086805555558 0.08190104166666679
2 0.10709635416666667 0.3970630787037037 0.12120225694444445 0.1942708333333334
2 0.0658275462962963 0.6168041087962963 0.09686053240740741 0.08953993055555554
2 0.03516529224537037 0.4271990740740741 0.07033058449074074 0.1533564814814814
2 0.4756582754629629 0.7065248842592593 0.07157841435185186 0.03834635416666665
2 0.13465711805555555 0.6526765046296297 0.10991753472222221 0.1000578703703705
3 0.4453486689814815 0.6566767939814815 0.03786892361111116 0.022706886574074048
3 0.34396701388888884 0.6578125 0.04177517361111116 0.02293836805555549
3 0.5984519675925926 0.6271412037037037 0.04774305555555558 0.026215277777777768
3 0.22178819444444442 0.6679759837962963 0.03378182870370372 0.017592592592592604
3 0.2812861689814815 0.6663990162037037 0.04499421296296302 0.03092447916666652
3 0.5265842013888888 0.6469907407407407 0.04861111111111116 0.04965277777777777
3 0.6390335648148148 0.6890480324074074 0.03544560185185186 0.03620515046296302
3 0.703052662037037 0.6706380208333333 0.03747106481481488 0.03827401620370363