2 0.482421875 0.5078125 0.0986328125 0.1357421875
2 0.5888671875 0.4892578125 0.107421875 0.134765625
2 0.1455078125 0.5107421875 0.091796875 0.0986328125
2 0.2294921875 0.498046875 0.1015625 0.126953125
2 0.681640625 0.501953125 0.0888671875 0.1142578125
2 0.810546875 0.494140625 0.099609375 0.0966796875
3 0.3095703125 0.5263671875 0.0546875 0.072265625
3 0.390625 0.529296875 0.0703125 0.0830078125
2 0.9169921875 0.513671875 0.068359375 0.0859375
2 0.98046875 0.509765625 0.0390625 0.09375
3 0.7470703125 0.525390625 0.0498046875 0.060546875
3 0.0576171875 0.5234375 0.0546875 0.048828125
2 0.0517578125 0.8515625 0.103515625 0.0439453125