2 0.721412037037037 0.348046875 0.10022424768518512 0.08964843749999996
2 0.12479021990740741 0.43235677083333335 0.09728009259259257 0.08750000000000002
3 0.6631004050925926 0.4379557291666667 0.07855179398148149 0.06282552083333326
3 0.5852141203703703 0.4005208333333333 0.06475694444444446 0.04531249999999998
3 0.5189742476851852 0.3736328125 0.05692997685185186 0.04283854166666656
3 0.751685474537037 0.4819661458333333 0.08446180555555549 0.07005208333333335
3 0.8422309027777778 0.5251302083333333 0.08643663194444451 0.07311197916666656
3 0.6589699074074074 0.3360677083333333 0.05295138888888884 0.03281250000000002
3 0.602466724537037 0.31373697916666665 0.04706307870370363 0.028515625000000044
3 0.4644386574074074 0.3494791666666667 0.04415509259259265 0.03125
3 0.37426938657407405 0.7831380208333334 0.10700954861111112 0.08326822916666687
3 0.7943721064814815 0.391015625 0.059874131944444464 0.04498697916666661
2 0.27180266203703707 0.23893229166666669 0.056908275462962954 0.039908854166666674
3 0.7484157986111111 0.2638671875 0.03336226851851842 0.023697916666666652
3 0.7951822916666667 0.281640625 0.03336226851851842 0.023697916666666652
3 0.28888888888888886 0.7022135416666666 0.08637876157407409 0.06529947916666679
3 0.8663990162037037 0.42805989583333337 0.06874276620370368 0.05631510416666674
3 0.8400028935185185 0.2983072916666667 0.036328125000000044 0.028776041666666696
3 0.55078125 0.30052083333333335 0.04215133101851842 0.024283854166666674
3 0.7045500578703703 0.2501953125 0.031380208333333215 0.019661458333333326
3 0.42155671296296293 0.33489583333333334 0.03630642361111103 0.025846354166666696
3 0.23765190972222222 0.6284505208333333 0.06483651620370368 0.05605468750000009
3 0.49680989583333335 0.8597005208333334 0.12871817129629637 0.11497395833333335
3 0.6596860532407407 0.23938802083333333 0.029427083333333215 0.01953125
3 0.6265190972222222 0.23229166666666667 0.02646846064814823 0.015429687499999956
3 0.3865162037037037 0.3169270833333333 0.034338831018518534 0.02376302083333326
3 0.8886935763888888 0.3201171875 0.03337673611111125 0.025651041666666652
3 0.5059751157407407 0.28190104166666663 0.03627025462962963 0.020963541666666696
3 0.5552951388888889 0.21875 0.026468460648148007 0.015429687500000011
3 0.5865379050925925 0.22180989583333333 0.028421585648148007 0.015559895833333337
3 0.06069878472222222 0.6430338541666667 0.03938802083333334 0.04654947916666652
3 0.46890914351851853 0.2735677083333333 0.029427083333333326 0.01953125
3 0.15463686342592592 0.49199218749999996 0.036349826388888895 0.031705729166666696
3 0.35138888888888886 0.3106770833333333 0.028450520833333437 0.019466145833333393
3 0.19893663194444444 0.5789713541666667 0.052061631944444464 0.044466145833333304
3 0.18372395833333333 0.522265625 0.037326388888888895 0.031770833333333304
3 0.07787905092592592 0.6979166666666666 0.03743489583333334 0.046419270833333304
3 0.3211733217592593 0.30084635416666666 0.020623553240740833 0.016992187499999978
3 0.10559895833333333 0.780859375 0.07078993055555555 0.06914062499999996
3 0.16378761574074074 0.839453125 0.08164785879629627 0.0854817708333333
3 0.41518373842592593 0.2719401041666667 0.028457754629629628 0.020442708333333393
3 0.2928530092592593 0.2989583333333333 0.02842158564814823 0.015559895833333393
3 0.06409866898148148 0.5797526041666667 0.04521122685185186 0.04205729166666661
3 0.06440972222222222 0.5377604166666666 0.03345630787037035 0.03639322916666665
3 0.04105902777777778 0.5244791666666666 0.025585937500000003 0.028059895833333126
3 0.04914641203703704 0.487890625 0.020659722222222232 0.02187500000000009