2 0.4478298611111111 0.4825159143518518 0.27130353009259256 0.18952546296296302
2 0.8847222222222222 0.38524305555555555 0.06827980324074057 0.061545138888888906
2 0.21231915509259258 0.7603587962962963 0.3266276041666667 0.23330439814814818
2 0.7861111111111111 0.3193359375 0.07604890046296298 0.05873119212962963
2 0.17631655092592594 0.35668402777777775 0.15482494212962966 0.10383391203703707
2 0.16942997685185185 0.29429976851851847 0.1279513888888889 0.06926359953703698
2 0.6673611111111111 0.2947337962962963 0.10549045138888902 0.06893084490740742
3 0.566355613425926 0.588158275462963 0.12146267361111107 0.09259982638888897
2 0.16605902777777776 0.2582248263888889 0.11009837962962965 0.05044849537037033
2 0.30656828703703703 0.26395399305555556 0.10527343749999996 0.05428240740740742
2 0.5953486689814815 0.21281105324074073 0.0609664351851853 0.029217303240740733
2 0.7753327546296296 0.25603298611111114 0.061212384259259345 0.04581886574074079
2 0.5103587962962963 0.2160228587962963 0.08365885416666652 0.04517505787037035
2 0.704904513888889 0.2648871527777778 0.06609519675925934 0.0458912037037037
2 0.6447048611111111 0.2423466435185185 0.06112557870370372 0.03995949074074073
2 0.5714192708333333 0.24636140046296295 0.08671874999999996 0.05400752314814816
2 0.9724681712962964 0.39370659722222223 0.03780381944444455 0.04742476851851851
3 0.653370949074074 0.711841724537037 0.1470124421296295 0.10371817129629646
3 0.23324652777777777 0.5999276620370371 0.12924623842592597 0.09076244212962958
2 0.6889973958333333 0.21825810185185185 0.04236834490740726 0.026012731481481477
2 0.545847800925926 0.19304108796296296 0.05808015046296289 0.032103587962962976
3 0.3315104166666667 0.29385127314814813 0.04730902777777768 0.029991319444444442
2 0.4598524305555556 0.1982204861111111 0.0600766782407407 0.035062210648148184
3 0.7639829282407408 0.8244357638888888 0.12417534722222223 0.07799479166666679
3 0.3525318287037037 0.3247829861111111 0.050296585648148096 0.033940972222222254
3 0.20548321759259258 0.49684606481481486 0.07695312499999996 0.05386284722222223
2 0.18156105324074073 0.200390625 0.06108217592592591 0.03702980324074079
3 0.7832465277777778 0.3808883101851852 0.04936342592592591 0.03685619212962954
3 0.42059461805555554 0.40969328703703706 0.0771267361111112 0.06558159722222223
3 0.8372395833333334 0.42695312500000004 0.05233651620370372 0.03982928240740735
2 0.428833912037037 0.18305844907407406 0.057016782407407485 0.026229745370370372
3 0.375390625 0.36349826388888884 0.07105034722222214 0.05084635416666661
2 0.3564091435185185 0.1948712384259259 0.06014901620370372 0.039945023148148184
3 0.1987847222222222 0.4217664930555556 0.06612413194444444 0.0478443287037037
2 0.1763310185185185 0.22390046296296295 0.072728587962963 0.032320601851851816
2 0.2805049189814815 0.24383680555555556 0.09941406249999996 0.05419560185185185
2 0.27620081018518516 0.2048466435185185 0.0727719907407407 0.035250289351851816
2 0.032284432870370375 0.2592303240740741 0.053269675925925936 0.036914062499999956
3 0.9556061921296296 0.5433376736111111 0.04554398148148153 0.042657696759259345
3 0.7233506944444444 0.3378399884259259 0.052249710648148096 0.03396990740740735
2 0.28289207175925923 0.21451099537037038 0.0737485532407407 0.03526475694444442
3 0.8959418402777778 0.48466435185185186 0.055353009259259345 0.045732060185185164
3 0.9259476273148148 0.43637876157407407 0.05726273148148153 0.04283130787037037
3 0.9710792824074075 0.48745659722222223 0.04275896990740735 0.05237991898148153
3 0.8363136574074074 0.3576461226851852 0.05719039351851851 0.03794849537037037
3 0.7424840856481482 0.29850260416666663 0.04449508101851851 0.03776041666666674
3 0.6070167824074073 0.28195891203703705 0.05245225694444455 0.04764178240740735
3 0.519777199074074 0.23931568287037036 0.04254195601851851 0.03773148148148153
3 0.9008535879629629 0.35083188657407405 0.04531250000000009 0.027032696759259345
3 0.8650679976851852 0.3279296875 0.03748553240740726 0.025940393518518512
3 0.8370804398148148 0.30588831018518514 0.03357928240740726 0.025882523148148096