2 0.1875 0.5673828125 0.1201171875 0.1142578125
2 0.470703125 0.3232421875 0.0908203125 0.052734375
2 0.4267578125 0.353515625 0.107421875 0.064453125
2 0.46875 0.205078125 0.044921875 0.0283203125
2 0.7685546875 0.279296875 0.0654296875 0.0390625
3 0.3388671875 0.451171875 0.087890625 0.0517578125
3 0.6845703125 0.59375 0.1123046875 0.0625
3 0.6640625 0.7109375 0.140625 0.087890625
2 0.5732421875 0.1826171875 0.029296875 0.017578125
3 0.3876953125 0.3984375 0.0546875 0.0341796875
3 0.900390625 0.8095703125 0.1357421875 0.080078125
3 0.724609375 0.525390625 0.0751953125 0.048828125
3 0.912109375 0.6953125 0.1220703125 0.072265625
3 0.2841796875 0.515625 0.107421875 0.064453125
3 0.109375 0.6513671875 0.125 0.083984375
3 0.044921875 0.74609375 0.0888671875 0.0859375
3 0.5810546875 0.8310546875 0.1689453125 0.0888671875
3 0.890625 0.59375 0.0732421875 0.0859375
3 0.8857421875 0.5341796875 0.0732421875 0.044921875
3 0.734375 0.46875 0.0732421875 0.0517578125
3 0.7451171875 0.423828125 0.0625 0.041015625
3 0.8857421875 0.4736328125 0.0595703125 0.044921875
3 0.8642578125 0.4345703125 0.048828125 0.033203125
3 0.7451171875 0.390625 0.048828125 0.0283203125
3 0.7451171875 0.359375 0.046875 0.0234375
3 0.8544921875 0.4013671875 0.0361328125 0.0234375
3 0.8544921875 0.376953125 0.033203125 0.021484375
3 0.7607421875 0.341796875 0.0419921875 0.0283203125
3 0.845703125 0.359375 0.0263671875 0.015625
3 0.84375 0.3408203125 0.029296875 0.015625
3 0.759765625 0.328125 0.033203125 0.0205078125
3 0.7626953125 0.302734375 0.0439453125 0.013671875
3 0.8310546875 0.3251953125 0.0205078125 0.0078125
3 0.8310546875 0.310546875 0.025390625 0.009765625