2 0.576171875 0.4423828125 0.0830078125 0.0595703125
2 0.4658203125 0.6357421875 0.177734375 0.1826171875
2 0.353515625 0.5029296875 0.109375 0.1123046875
2 0.4375 0.4794921875 0.1064453125 0.0908203125
2 0.501953125 0.451171875 0.1064453125 0.0810546875
2 0.6533203125 0.4033203125 0.109375 0.0751953125
2 0.4169921875 0.349609375 0.0703125 0.0498046875
2 0.3251953125 0.3671875 0.0654296875 0.056640625
2 0.666015625 0.5048828125 0.1279296875 0.095703125
3 0.533203125 0.5908203125 0.080078125 0.0703125
3 0.611328125 0.5498046875 0.0673828125 0.0625
2 0.3486328125 0.3359375 0.046875 0.0390625
3 0.3798828125 0.375 0.0439453125 0.0341796875
2 0.6123046875 0.326171875 0.064453125 0.0390625
2 0.974609375 0.59765625 0.0498046875 0.111328125
2 0.5859375 0.3330078125 0.0546875 0.025390625
3 0.7138671875 0.484375 0.0576171875 0.0498046875
3 0.46875 0.3564453125 0.037109375 0.025390625