2 0.6033347800925926 0.4317274305555555 0.21997974537037046 0.1577256944444445
2 0.3598090277777778 0.4160373263888889 0.2334707754629629 0.14275173611111103
2 0.7256221064814815 0.6503255208333334 0.10018807870370372 0.06480034722222205
2 0.33174189814814814 0.48389756944444445 0.1869936342592593 0.10661892361111114
2 0.8142722800925926 0.6513454861111111 0.07364004629629628 0.048046875000000044
2 0.501953125 0.6004774305555556 0.1914424189814814 0.12725694444444446
2 0.32841435185185186 0.5440972222222222 0.13997395833333337 0.07630208333333321
2 0.8745659722222222 0.6637586805555555 0.06778067129629628 0.04778645833333339
3 0.5303819444444444 0.5375 0.07161458333333348 0.04698350694444442
3 0.5732060185185185 0.48489583333333336 0.0903501157407407 0.06338975694444449
2 0.07841435185185186 0.5067057291666667 0.08611834490740738 0.07196180555555554
2 0.31329571759259256 0.5765190972222223 0.12684461805555558 0.06987847222222232
2 0.7377748842592593 0.735546875 0.04611545138888884 0.03125
2 0.7798032407407407 0.7247612847222222 0.04079861111111116 0.02517361111111116
2 0.04412615740740741 0.41174045138888893 0.031213831018518517 0.06660156250000004
2 0.9664713541666667 0.1980251736111111 0.06705729166666652 0.0678385416666667
3 0.7668909143518519 0.6161458333333334 0.05407262731481488 0.033550347222222054
3 0.40964988425925924 0.30047743055555554 0.11049623842592593 0.08569878472222214
3 0.6814236111111112 0.6580946180555556 0.0448857060185186 0.040928819444444375
3 0.8002025462962963 0.7110677083333333 0.03479456018518512 0.02296006944444451
3 0.8226273148148149 0.6984375 0.02969473379629628 0.019813368055555447
3 0.8499348958333333 0.6860243055555555 0.03472222222222232 0.021983506944444287
3 0.9132667824074074 0.6606119791666667 0.0380135995370372 0.026996527777777946