2 0.44372829861111107 0.5377097800925926 0.27167968750000004 0.20042679398148144
2 0.8772569444444445 0.6543402777777778 0.06577690972222228 0.06338975694444438
2 0.2183810763888889 0.24958043981481481 0.3272569444444445 0.2437065972222222
2 0.7761501736111112 0.7158203125 0.07141927083333321 0.05397135416666665
2 0.16740451388888888 0.6513888888888889 0.153515625 0.10564959490740744
2 0.158203125 0.7134259259259259 0.1294270833333333 0.07496383101851856
2 0.6564236111111111 0.7351273148148147 0.1059895833333333 0.07357494212962967
3 0.566232638888889 0.43740596064814813 0.12719184027777786 0.10604021990740742
2 0.1534939236111111 0.7493272569444445 0.10846354166666666 0.0532407407407407
2 0.2942925347222222 0.7498480902777778 0.10870225694444446 0.0639829282407407
2 0.5813368055555556 0.8137948495370371 0.06119791666666674 0.03288483796296293
2 0.7630208333333333 0.7786024305555556 0.06354166666666661 0.050578703703703765
2 0.49641927083333337 0.8068070023148148 0.083984375 0.0488642939814814
2 0.6928819444444445 0.7666232638888888 0.06944444444444464 0.05287905092592604
2 0.6318142361111111 0.7864728009259259 0.06039496527777777 0.04063946759259274
2 0.5586371527777778 0.7792028356481482 0.08404947916666661 0.0517939814814814
2 0.9653645833333333 0.6497829861111111 0.043098958333333215 0.05229311342592591
3 0.6578776041666666 0.31767216435185186 0.14884982638888888 0.11512586805555558
3 0.23337673611111112 0.41083622685185184 0.12886284722222224 0.09346064814814814
2 0.6752387152777778 0.8125144675925926 0.04459635416666674 0.03190104166666674
2 0.531076388888889 0.8313512731481482 0.05831163194444455 0.034664351851851904
3 0.3203559027777778 0.7210792824074074 0.04752604166666674 0.03207465277777777
2 0.44522569444444443 0.8223524305555556 0.06037326388888886 0.03966290509259274
3 0.7727213541666667 0.21006944444444442 0.12684461805555558 0.09041521990740742
3 0.34253472222222225 0.6911024305555555 0.04752604166666674 0.03207465277777777
3 0.2017795138888889 0.5126157407407408 0.08140190972222222 0.06431568287037037
2 0.16686197916666667 0.8078125 0.06137152777777777 0.040697337962963154
3 0.7755642361111111 0.6541811342592592 0.05062934027777777 0.04006076388888902
3 0.41378038194444444 0.6092737268518519 0.07756076388888888 0.06701388888888893
3 0.8312934027777777 0.610546875 0.05262586805555558 0.04212962962962963
2 0.4136284722222222 0.8361255787037037 0.057269965277777724 0.03167679398148149
3 0.3668402777777778 0.6534288194444444 0.0683810763888889 0.048914930555555625
2 0.34160156249999996 0.8211009837962963 0.06145833333333339 0.04460358796296293
3 0.19229600694444443 0.5873480902777778 0.0654513888888889 0.048741319444444375
2 0.16249999999999998 0.7840856481481482 0.07404513888888886 0.04047309027777768
2 0.2674696180555555 0.7687934027777777 0.0947482638888889 0.050477430555555536
2 0.26171875 0.807566550925926 0.07302517361111116 0.03846209490740726
2 0.023741319444444443 0.7423755787037036 0.04748263888888889 0.044256365740740655
3 0.9540364583333334 0.49950086805555555 0.04585503472222241 0.044654224537037046
3 0.714040798611111 0.6945384837962962 0.05045572916666652 0.03224826388888902
2 0.2687717013888889 0.7982060185185185 0.07296006944444444 0.03553240740740726
3 0.8921657986111111 0.5554832175925926 0.055685763888888795 0.048162615740740655
3 0.9203993055555555 0.6050708912037037 0.05757378472222241 0.04534866898148149
3 0.9674696180555555 0.5550564236111111 0.043098958333333215 0.05229311342592591
3 0.8277994791666666 0.6797670717592592 0.05848524305555558 0.042476851851851904
3 0.7317274305555556 0.7347005208333333 0.04476996527777777 0.03971354166666652
3 0.5955729166666667 0.7452112268518518 0.05279947916666661 0.04994212962962963
3 0.5067057291666667 0.7839482060185186 0.04281684027777777 0.03959780092592591
3 0.8921223958333333 0.6894458912037037 0.04752604166666652 0.03207465277777777
3 0.85546875 0.7107421875 0.039691840277777724 0.03063512731481488
3 0.8266493055555555 0.7315248842592592 0.036762152777777946 0.03046151620370363