2 0.7025173611111111 0.6157552083333333 0.10130208333333335 0.12089843749999996
2 0.16979166666666667 0.5479817708333333 0.09713541666666664 0.1030598958333333
2 0.11122685185185185 0.5421223958333333 0.0890914351851852 0.0869140625
2 0.7619429976851853 0.6294921874999999 0.07335069444444464 0.07805989583333339
2 0.8215422453703705 0.6315104166666666 0.1001663773148147 0.11009114583333335
2 0.03912398726851852 0.16770833333333335 0.07824797453703704 0.0883463541666667
3 0.3798538773148148 0.5551432291666667 0.06561053240740744 0.08242187500000009
3 0.4588541666666667 0.5672526041666667 0.06861255787037035 0.08749999999999991
3 0.6298249421296296 0.5737630208333333 0.061617476851851816 0.07630208333333321
2 0.03852719907407407 0.5242838541666667 0.07705439814814814 0.11302083333333335
2 0.8802517361111111 0.6276041666666667 0.07623697916666661 0.07532552083333321
3 0.5486834490740742 0.57421875 0.07155671296296306 0.08867187499999996
2 0.9584346064814815 0.62890625 0.06647135416666661 0.0746744791666667
3 0.30776186342592593 0.5386067708333333 0.06862702546296295 0.08847656249999991
2 0.9036603009259259 0.6311197916666667 0.07626591435185182 0.07727864583333321
3 0.8804108796296297 0.22096354166666665 0.08130787037037024 0.0883463541666667
3 0.9651258680555556 0.24322916666666666 0.06604456018518512 0.11171874999999998
2 0.13542390046296296 0.16249999999999998 0.10831886574074073 0.06770833333333337