2 0.5630642361111111 0.48079427083333337 0.08577835648148158 0.06614583333333335
2 0.44698350694444444 0.666796875 0.19320023148148158 0.20488281250000018
2 0.33861400462962965 0.5264973958333333 0.1157190393518519 0.12272135416666674
2 0.4232928240740741 0.5086588541666667 0.11014178240740735 0.09895833333333326
2 0.48858506944444446 0.48463541666666665 0.10574363425925926 0.08209635416666661
2 0.6413700810185186 0.446875 0.11364293981481488 0.08554687499999991
2 0.4066333912037037 0.3774088541666667 0.07382812499999991 0.05755208333333339
2 0.31431568287037037 0.3888671875 0.06412037037037033 0.05885416666666665
2 0.6510561342592593 0.5492838541666667 0.1337818287037038 0.10735677083333339
3 0.515697337962963 0.6263671875 0.08523582175925926 0.08072916666666674
3 0.5950376157407407 0.5905598958333333 0.070211226851852 0.06705729166666652
2 0.3386791087962963 0.35917968749999996 0.047974537037037024 0.040234375000000044
3 0.36877170138888893 0.40032552083333334 0.0449580439814814 0.037109375
2 0.6026403356481481 0.3669921875 0.06357060185185182 0.04029947916666665
2 0.9578776041666667 0.6626953125 0.05212673611111107 0.11458333333333326
2 0.5760706018518519 0.3720703125 0.05750868055555558 0.033072916666666674
3 0.6995153356481482 0.5319661458333333 0.05909288194444451 0.05364583333333339
3 0.4581886574074074 0.3876953125 0.03990162037037037 0.03092447916666663