2 0.7743489583333334 0.5593315972222221 0.09147135416666652 0.1166594328703705
2 0.4326171875 0.7220558449074074 0.0810546875 0.07719184027777781
2 0.5432942708333334 0.6384620949074074 0.09505208333333326 0.11197916666666652
2 0.7399739583333333 0.18449074074074073 0.17213541666666665 0.21718749999999998
2 0.6899739583333333 0.6571325231481482 0.08177083333333335 0.08793402777777759
2 0.2608723958333333 0.6852213541666666 0.11009114583333335 0.08940248842592591
2 0.3715494791666667 0.8059968171296297 0.049609374999999956 0.04344618055555571
3 0.6222005208333333 0.5934968171296295 0.0727213541666667 0.06897424768518512
3 0.3948567708333333 0.6461588541666667 0.06406250000000002 0.05587384259259265
3 0.46712239583333337 0.6278139467592592 0.06907552083333335 0.05808015046296289
2 0.20325520833333333 0.688208912037037 0.08085937499999996 0.07426215277777781
3 0.7020833333333334 0.5630787037037037 0.0639322916666667 0.06851851851851842
2 0.3306640625 0.8061704282407407 0.03802083333333339 0.030193865740740566
3 0.32395833333333335 0.6585937500000001 0.0659505208333333 0.054998553240740655
3 0.6282552083333333 0.6632523148148148 0.06289062500000009 0.05289351851851842
3 0.38255208333333335 0.7139467592592592 0.041861979166666674 0.0440176504629628
3 0.8342447916666667 0.12802372685185187 0.0776692708333333 0.08480179398148147
3 0.9196614583333333 0.13138020833333333 0.08092447916666679 0.0898365162037037
3 0.49661458333333336 0.6963541666666666 0.06601562500000002 0.055975115740740655
3 0.8352864583333333 0.5065393518518518 0.07291666666666652 0.08650173611111112
3 0.8863281249999999 0.48540219907407406 0.05917968749999991 0.07021846064814807