2 0.3747685185185185 0.22689525462962964 0.09139901620370372 0.07947048611111113
2 0.7867259837962963 0.3321325231481481 0.08873697916666679 0.11555989583333326
2 0.8650752314814815 0.49309895833333334 0.16485098379629637 0.1088758680555556
2 0.7293909143518518 0.6347728587962963 0.17401620370370363 0.2916087962962963
2 0.9268952546296296 0.4003761574074074 0.09735243055555554 0.0922526041666667
2 0.1687644675925926 0.23678385416666664 0.07657696759259258 0.05581597222222223
2 0.21841001157407408 0.7419632523148147 0.17943431712962965 0.23212528935185173
2 0.1234519675925926 0.44841579861111114 0.13088831018518518 0.1376663773148148
2 0.46025752314814816 0.5606264467592592 0.16388165509259256 0.2416594328703705
2 0.2361255787037037 0.2328559027777778 0.075658275462963 0.06361400462962963
3 0.5770471643518518 0.6370298032407408 0.11328848379629619 0.13447627314814814
2 0.9174117476851852 0.7023075810185185 0.11686921296296293 0.22241030092592595
3 0.710474537037037 0.32251880787037035 0.060850694444444464 0.04191261574074079
2 0.05769675925925925 0.40543981481481484 0.09954427083333334 0.1245081018518519
2 0.11733217592592593 0.28149594907407405 0.07366174768518519 0.05772569444444442
3 0.6351128472222223 0.301171875 0.056944444444444464 0.04185474537037037
3 0.5646629050925926 0.2836588541666667 0.05790653935185164 0.039916087962962976
3 0.34014033564814816 0.8261067708333334 0.11196469907407414 0.08758680555555554
3 0.4912977430555555 0.2681423611111111 0.05005063657407405 0.033940972222222254
3 0.4335865162037037 0.2563006365740741 0.04122540509259265 0.02892795138888893
3 0.18913483796296296 0.4816261574074074 0.06587094907407409 0.0605396412037037
3 0.3400318287037037 0.5477575231481482 0.08944589120370372 0.07944155092592586
3 0.25091145833333334 0.514894386574074 0.0708116319444444 0.06842447916666661
3 0.322142650462963 0.24232494212962963 0.03143807870370363 0.025853587962963
2 0.9798032407407408 0.42303240740740744 0.037673611111111116 0.07672164351851851
3 0.8417173032407408 0.37233796296296295 0.044256365740740655 0.04264322916666674
2 0.05159866898148148 0.24144965277777775 0.057978877314814825 0.049681712962962976
3 0.28109085648148147 0.2380497685185185 0.031409143518518534 0.021947337962963
3 0.08290653935185185 0.6443504050925926 0.060995370370370366 0.061443865740740566
3 0.14872685185185186 0.696115451388889 0.08848379629629632 0.08138020833333348
2 0.10333478009259259 0.23775318287037037 0.052119502314814825 0.04959490740740741
3 0.5081090856481482 0.8236183449074074 0.1314163773148147 0.0771339699074074
3 0.046390335648148144 0.5931278935185185 0.05309606481481481 0.04960937500000018
3 0.022526041666666666 0.5358579282407407 0.03751446759259259 0.05523726851851851