2 0.48745659722222223 0.35951967592592593 0.15260416666666665 0.09924768518518512
2 0.2832899305555555 0.5636935763888888 0.17695312500000004 0.16449652777777768
2 0.9065972222222223 0.28237123842592593 0.04568142361111116 0.04069010416666674
2 0.2689019097222222 0.3059895833333333 0.07434895833333333 0.04955150462962965
2 0.30562065972222224 0.25180844907407407 0.04839409722222221 0.03591579861111116
3 0.5577690972222222 0.621021412037037 0.1260199652777778 0.09338831018518512
2 0.42983940972222223 0.22960069444444442 0.0849609375 0.04701967592592593
3 0.4627604166666667 0.7282262731481481 0.13218315972222228 0.10044126157407396
3 0.6126085069444445 0.5123697916666667 0.09359809027777777 0.06586371527777768
2 0.518359375 0.17447916666666669 0.05305989583333348 0.03121383101851849
3 0.41228298611111114 0.4288194444444444 0.08020833333333344 0.0497685185185186
2 0.22866753472222223 0.28106915509259256 0.07434895833333333 0.04955150462962954
2 0.8306423611111111 0.24605758101851852 0.053624131944444375 0.043909143518518545
3 0.36497395833333335 0.5088252314814815 0.09466145833333339 0.0678530092592593
3 0.3533203125 0.26862702546296297 0.03402777777777777 0.01978443287037035
2 0.21618923611111113 0.2424045138888889 0.0483506944444444 0.03493923611111105
3 0.6475694444444444 0.4406467013888889 0.07736545138888884 0.05161313657407407
2 0.1806640625 0.2574146412037037 0.05323350694444445 0.03512008101851849
3 0.86328125 0.2761501736111111 0.03424479166666661 0.02466724537037035
3 0.6696397569444444 0.38700810185185186 0.05421006944444451 0.03515625
2 0.2699652777777778 0.21987123842592593 0.048263888888888884 0.032986111111111105
3 0.31814236111111116 0.2914496527777778 0.03216145833333339 0.02166521990740744
2 0.1253689236111111 0.28978587962962965 0.04848090277777778 0.03786892361111116
2 0.42170138888888886 0.20055700231481483 0.04995659722222223 0.02719907407407407
2 0.6487196180555556 0.2244285300925926 0.10329861111111116 0.04282407407407407
3 0.9353298611111112 0.3126085069444444 0.03535156249999982 0.02763310185185186
2 0.31184895833333337 0.19386574074074076 0.04010416666666661 0.0248842592592593
3 0.5667751736111111 0.31745515046296297 0.05008680555555545 0.03012876157407407
3 0.5741970486111111 0.35239438657407407 0.048524305555555536 0.03884548611111116
3 0.2322048611111111 0.3386501736111111 0.054123263888888884 0.033203125
3 0.3944010416666667 0.24656394675925924 0.046310763888888884 0.03291377314814814
3 0.47925347222222225 0.2189670138888889 0.027322048611111205 0.0224609375