2 0.4233940972222222 0.5680338541666667 0.2118489583333334 0.24066840277777768
2 0.7232928240740741 0.6816767939814814 0.25857928240740735 0.23856336805555545
2 0.7730324074074074 0.5877748842592593 0.16814236111111103 0.1474175347222222
2 0.296021412037037 0.6407045717592592 0.19746093750000004 0.24858940972222232
2 0.673777488425926 0.4048249421296296 0.14869068287037024 0.11604456018518516
2 0.5273582175925926 0.49299768518518516 0.17409577546296284 0.18383969907407405
2 0.6146846064814815 0.4512152777777778 0.16372251157407414 0.16275318287037033
2 0.7188802083333333 0.36836660879629635 0.13553240740740735 0.09966724537037042
2 0.8304832175925926 0.29965277777777777 0.07492042824074074 0.06098090277777779
2 0.17085503472222224 0.7379629629629629 0.18778935185185186 0.2840856481481482
2 0.06803566261574075 0.7768663194444445 0.1360713252314815 0.22156394675925917
3 0.6202112268518518 0.7929615162037037 0.12499276620370381 0.10586660879629628
2 0.8742549189814814 0.44018373842592595 0.13485243055555562 0.14252025462962958
2 0.5155237268518519 0.23207465277777778 0.10513599537037033 0.060821759259259256
2 0.9157769097222223 0.3594907407407407 0.07687355324074074 0.06109664351851851
3 0.7984809027777777 0.32319155092592594 0.05078848379629619 0.036154513888888906
2 0.7489583333333334 0.3437355324074074 0.12498553240740762 0.0727213541666667
2 0.5696397569444445 0.22158564814814813 0.0610170717592593 0.052358217592592626
3 0.8404079861111111 0.49296151620370365 0.07787905092592595 0.06213107638888893
2 0.6903935185185186 0.2072193287037037 0.04981192129629619 0.03609664351851849
2 0.649146412037037 0.21260127314814814 0.06871383101851847 0.048914930555555514
2 0.9219618055555556 0.3158347800925926 0.06951678240740744 0.04311342592592593
3 0.7889322916666667 0.5133897569444444 0.07945601851851847 0.04955150462962954