2 0.37622974537037035 0.32054398148148144 0.07291666666666674 0.0708333333333333
2 0.7449363425925926 0.3588396990740741 0.08514178240740744 0.05823206018518512
2 0.1603370949074074 0.6103081597222222 0.1291232638888889 0.1649739583333334
2 0.8444010416666667 0.43331886574074074 0.08648003472222232 0.06800491898148153
2 0.07273582175925926 0.6451461226851852 0.10235821759259259 0.15403645833333335
2 0.20706741898148148 0.3686848958333333 0.07016782407407407 0.07569444444444451
2 0.10438368055555555 0.41828703703703707 0.07515914351851855 0.07866030092592591
2 0.43540219907407407 0.3093605324074074 0.07429108796296302 0.05522280092592591
3 0.32765480324074076 0.3541160300925926 0.04307725694444442 0.029607928240740655
3 0.2695674189814815 0.36822193287037036 0.04021990740740744 0.03153935185185186
2 0.04568142361111111 0.4421657986111111 0.056785300925925916 0.05704571759259258
3 0.45862268518518523 0.5143229166666666 0.08015046296296302 0.05526620370370372
3 0.36613859953703703 0.5491970486111111 0.0903139467592593 0.06608072916666652
3 0.2715928819444444 0.5811559606481482 0.09675202546296302 0.08174913194444455
3 0.16153067129629628 0.4051649305555556 0.04032841435185186 0.03446903935185186
3 0.8892144097222222 0.5091796875 0.06669560185185186 0.06102430555555549
3 0.7839626736111112 0.41032262731481484 0.04810474537037024 0.033550347222222276
3 0.5477068865740741 0.30852864583333334 0.04481336805555558 0.02376302083333337
3 0.9651240596064815 0.6629340277777778 0.06975188078703698 0.07085503472222232
3 0.6184172453703703 0.31875 0.05280671296296302 0.028703703703703676
3 0.9389829282407407 0.5869574652777778 0.07779947916666652 0.0708695023148147
3 0.6848958333333334 0.34658564814814813 0.03993055555555558 0.02372685185185186
3 0.4864004629629629 0.31484375 0.03786892361111116 0.020782696759259256
3 0.9812373408564815 0.7604094328703703 0.03752531828703698 0.08153211805555571
3 0.5622106481481481 0.673755787037037 0.1142939814814814 0.13362268518518539
3 0.5460069444444444 0.8164930555555555 0.1542245370370372 0.10462962962962963