2 0.4580078125 0.580078125 0.2470703125 0.1904296875
2 0.517578125 0.447265625 0.126953125 0.083984375
2 0.3623046875 0.5126953125 0.1669921875 0.099609375
2 0.4423828125 0.3876953125 0.109375 0.0703125
2 0.9169921875 0.484375 0.0673828125 0.0703125
2 0.3408203125 0.4609375 0.125 0.076171875
2 0.5576171875 0.6796875 0.1767578125 0.158203125
2 0.580078125 0.318359375 0.0654296875 0.0341796875
2 0.3955078125 0.359375 0.0966796875 0.064453125
2 0.541015625 0.3046875 0.0595703125 0.0390625
2 0.2919921875 0.431640625 0.1123046875 0.0703125
2 0.9697265625 0.5224609375 0.060546875 0.1044921875
2 0.455078125 0.2763671875 0.048828125 0.0263671875
2 0.2529296875 0.388671875 0.1171875 0.0732421875
3 0.4765625 0.421875 0.046875 0.0341796875
3 0.861328125 0.4638671875 0.048828125 0.037109375
2 0.810546875 0.322265625 0.072265625 0.0419921875
3 0.2314453125 0.361328125 0.0498046875 0.03125
3 0.353515625 0.341796875 0.0595703125 0.0390625
3 0.4921875 0.302734375 0.0498046875 0.029296875
3 0.259765625 0.4091796875 0.068359375 0.037109375