2 0.36928530092592593 0.5689670138888889 0.09704137731481488 0.08600260416666661
2 0.5400028935185186 0.6070963541666667 0.12181712962962976 0.09142795138888893
2 0.6973017939814814 0.6289496527777778 0.09313512731481488 0.05959201388888902
3 0.27607783564814814 0.5242404513888889 0.0971498842592593 0.07430555555555562
3 0.18952546296296297 0.49496527777777777 0.08094618055555558 0.06614583333333335
2 0.43959780092592593 0.7253472222222221 0.03493923611111116 0.024175347222222143
3 0.10861545138888888 0.46848958333333335 0.07298900462962962 0.0640190972222221
3 0.4587673611111111 0.5718532986111111 0.07183159722222221 0.04839409722222232
2 0.21878616898148145 0.6922309027777778 0.03880931712962965 0.03693576388888897
2 0.2544126157407407 0.6982638888888888 0.03537326388888884 0.030034722222222143
3 0.034912109375 0.4516059027777778 0.06982421875 0.06395399305555549
2 0.33658854166666663 0.7471354166666666 0.03020109953703698 0.026019965277777946
2 0.46553096064814814 0.7306206597222222 0.03591579861111116 0.02419704861111116
3 0.6520905671296297 0.6075303819444444 0.04372829861111116 0.024370659722222188
3 0.40404369212962965 0.7183376736111111 0.0293330439814814 0.014301215277777724
2 0.5499855324074074 0.7618923611111111 0.03577112268518512 0.02224392361111116
2 0.36071325231481477 0.7504991319444445 0.02481192129629628 0.019075520833333304
2 0.4690755208333333 0.7617404513888889 0.04058159722222221 0.02137586805555558
2 0.4071903935185185 0.7416666666666667 0.04358362268518512 0.022417534722222188
2 0.30931712962962965 0.7467664930555555 0.02810329861111116 0.02402343749999991
2 0.8747829861111112 0.6415798611111112 0.05248119212962976 0.037239583333333215
3 0.3482711226851852 0.7078776041666666 0.03276909722222221 0.021202256944444553
2 0.5036168981481481 0.782421875 0.03067129629629628 0.01920572916666652
3 0.5190248842592593 0.6797092013888889 0.04079861111111116 0.02430555555555558
2 0.4148220486111111 0.7570963541666667 0.04553674768518523 0.0224609375
3 0.6116898148148148 0.5869791666666666 0.05284288194444442 0.042122395833333215
3 0.7474320023148148 0.6102864583333334 0.041015625 0.027235243055555358
3 0.7794415509259258 0.6125 0.02300347222222232 0.020985243055555713
3 0.7960792824074074 0.6248046875 0.02517361111111116 0.023958333333333304