2 0.185546875 0.3984375 0.0888671875 0.1142578125
2 0.517578125 0.2529296875 0.078125 0.0751953125
2 0.412109375 0.3310546875 0.095703125 0.1142578125
2 0.2451171875 0.7763671875 0.150390625 0.2060546875
2 0.263671875 0.3046875 0.0703125 0.078125
2 0.6923828125 0.298828125 0.109375 0.0908203125
2 0.5732421875 0.171875 0.048828125 0.0419921875
3 0.3359375 0.3720703125 0.0732421875 0.0703125
3 0.560546875 0.3310546875 0.0595703125 0.0498046875
3 0.4892578125 0.345703125 0.0654296875 0.056640625
2 0.75 0.298828125 0.0751953125 0.0703125
3 0.2578125 0.3984375 0.060546875 0.0673828125
2 0.6142578125 0.173828125 0.0361328125 0.0283203125
3 0.630859375 0.322265625 0.0673828125 0.056640625
3 0.3251953125 0.3017578125 0.0576171875 0.046875
3 0.568359375 0.263671875 0.0390625 0.041015625
3 0.154296875 0.828125 0.068359375 0.078125
3 0.068359375 0.8203125 0.080078125 0.0888671875
3 0.455078125 0.275390625 0.060546875 0.0517578125
3 0.1279296875 0.4482421875 0.0654296875 0.0810546875
3 0.078125 0.466796875 0.0576171875 0.0703125