2 0.5941116898148148 0.6763744212962963 0.09403935185185186 0.0659866898148147
2 0.6447844328703705 0.3607421875 0.22290943287037024 0.2568142361111112
2 0.21668836805555555 0.22039207175925923 0.15266927083333331 0.17567274305555558
2 0.46028645833333337 0.6411603009259259 0.09657118055555558 0.08172743055555554
2 0.889820240162037 0.25067274305555554 0.22035951967592604 0.17995515046296295
2 0.3700810185185185 0.6786892361111111 0.06669560185185186 0.06436631944444438
2 0.5256799768518519 0.7229890046296297 0.07436342592592582 0.06092303240740726
2 0.12669994212962965 0.6058015046296297 0.06705729166666663 0.07413194444444438
2 0.30497685185185186 0.6046730324074074 0.08123553240740744 0.08861400462962976
2 0.5728443287037037 0.7335792824074074 0.05830439814814814 0.04827835648148149
2 0.6170789930555556 0.7439959490740741 0.06709346064814814 0.04879918981481479
2 0.22591145833333331 0.5746527777777777 0.08109085648148151 0.08470775462962976
2 0.09136284722222222 0.5199074074074075 0.09125434027777776 0.09602864583333348
2 0.6913700810185186 0.6977285879629629 0.0878544560185186 0.05685040509259265
2 0.1847511574074074 0.6209346064814815 0.06998697916666669 0.07430555555555562
2 0.4754774305555555 0.7092954282407407 0.06148726851851849 0.05528790509259274
2 0.4292534722222222 0.6977864583333333 0.05859375 0.05609085648148149
2 0.8002025462962963 0.4790870949074074 0.16876446759259256 0.18929398148148135
2 0.3005642361111111 0.6696976273148147 0.06246383101851849 0.055345775462963154
2 0.5408347800925926 0.7901475694444444 0.04615162037037024 0.035865162037036935
2 0.49479166666666663 0.7835214120370371 0.04998553240740744 0.0341435185185186
2 0.1896339699074074 0.7001519097222222 0.037471064814814825 0.03827401620370363
2 0.2451171875 0.6459490740740741 0.05884693287037035 0.06292679398148149
3 0.3860677083333333 0.6104528356481482 0.06123408564814814 0.04845196759259274
2 0.43587239583333337 0.7712601273148147 0.04499421296296302 0.03092447916666652
2 0.28627748842592593 0.7312138310185186 0.04629629629629628 0.039771412037036935
2 0.33756510416666663 0.7478949652777778 0.03729021990740744 0.03339120370370363
2 0.6788194444444444 0.6482638888888889 0.08376736111111116 0.07804542824074079
2 0.5810185185185185 0.7964265046296296 0.05302372685185186 0.03724681712962963
2 0.1472439236111111 0.6869212962962963 0.05327690972222221 0.04408275462962963
2 0.8581814236111112 0.7290509259259259 0.0819950810185186 0.05650318287037037
2 0.11248553240740741 0.6692708333333334 0.03446903935185186 0.036147280092592604
3 0.5064019097222222 0.28140914351851853 0.12604890046296302 0.11465567129629628
2 0.6609881365740741 0.7456235532407407 0.0590639467592593 0.042476851851851904
3 0.36541521990740744 0.23700086805555554 0.12738715277777768 0.1244791666666667
2 0.9848451967592593 0.6300202546296296 0.0303096064814814 0.0683810763888888
2 0.05497685185185186 0.6424768518518519 0.0546875 0.055859375000000044
2 0.03370949074074075 0.1998046875 0.058159722222222224 0.149609375
3 0.17104311342592593 0.5402199074074074 0.04676649305555558 0.052466724537036935
3 0.5210865162037037 0.6515842013888888 0.04517505787037024 0.03580729166666652
3 0.7190393518518519 0.4187355324074074 0.08608217592592604 0.08792679398148151
2 0.9187282986111112 0.7326388888888888 0.05407262731481488 0.03925781249999982
2 0.7872902199074074 0.7618778935185185 0.05381944444444442 0.032421875000000044
3 0.11291956018518517 0.18111255787037037 0.08734809027777779 0.09579716435185187
3 0.9769603587962963 0.3485966435185185 0.04607928240740744 0.06769386574074066
3 0.9260344328703705 0.2984809027777778 0.06763599537037024 0.08975694444444449
2 0.623951099537037 0.7979962384259259 0.04307725694444464 0.03178530092592591
2 0.7326750578703705 0.7079716435185186 0.0692997685185186 0.055750868055555625
2 0.031792534722222224 0.49006799768518516 0.02973090277777779 0.06607349537037033
3 0.8585069444444444 0.5010561342592592 0.06224681712962976 0.07579571759259274
3 0.05649594907407408 0.5519458912037037 0.04821325231481481 0.03891059027777777
3 0.08347800925925927 0.6490379050925925 0.04546440972222221 0.04361979166666652
3 0.23173466435185186 0.7055700231481481 0.05291521990740744 0.03431712962962963