2 0.1535373263888889 0.4994574652777778 0.13498263888888884 0.1620442708333334
2 0.34968171296296297 0.5292462384259259 0.1279658564814815 0.14637586805555558
2 0.45619936342592593 0.5554398148148149 0.11176215277777768 0.13844762731481475
2 0.5661530671296297 0.5484375 0.12803819444444442 0.14735243055555558
2 0.24027054398148148 0.5157335069444444 0.12022569444444448 0.14729456018518516
2 0.6576967592592593 0.5393446180555556 0.10615596064814814 0.12864583333333335
2 0.07020399305555555 0.49004629629629626 0.11469184027777779 0.13846932870370376
2 0.7362919560185186 0.5467664930555556 0.10803674768518512 0.12768373842592595
2 0.8595558449074074 0.1754050925925926 0.15049913194444442 0.09481336805555557
2 0.9308449074074074 0.5716579861111111 0.06032986111111116 0.07657696759259247
2 0.024269386574074073 0.34498697916666665 0.04853877314814815 0.1020833333333333
2 0.7823712384259259 0.5578559027777779 0.1118344907407407 0.13942418981481497
2 0.8543836805555556 0.575 0.0946542245370372 0.07878327546296315
2 0.9656756365740741 0.2201605902777778 0.04680266203703698 0.13113425925925926