2 0.455078125 0.4892578125 0.267578125 0.1845703125
2 0.890625 0.3984375 0.064453125 0.0595703125
2 0.2236328125 0.763671875 0.322265625 0.224609375
2 0.791015625 0.3310546875 0.0703125 0.0498046875
2 0.181640625 0.359375 0.1513671875 0.0966796875
2 0.173828125 0.296875 0.1279296875 0.0673828125
2 0.671875 0.3046875 0.1044921875 0.0673828125
3 0.5751953125 0.5966796875 0.125 0.0986328125
2 0.169921875 0.2607421875 0.107421875 0.046875
2 0.310546875 0.2685546875 0.107421875 0.0576171875
2 0.5986328125 0.2216796875 0.060546875 0.029296875
2 0.779296875 0.267578125 0.0625 0.046875
2 0.513671875 0.2236328125 0.0830078125 0.0439453125
2 0.708984375 0.275390625 0.068359375 0.048828125
2 0.6484375 0.251953125 0.0595703125 0.037109375
2 0.5751953125 0.2548828125 0.0830078125 0.046875
2 0.978515625 0.408203125 0.0419921875 0.0498046875
3 0.6640625 0.7216796875 0.146484375 0.1064453125
3 0.2421875 0.603515625 0.126953125 0.0859375
2 0.6923828125 0.228515625 0.0439453125 0.029296875
2 0.548828125 0.201171875 0.0576171875 0.03125
3 0.3359375 0.298828125 0.046875 0.029296875
2 0.462890625 0.205078125 0.0595703125 0.0361328125
3 0.7763671875 0.8359375 0.125 0.0830078125
3 0.357421875 0.330078125 0.046875 0.029296875
3 0.212890625 0.5 0.080078125 0.0595703125
2 0.1845703125 0.203125 0.060546875 0.037109375
3 0.7890625 0.392578125 0.0498046875 0.037109375
3 0.4267578125 0.416015625 0.076171875 0.0625
3 0.84375 0.439453125 0.0517578125 0.0390625
2 0.431640625 0.189453125 0.056640625 0.0283203125
3 0.380859375 0.369140625 0.0673828125 0.044921875
2 0.359375 0.2001953125 0.060546875 0.041015625
3 0.205078125 0.4248046875 0.064453125 0.044921875
2 0.1796875 0.2265625 0.0732421875 0.0361328125
2 0.2841796875 0.248046875 0.09375 0.044921875
2 0.279296875 0.208984375 0.072265625 0.0341796875
2 0.0361328125 0.259765625 0.0546875 0.041015625
3 0.9638671875 0.5576171875 0.044921875 0.0419921875
3 0.728515625 0.3486328125 0.0498046875 0.029296875
2 0.2861328125 0.21875 0.072265625 0.03125
3 0.9033203125 0.498046875 0.0546875 0.044921875
3 0.9326171875 0.4501953125 0.056640625 0.0419921875
3 0.978515625 0.5029296875 0.0419921875 0.0498046875
3 0.841796875 0.3701171875 0.0576171875 0.0390625
3 0.7470703125 0.3095703125 0.0439453125 0.037109375
3 0.611328125 0.291015625 0.0517578125 0.046875
3 0.5234375 0.2470703125 0.0419921875 0.037109375
3 0.90625 0.3642578125 0.046875 0.029296875
3 0.8701171875 0.3408203125 0.0390625 0.0283203125
3 0.841796875 0.318359375 0.0361328125 0.0283203125