2 0.462890625 0.4111328125 0.09375 0.1064453125
2 0.611328125 0.3857421875 0.09375 0.0986328125
2 0.376953125 0.4248046875 0.0859375 0.111328125
2 0.2890625 0.435546875 0.083984375 0.1044921875
2 0.140625 0.4658203125 0.0986328125 0.1064453125
2 0.5419921875 0.3955078125 0.0986328125 0.109375
2 0.6796875 0.384765625 0.091796875 0.087890625
2 0.7685546875 0.376953125 0.0859375 0.072265625
2 0.8466796875 0.8076171875 0.224609375 0.15625
2 0.822265625 0.376953125 0.0810546875 0.0751953125
3 0.220703125 0.474609375 0.064453125 0.0654296875
2 0.908203125 0.373046875 0.0966796875 0.072265625
2 0.982421875 0.380859375 0.033203125 0.0517578125
3 0.724609375 0.396484375 0.0439453125 0.0419921875
3 0.8564453125 0.3984375 0.044921875 0.0341796875
3 0.873046875 0.380859375 0.041015625 0.041015625