2 0.41919849537037035 0.5038628472222222 0.17201967592592604 0.13945312500000018
2 0.2080078125 0.37406684027777776 0.10944733796296291 0.08342013888888888
2 0.5288990162037037 0.4183376736111111 0.1537905092592593 0.09513888888888888
2 0.23079427083333331 0.6560546875 0.20760995370370372 0.17829861111111112
2 0.39554398148148145 0.29809027777777775 0.08286313657407407 0.05062934027777777
2 0.6809534143518519 0.4823133680555556 0.1504267939814814 0.10970052083333326
2 0.7555338541666667 0.3686414930555556 0.10680700231481488 0.06482204861111107
2 0.6212022569444444 0.6178168402777777 0.23419415509259256 0.15839843749999982
2 0.44809751157407407 0.2777560763888889 0.0746889467592593 0.04069010416666663
3 0.5478153935185185 0.7520399305555555 0.12330005787037046 0.08860677083333335
2 0.7227285879629629 0.4099392361111111 0.1142578125 0.05523003472222221
2 0.7126736111111112 0.4439236111111111 0.14330150462962976 0.07539062500000004
3 0.16221788194444445 0.4228949652777778 0.053204571759259245 0.04021267361111103
3 0.04097945601851852 0.5032769097222223 0.05631510416666666 0.04516059027777786
3 0.46954571759259256 0.46393229166666666 0.07486979166666674 0.04557291666666663
2 0.5904947916666666 0.36497395833333335 0.08807146990740744 0.05952690972222219
3 0.34389467592592593 0.5842881944444445 0.09848813657407407 0.07732204861111125
3 0.1489800347222222 0.7539279513888888 0.09183304398148151 0.08205295138888902
3 0.6537543402777778 0.5569661458333334 0.08807146990740744 0.05952690972222219
3 0.10011574074074074 0.46354166666666663 0.06210214120370369 0.04333767361111107
3 0.47931134259259256 0.8599826388888889 0.15046296296296302 0.05798611111111107
3 0.055953414351851846 0.8114800347222222 0.09479890046296297 0.08309461805555562
3 0.26971209490740744 0.3705512152777778 0.03700086805555558 0.024240451388888862
3 0.36313657407407407 0.3286458333333333 0.03700086805555558 0.024240451388888973
3 0.5503472222222222 0.39340277777777777 0.05291521990740744 0.03240017361111114
3 0.32114438657407407 0.3541015625 0.03729021990740744 0.03205295138888897
3 0.4901620370370371 0.27673611111111107 0.03750723379629628 0.03791232638888897