2 0.6491536458333333 0.5880353009259259 0.15321180555555558 0.0942201967592593
2 0.5916449652777778 0.7109375 0.11540798611111103 0.06022135416666674
2 0.7728298611111111 0.21668836805555555 0.24381510416666652 0.09118200231481483
3 0.6823784722222221 0.4134476273148148 0.13253038194444455 0.08488859953703709
3 0.6617621527777777 0.5048466435185186 0.1205729166666667 0.0732783564814814
3 0.7192708333333333 0.2939091435185185 0.1616536458333333 0.12311921296296302
3 0.2977430555555556 0.5991753472222222 0.08489583333333339 0.04723668981481488
3 0.8801649305555556 0.4486400462962963 0.08904079861111103 0.05826822916666674
3 0.25049913194444445 0.48025173611111116 0.12858072916666663 0.08264612268518512
3 0.20075954861111112 0.38559751157407407 0.13151041666666663 0.08286313657407407
2 0.9670572916666667 0.5881076388888888 0.042187500000000044 0.05577256944444464
3 0.606640625 0.6523799189814814 0.08205295138888902 0.05092592592592604
3 0.2743923611111111 0.5495153356481481 0.11655815972222228 0.06810619212962976
2 0.7708116319444445 0.6596498842592593 0.06846788194444442 0.05381944444444442
3 0.18372395833333333 0.2718460648148148 0.13971354166666672 0.10101996527777779
3 0.9388454861111111 0.36103877314814814 0.10703124999999991 0.12199797453703698
3 0.040961371527777776 0.40212673611111116 0.08192274305555555 0.08991608796296302
3 0.08138020833333334 0.4755497685185185 0.0769314236111111 0.08369502314814814
3 0.1308376736111111 0.5388816550925926 0.0844401041666667 0.07060185185185186
3 0.16104600694444443 0.5880714699074074 0.07439236111111114 0.05718315972222232
3 0.20319010416666666 0.6283637152777778 0.06341145833333334 0.04564525462962954
3 0.3251519097222222 0.6422887731481481 0.08702256944444442 0.0551938657407407
3 0.34203559027777775 0.6748408564814815 0.06820746527777777 0.04210069444444442
3 0.35709635416666663 0.7013888888888888 0.05835503472222214 0.03747106481481488
3 0.37328559027777775 0.7211733217592593 0.047330729166666696 0.02398003472222232
3 0.8040364583333333 0.5730975115740742 0.09335937499999991 0.0771122685185186
3 0.778515625 0.62109375 0.06864149305555545 0.06163194444444442
3 0.9110894097222222 0.641673900462963 0.06134982638888875 0.04061776620370372
3 0.8820963541666667 0.669849537037037 0.04463975694444455 0.03450520833333348
3 0.8532986111111112 0.6892361111111112 0.028884548611111116 0.02748842592592604
3 0.7071614583333333 0.7067780671296297 0.036762152777777724 0.03099681712962954
3 0.6783637152777777 0.7261646412037037 0.03758680555555571 0.02423321759259256
3 0.5723307291666666 0.7437427662037037 0.03465711805555571 0.02401620370370372
3 0.1390625 0.1687644675925926 0.16586371527777777 0.09320746527777779