2 0.2925564236111111 0.49147858796296295 0.13024450231481477 0.1571976273148148
2 0.19783709490740742 0.5562138310185185 0.1250868055555555 0.1386067708333334
2 0.6409432870370371 0.6425130208333334 0.1567274305555557 0.16520543981481461
2 0.3760706018518518 0.4579137731481482 0.14052372685185177 0.126027199074074
2 0.4527054398148148 0.4272280092592593 0.12146267361111107 0.09171006944444438
2 0.504955150462963 0.394408275462963 0.10065104166666661 0.07105034722222214
2 0.10643807870370371 0.594603587962963 0.12454427083333333 0.16789641203703698
2 0.7327401620370371 0.5113425925925926 0.09212239583333348 0.08856336805555554
2 0.5666666666666667 0.3821686921296296 0.09163049768518516 0.055360243055555536
2 0.03895399305555555 0.6468026620370371 0.0779079861111111 0.20962094907407414
2 0.7633174189814815 0.35920862268518516 0.04745370370370372 0.039409722222222276
2 0.7747395833333333 0.44524016203703703 0.05835503472222214 0.05023148148148149
2 0.6610677083333334 0.3389178240740741 0.08674768518518539 0.05532407407407414
2 0.6276475694444444 0.35332031249999996 0.08182146990740735 0.052358217592592515
2 0.7061487268518518 0.3285083912037037 0.06609519675925934 0.045406539351851904
3 0.49632523148148144 0.7791521990740741 0.1816116898148148 0.13121383101851847
2 0.22983217592592592 0.3083767361111111 0.07877604166666663 0.04452401620370372
2 0.13572048611111112 0.33209635416666666 0.08858506944444444 0.04752604166666663
2 0.04136284722222222 0.3724175347222222 0.07683738425925926 0.045486111111111116
2 0.3259403935185185 0.28174189814814815 0.06307870370370372 0.039525462962963
2 0.6039351851851852 0.37170138888888893 0.06517650462962954 0.04930555555555549