2 0.3486328125 0.2919921875 0.080078125 0.0517578125
3 0.544921875 0.591796875 0.0986328125 0.072265625
3 0.314453125 0.5390625 0.0908203125 0.064453125
3 0.396484375 0.484375 0.080078125 0.0576171875
3 0.263671875 0.3544921875 0.052734375 0.0361328125
2 0.958984375 0.837890625 0.0810546875 0.0703125
3 0.314453125 0.328125 0.0390625 0.0263671875
3 0.4580078125 0.685546875 0.130859375 0.0966796875
3 0.6533203125 0.453125 0.0703125 0.044921875
3 0.4423828125 0.423828125 0.0546875 0.0419921875
3 0.4013671875 0.287109375 0.037109375 0.0205078125
3 0.4375 0.2705078125 0.037109375 0.0185546875
3 0.6201171875 0.5185546875 0.0810546875 0.0595703125
3 0.5361328125 0.396484375 0.0732421875 0.052734375
3 0.4736328125 0.2548828125 0.0419921875 0.021484375
3 0.958984375 0.7392578125 0.064453125 0.076171875