2 0.6126953125000001 0.43235677083333335 0.1917968750000001 0.14175347222222223
2 0.3108723958333333 0.4674262152777777 0.15540364583333333 0.15167100694444446
2 0.5501953125000001 0.5804470486111111 0.1255859374999999 0.09932725694444455
2 0.4412760416666667 0.7070746527777778 0.07363281249999998 0.05136718749999991
2 0.29173177083333335 0.6644314236111111 0.06920572916666667 0.05809461805555571
2 0.10983072916666667 0.38582899305555557 0.14375 0.1962673611111111
2 0.2814453125 0.23140190972222222 0.17812499999999998 0.2145833333333333
2 0.24127604166666666 0.6411024305555555 0.05833333333333335 0.05590277777777786
2 0.6274088541666667 0.6090494791666666 0.0922526041666667 0.0673828125
2 0.94833984375 0.14991319444444445 0.10332031249999996 0.1040364583333333
2 0.5302083333333333 0.7207465277777778 0.06269531250000004 0.048198784722222054
2 0.350390625 0.6787760416666667 0.06582031249999998 0.051193576388888884
3 0.5143880208333333 0.3660807291666667 0.09270833333333339 0.07421875
2 0.6221354166666666 0.7353298611111111 0.060546875 0.045225694444444464
2 0.07493489583333333 0.5665581597222222 0.061914062500000006 0.06573350694444446
2 0.13854166666666667 0.5964409722222223 0.06191406249999998 0.06573350694444446
3 0.6826822916666666 0.46992187500000004 0.0630208333333333 0.053081597222222276
3 0.49993489583333334 0.5307074652777778 0.05794270833333337 0.05004340277777786
2 0.7246744791666666 0.7330512152777777 0.052734375 0.045052083333333215
3 0.41289062499999996 0.4866753472222223 0.0902994791666667 0.06733940972222219
3 0.4171223958333333 0.3007595486111111 0.10872395833333337 0.08042534722222228
3 0.17421874999999998 0.17803819444444446 0.09407552083333337 0.0800998263888889
3 0.21477864583333334 0.40501302083333335 0.09440104166666663 0.0849826388888889
3 0.191015625 0.6060329861111111 0.047721354166666674 0.042990451388888795
2 0.8534505208333333 0.6402126736111111 0.078125 0.04561631944444455
3 0.07747395833333333 0.14986979166666667 0.09596354166666668 0.06453993055555557
3 0.4001953125 0.6776692708333334 0.03574218750000002 0.02419704861111116
3 0.4879557291666667 0.7031032986111111 0.029882812500000022 0.024066840277777724
2 0.9517578124999999 0.6624782986111111 0.04622395833333348 0.03515625
2 0.7574869791666667 0.7264539930555556 0.05143229166666652 0.04014756944444442
2 0.9836751302083333 0.2849609375 0.03264973958333339 0.12901475694444442
3 0.7231119791666667 0.5189019097222222 0.05546875000000018 0.042187500000000044
3 0.9757161458333333 0.20210503472222222 0.04856770833333335 0.07456597222222222
2 0.7854166666666667 0.7199652777777777 0.04166666666666674 0.03993055555555558
2 0.8188151041666667 0.7074869791666667 0.03841145833333348 0.03498263888888875
2 0.77421875 0.6693576388888889 0.07115885416666679 0.04351128472222232
3 0.6878255208333333 0.7231119791666667 0.029752604166666696 0.022113715277777946
3 0.5749348958333333 0.7168185763888889 0.03899739583333339 0.029144965277777768
3 0.0591796875 0.3008897569444444 0.08470052083333333 0.10036892361111116
3 0.8577473958333333 0.6899956597222223 0.051888020833333215 0.032356770833333215