2 0.123046875 0.6531756365740741 0.2192925347222222 0.19813368055555558
2 0.19952256944444444 0.3492476851851852 0.07458043981481483 0.04173900462962965
2 0.05170717592592593 0.46437355324074076 0.10341435185185185 0.07794415509259267
2 0.18393373842592595 0.7931857638888888 0.2721209490740741 0.15234375
2 0.01369719328703704 0.8393735532407407 0.02739438657407408 0.07103587962962976
3 0.422533275462963 0.45012297453703703 0.045623553240740744 0.02994791666666663
3 0.5762152777777778 0.4054542824074074 0.05039062499999991 0.02817563657407407
3 0.6353732638888889 0.4266493055555556 0.0625723379629628 0.03642216435185186
3 0.3798611111111111 0.4302662037037037 0.04033564814814805 0.0229311342592593
3 0.6444010416666667 0.5373987268518519 0.06803385416666674 0.0463686342592593
3 0.4882957175925926 0.4749710648148148 0.05475983796296302 0.0361328125
3 0.3418981481481481 0.41315827546296297 0.03441840277777786 0.02173755787037035
3 0.07991898148148148 0.49301938657407407 0.07877604166666666 0.04676649305555558
3 0.5643952546296296 0.5062572337962963 0.06481481481481488 0.04137731481481488
3 0.7010778356481482 0.4524739583333333 0.06268807870370363 0.03837528935185186
3 0.7673611111111112 0.4685329861111111 0.06774450231481488 0.0414858217592593
3 0.7320457175925925 0.5711805555555556 0.0732060185185186 0.05143229166666652
3 0.5246383101851851 0.3878761574074074 0.054412615740740744 0.0302734375
3 0.4246961805555556 0.3642939814814815 0.042115162037037024 0.02007378472222232
3 0.8160662615740741 0.6167896412037037 0.0659143518518519 0.05993200231481488
3 0.305541087962963 0.40183738425925924 0.030338541666666607 0.01866319444444442
3 0.4630063657407407 0.3755425347222222 0.04223090277777786 0.02202690972222221
3 0.8251374421296296 0.4966001157407407 0.05568576388888902 0.0517578125
3 0.2834273726851852 0.39680989583333337 0.029824942129629606 0.02643952546296302
3 0.2579282407407407 0.38313802083333337 0.026490162037037024 0.0194950810185186
3 0.24891493055555558 0.37080439814814814 0.026605902777777746 0.02144820601851849
3 0.17391493055555557 0.7156032986111112 0.11068431712962962 0.1083622685185186