2 0.5002604166666667 0.6916232638888888 0.07072482638888888 0.07769097222222232
2 0.39236111111111116 0.7288773148148149 0.04123263888888884 0.05027488425925908
2 0.44364149305555556 0.7162181712962963 0.06354166666666661 0.06962528935185186
2 0.2531684027777778 0.45818865740740744 0.1811848958333333 0.10615596064814814
2 0.5940321180555556 0.5785951967592593 0.09663628472222219 0.13422309027777768
2 0.2280815972222222 0.7300708912037037 0.07426215277777781 0.04759837962962976
2 0.3517795138888889 0.740162037037037 0.045768229166666674 0.04264322916666652
2 0.2915798611111111 0.7061993634259259 0.06004774305555549 0.05682146990740744
2 0.9083550347222222 0.6080367476851851 0.06937934027777781 0.04741753472222232
3 0.5135416666666667 0.5942925347222222 0.07478298611111112 0.05931712962962954
2 0.8519965277777777 0.6384910300925926 0.06946614583333321 0.04937065972222232
2 0.7908854166666667 0.6720558449074074 0.07035590277777781 0.04745370370370372
3 0.3355902777777778 0.6840277777777778 0.03543836805555556 0.02958622685185186
2 0.5715711805555556 0.7554976851851851 0.056336805555555536 0.0391348379629628
2 0.221875 0.7664930555555556 0.043164062500000044 0.02792245370370372
2 0.3228732638888889 0.7940538194444444 0.037087673611111094 0.02282262731481488
2 0.6649088541666667 0.6327039930555556 0.09351128472222214 0.10778356481481488
2 0.2949001736111111 0.7588975694444444 0.04329427083333326 0.03085214120370372
3 0.37875434027777777 0.6648220486111112 0.040668402777777724 0.03757957175925908
2 0.3589192708333333 0.7907624421296295 0.03717447916666661 0.02477575231481488
2 0.26742621527777777 0.8009982638888888 0.03704427083333339 0.02184606481481488
2 0.7332465277777778 0.6957103587962963 0.07230902777777781 0.04752604166666674
2 0.3999348958333333 0.7892433449074074 0.041970486111111205 0.02300347222222232
3 0.26653645833333334 0.7589699074074074 0.021072048611111116 0.01345486111111116
2 0.1388671875 0.7695674189814815 0.04622395833333337 0.03096064814814814
2 0.6276909722222221 0.7416811342592593 0.05913628472222232 0.03631365740740744
2 0.45436197916666665 0.7813585069444444 0.035351562500000044 0.02763310185185186
2 0.21134982638888888 0.7717737268518519 0.045117187500000044 0.02799479166666674
3 0.4320529513888889 0.6315465856481481 0.05490451388888884 0.05078125
2 0.20776909722222223 0.8012514467592593 0.029904513888888873 0.01475694444444442
2 0.31200086805555555 0.7475043402777778 0.04351128472222221 0.03573495370370372
3 0.3997829861111111 0.3236400462962963 0.12558593750000002 0.1274956597222222
3 0.5157118055555555 0.2029441550925926 0.15948350694444446 0.14435040509259262
3 0.5569227430555556 0.6680049189814815 0.05180121527777781 0.04676649305555558