2 0.412109375 0.421875 0.0966796875 0.0908203125
2 0.5859375 0.3798828125 0.111328125 0.0810546875
2 0.7451171875 0.3544921875 0.0859375 0.0546875
3 0.3154296875 0.46875 0.0888671875 0.0654296875
3 0.2265625 0.5 0.080078125 0.068359375
2 0.494140625 0.263671875 0.0341796875 0.025390625
3 0.1435546875 0.5283203125 0.0732421875 0.0673828125
3 0.501953125 0.4169921875 0.0703125 0.046875
2 0.2705078125 0.3017578125 0.0361328125 0.0341796875
2 0.306640625 0.294921875 0.0341796875 0.03125
3 0.068359375 0.546875 0.0654296875 0.060546875
2 0.392578125 0.244140625 0.0283203125 0.0263671875
2 0.5205078125 0.2578125 0.0341796875 0.0234375
3 0.6982421875 0.376953125 0.0419921875 0.0234375
3 0.4580078125 0.271484375 0.0283203125 0.0126953125
2 0.607421875 0.224609375 0.0361328125 0.0234375
2 0.4169921875 0.240234375 0.0234375 0.0185546875
2 0.5263671875 0.2265625 0.037109375 0.0205078125
2 0.462890625 0.248046875 0.0419921875 0.021484375
2 0.365234375 0.2451171875 0.0263671875 0.0234375
2 0.923828125 0.337890625 0.048828125 0.033203125
3 0.4013671875 0.283203125 0.03125 0.0185546875
2 0.5625 0.205078125 0.029296875 0.017578125
3 0.5703125 0.3076171875 0.0390625 0.0234375
2 0.4716796875 0.232421875 0.044921875 0.025390625
3 0.65625 0.3984375 0.046875 0.037109375
3 0.7939453125 0.3720703125 0.037109375 0.0263671875
3 0.826171875 0.369140625 0.021484375 0.0185546875
3 0.84375 0.3564453125 0.0234375 0.0234375