2 0.5654296875 0.5498046875 0.1435546875 0.1796875
2 0.697265625 0.560546875 0.1220703125 0.1875
2 0.3544921875 0.5126953125 0.1435546875 0.1513671875
2 0.2060546875 0.4814453125 0.107421875 0.123046875
2 0.1376953125 0.7001953125 0.154296875 0.1328125
2 0.3564453125 0.794921875 0.279296875 0.1845703125
3 0.2734375 0.529296875 0.0576171875 0.0654296875
3 0.451171875 0.568359375 0.0859375 0.0986328125
2 0.0419921875 0.5048828125 0.072265625 0.0625
2 0.9609375 0.8408203125 0.078125 0.068359375
3 0.865234375 0.6376953125 0.072265625 0.1044921875
3 0.78125 0.625 0.0654296875 0.1015625
3 0.927734375 0.634765625 0.060546875 0.0830078125
2 0.8466796875 0.189453125 0.1279296875 0.107421875
2 0.732421875 0.8486328125 0.359375 0.0986328125