2 0.36328125 0.5658420138888889 0.13639322916666674 0.09366319444444438
2 0.7322048611111112 0.4671440972222222 0.15089699074074092 0.14492187499999998
2 0.45326967592592593 0.6431640624999999 0.07689525462962965 0.06571180555555545
2 0.4814453125 0.40186631944444445 0.21723090277777768 0.17317708333333337
2 0.29314959490740744 0.6375434027777778 0.08977141203703698 0.055577256944444375
2 0.5789207175925926 0.32894965277777777 0.20232928240740744 0.18224826388888893
2 0.5432219328703703 0.6009548611111111 0.11024305555555558 0.09542100694444455
2 0.4128689236111111 0.6665147569444445 0.08817997685185186 0.06037326388888875
2 0.7561848958333334 0.6453776041666667 0.06553819444444442 0.04379340277777777
2 0.7076099537037037 0.6641927083333333 0.0556278935185186 0.04140625000000009
2 0.7994068287037037 0.6601128472222222 0.05772569444444442 0.04344618055555571
2 0.0806568287037037 0.16297743055555555 0.14210792824074073 0.09197048611111114
3 0.6596860532407407 0.5066189236111112 0.06611689814814814 0.05160590277777777
2 0.0699146412037037 0.5073567708333333 0.06944444444444445 0.07024739583333339
2 0.6363932291666667 0.6947916666666667 0.06575520833333348 0.04672309027777777
3 0.45540364583333337 0.47356770833333334 0.05794270833333326 0.0463758680555556
2 0.7589337384259259 0.6824869791666667 0.0522641782407407 0.03541666666666665
2 0.49920428240740744 0.6283854166666667 0.09353298611111116 0.080078125
3 0.40639467592592593 0.5129774305555556 0.06123408564814814 0.05138888888888893
2 0.07414641203703705 0.4454427083333333 0.08995225694444445 0.12371961805555554
2 0.36693431712962965 0.6812934027777777 0.06380208333333326 0.04663628472222214
2 0.33901186342592593 0.7011501736111111 0.05743634259259256 0.03953993055555549
2 0.6814959490740742 0.7084635416666667 0.0526982060185186 0.04127604166666665
3 0.8006004050925926 0.6100911458333333 0.04354745370370372 0.036002604166666785
2 0.06391059027777779 0.32048611111111114 0.091796875 0.16176215277777772
2 0.2564019097222222 0.6705295138888889 0.07671440972222232 0.05013020833333348
3 0.5943648726851852 0.5506727430555556 0.0712890625 0.05572916666666661
3 0.06351273148148148 0.22252604166666667 0.08463541666666669 0.09136284722222221
2 0.48853443287037035 0.7356553819444445 0.04940682870370372 0.036263020833333215
2 0.578052662037037 0.714040798611111 0.07085503472222232 0.04986979166666661
2 0.7198350694444444 0.6969618055555555 0.05421730324074092 0.035503472222222276
3 0.6735749421296297 0.6676649305555555 0.03284143518518512 0.022873263888888884
2 0.3265335648148148 0.598828125 0.10094762731481477 0.06191406250000009
3 0.7116247106481481 0.2554470486111111 0.14850983796296302 0.11269531249999998
3 0.5157696759259259 0.7197482638888889 0.04680266203703698 0.027387152777777812
3 0.0798972800925926 0.40403645833333335 0.07298900462962962 0.06553819444444442
3 0.08264612268518519 0.5469618055555555 0.03276909722222224 0.021896701388888884
3 0.0867332175925926 0.5624565972222222 0.030671296296296308 0.01985677083333348
3 0.0849609375 0.5782118055555556 0.022786458333333315 0.018532986111110983
2 0.09045862268518519 0.6524305555555555 0.08040364583333334 0.07365451388888888
2 0.9908040364583333 0.5252170138888889 0.01839192708333348 0.06701388888888893
2 0.9904242621527778 0.5713324652777778 0.01915147569444442 0.04748263888888893
2 0.9791485821759259 0.5986979166666666 0.04170283564814814 0.06323784722222214