2 0.29260706018518523 0.31714409722222225 0.07848668981481488 0.06475694444444446
2 0.4521484375 0.5923828125 0.1401548032407407 0.2021773726851852
2 0.5432581018518519 0.4501880787037037 0.10297309027777768 0.12010995370370381
2 0.31514033564814814 0.604246238425926 0.16572627314814814 0.20781249999999996
2 0.6838107638888888 0.44797453703703705 0.11049623842592604 0.11252893518518525
2 0.23111979166666666 0.3443287037037037 0.07468894675925924 0.06757089120370363
2 0.7609592013888888 0.44568865740740743 0.08412905092592604 0.11174768518518519
2 0.48907696759259256 0.28010706018518516 0.06217447916666674 0.07207754629629637
2 0.6447844328703703 0.29012586805555557 0.05349392361111116 0.048408564814814814
2 0.09971788194444445 0.41553096064814815 0.059751157407407385 0.05932436342592595
2 0.5981626157407407 0.28467881944444445 0.05447048611111116 0.04843750000000002
2 0.8139105902777777 0.4382667824074074 0.0790653935185186 0.08038194444444446
2 0.7895326967592593 0.306322337962963 0.05360243055555536 0.051338252314814814
2 0.9006799768518519 0.33424479166666665 0.0502748842592593 0.0405092592592593
3 0.5665147569444444 0.638744212962963 0.11733217592592604 0.13906973379629628
2 0.7245732060185185 0.2955656828703704 0.05859375 0.054412615740740744
2 0.8572048611111112 0.3228515625 0.03251591435185164 0.035105613425926
3 0.4257450810185185 0.30441984953703705 0.04824942129629628 0.038498263888888884
2 0.8310185185185186 0.31875 0.03063512731481488 0.03700086805555558
2 0.16854745370370372 0.3744719328703704 0.06499565972222221 0.06923466435185177
2 0.8609302662037037 0.4329716435185185 0.0619936342592593 0.06719473379629626
3 0.3648726851851852 0.3150028935185185 0.05107060185185186 0.03565538194444451
2 0.9067563657407407 0.4335648148148148 0.06315104166666652 0.07210648148148158
2 0.928783275462963 0.3392650462962963 0.03258825231481488 0.037058738425926
3 0.03381799768518518 0.47824797453703705 0.06763599537037036 0.07866030092592591
3 0.6851128472222222 0.30746527777777777 0.04597077546296302 0.029651331018518468
3 0.7591145833333333 0.3111255787037037 0.04351128472222232 0.042259837962962954