2 0.8022352430555555 0.40197482638888893 0.10193142361111107 0.1250795717592592
2 0.21697048611111114 0.5586371527777778 0.18960503472222223 0.14423466435185173
2 0.7237847222222222 0.3619791666666667 0.09891493055555545 0.1044704861111111
2 0.6544777199074074 0.32836371527777775 0.10324074074074074 0.09398148148148144
2 0.9493453414351851 0.4782624421296296 0.10130931712962976 0.12563657407407403
2 0.5801721643518518 0.3116536458333333 0.1000578703703705 0.08894675925925921
2 0.11911168981481482 0.4276041666666667 0.11367910879629628 0.08867910879629637
2 0.17965133101851855 0.49986255787037037 0.15067274305555556 0.10715422453703694
2 0.42694589120370374 0.2647641782407407 0.08584346064814818 0.05899160879629628
2 0.5143518518518518 0.2886284722222222 0.09416232638888888 0.06916232638888886
3 0.867064525462963 0.44365596064814816 0.07385706018518512 0.07200520833333335
3 0.3248046875 0.6176721643518519 0.11953848379629628 0.08898292824074083
2 0.9889286747685185 0.5177734375 0.02214265046296293 0.10995370370370372
2 0.10456452546296297 0.29812644675925926 0.06755642361111114 0.044408275462963
2 0.2974754050925926 0.20391348379629629 0.04068287037037033 0.033275462962962965
2 0.23174189814814813 0.20144675925925926 0.0505497685185185 0.03573495370370372
2 0.21618200231481483 0.18462818287037036 0.027481192129629628 0.022851562499999978
3 0.4633680555555556 0.28735532407407405 0.05403645833333326 0.04662905092592595
3 0.17511574074074074 0.4501591435185185 0.0773726851851852 0.04589120370370381