2 0.6090928819444444 0.2972294560185185 0.23396267361111112 0.20972945601851856
2 0.3296440972222222 0.18797743055555555 0.34303385416666665 0.16952401620370372
2 0.7047309027777777 0.43713831018518523 0.22588252314814827 0.17353877314814814
2 0.7382667824074074 0.5237991898148149 0.17075376157407396 0.11356336805555545
2 0.6115162037037036 0.7610532407407408 0.09707031250000009 0.05345052083333335
2 0.7864221643518519 0.6142578125 0.1430989583333333 0.07136863425925921
2 0.8152922453703704 0.6716579861111112 0.10003616898148149 0.05835503472222214
2 0.8335286458333333 0.7144892939814815 0.08339843750000009 0.05334924768518512
2 0.6708695023148148 0.7899088541666667 0.08825231481481488 0.04947916666666674
2 0.7584490740740741 0.5675925925925926 0.15110677083333313 0.09779369212962985
2 0.8332899305555556 0.7467158564814815 0.07249710648148144 0.03178530092592613
2 0.03919270833333333 0.7731047453703703 0.06282552083333333 0.04440827546296289
3 0.5774739583333334 0.7427517361111111 0.056915509259259256 0.0375289351851853
3 0.5279513888888889 0.7050347222222222 0.07358940972222205 0.04741753472222232