2 0.9130859375 0.791919849537037 0.173828125 0.18097511574074066
2 0.759765625 0.4802372685185185 0.123046875 0.11809895833333328
2 0.2548828125 0.6220052083333334 0.1533203125 0.22574508101851842
2 0.505859375 0.5564814814814815 0.150390625 0.18080150462962963
2 0.828125 0.47293113425925926 0.1044921875 0.11503182870370376
3 0.6044921875 0.5513527199074073 0.095703125 0.07688078703703694
2 0.537109375 0.25593171296296297 0.052734375 0.04238281249999998
3 0.6845703125 0.5285083912037037 0.076171875 0.06599392361111112
2 0.046875 0.4271050347222222 0.09375 0.05245225694444444
2 0.03515625 0.6428385416666667 0.0703125 0.1723958333333333
2 0.0859375 0.3727068865740741 0.072265625 0.04448061342592591
2 0.033203125 0.47192563657407405 0.0654296875 0.060054976851851904
2 0.498046875 0.2566189236111111 0.0517578125 0.039445891203703676
3 0.3955078125 0.6220703125 0.1123046875 0.10434751157407418
3 0.5107421875 0.357298900462963 0.0625 0.05319733796296289
3 0.087890625 0.3932291666666667 0.0546875 0.05704571759259258