2 0.575 0.3605541087962963 0.09303385416666665 0.11153790509259254
2 0.7112630208333333 0.31666666666666665 0.05312500000000009 0.052756076388888906
2 0.7546875 0.32708333333333334 0.04694010416666661 0.04752604166666663
2 0.46490885416666666 0.3648148148148148 0.11067708333333337 0.11355613425925926
2 0.10130208333333333 0.7428819444444444 0.20260416666666667 0.20539641203703707
2 0.8034505208333333 0.536841724537037 0.14811197916666674 0.1206380208333333
2 0.2734375 0.7221064814814815 0.2911458333333333 0.25264756944444455
2 0.6361979166666667 0.6043836805555556 0.2543619791666667 0.15319733796296298
2 0.8049479166666667 0.3673177083333333 0.07194010416666674 0.07235243055555562
2 0.0763671875 0.38394820601851853 0.13457031249999998 0.12178096064814814
2 0.883984375 0.5053385416666667 0.1294270833333333 0.1029947916666667
2 0.43821614583333335 0.176953125 0.083984375 0.04874855324074079
3 0.7529947916666666 0.3818865740740741 0.04361979166666652 0.04149305555555549
2 0.35553385416666666 0.19656394675925926 0.058398437499999956 0.029723668981481488
3 0.6489583333333333 0.3835648148148148 0.051953125000000044 0.04976851851851849
3 0.11022135416666666 0.3173249421296296 0.04049479166666667 0.02379918981481488
2 0.8554036458333334 0.3752097800925926 0.03873697916666652 0.04120370370370374
3 0.4354166666666667 0.33659577546296293 0.03899739583333339 0.030519386574074048
3 0.16979166666666667 0.30614872685185185 0.043424479166666696 0.023972800925925908
3 0.062239583333333334 0.33114872685185187 0.034765624999999994 0.025405092592592604
3 0.279296875 0.2812644675925926 0.046354166666666696 0.024146412037037046
3 0.33782552083333334 0.2710069444444444 0.042447916666666696 0.02391493055555549
3 0.3393229166666667 0.41031539351851853 0.06725260416666656 0.045811631944444375
3 0.22552083333333334 0.29376446759259256 0.045377604166666696 0.02408854166666674
3 0.7085286458333333 0.3870949074074074 0.04166666666666652 0.04137731481481488
3 0.6635416666666667 0.3265842013888889 0.03769531249999991 0.025578703703703742
3 0.23854166666666668 0.4219907407407407 0.05423177083333336 0.04017650462962963
2 0.948046875 0.48560474537037035 0.05208333333333348 0.08090277777777777
2 0.8881510416666667 0.36930700231481484 0.05436197916666652 0.04212962962962963
3 0.34407552083333337 0.33902633101851853 0.04062499999999991 0.02575231481481488
3 0.14303385416666667 0.4428023726851852 0.06289062499999998 0.053334780092592626
3 0.7063151041666667 0.3761791087962963 0.043424479166666696 0.0385633680555556
2 0.8223958333333333 0.2967809606481482 0.037890624999999956 0.02850839120370363
3 0.3931640625 0.26448206018518516 0.03444010416666665 0.020522280092592604
2 0.8304036458333333 0.36784577546296293 0.04999999999999982 0.04965277777777777
3 0.42278645833333334 0.6731119791666667 0.14563802083333333 0.11270978009259247
3 0.7162109375 0.5806929976851851 0.0786458333333333 0.08539496527777768
3 0.26373697916666666 0.3528935185185185 0.051236979166666696 0.03902633101851849
3 0.182421875 0.36670283564814815 0.038541666666666696 0.023683449074074048
3 0.06354166666666666 0.45868055555555554 0.06087239583333334 0.052242476851851904
3 0.4402994791666667 0.26335358796296293 0.031054687499999956 0.02810329861111116
3 0.4875 0.2612485532407407 0.030729166666666585 0.02322048611111116
3 0.5392578125 0.2643156828703704 0.02675781250000009 0.022012442129629606