2 0.7131510416666667 0.6097656250000001 0.19355468750000004 0.17102864583333321
2 0.6764539930555555 0.3994140625 0.12277922453703694 0.10384114583333337
2 0.820775462962963 0.5125 0.15120081018518516 0.11940104166666665
2 0.378783275462963 0.5357421875 0.1713541666666667 0.2046874999999999
2 0.8574797453703704 0.46028645833333337 0.1226273148148147 0.08333333333333326
2 0.7368634259259259 0.3848958333333333 0.09129774305555549 0.07050781250000004
2 0.5451027199074074 0.4560546875 0.1445601851851852 0.14531249999999996
2 0.37577401620370365 0.7883463541666667 0.24100839120370376 0.25227864583333326
2 0.8884982638888889 0.4311197916666667 0.10688657407407409 0.06666666666666665
3 0.29637586805555555 0.6112630208333334 0.09722222222222221 0.07968749999999991
3 0.6013093171296297 0.6647786458333333 0.13352864583333335 0.10553385416666661
2 0.6484230324074074 0.43658854166666666 0.10237268518518516 0.11614583333333328
3 0.5081741898148149 0.7415364583333334 0.13650896990740735 0.11256510416666665
2 0.7601273148148148 0.36302083333333335 0.10209780092592591 0.07903645833333339
2 0.470189525462963 0.4891276041666667 0.13655237268518516 0.11842447916666665
3 0.7644820601851852 0.5555989583333334 0.08044704861111107 0.055143229166666696
3 0.12730034722222222 0.7141927083333333 0.09453848379629631 0.11269531250000009
2 0.8205005787037036 0.3436197916666667 0.06087239583333348 0.047981770833333326
2 0.9300708912037037 0.3772786458333333 0.06770833333333348 0.04843750000000002
3 0.20501302083333334 0.6637369791666667 0.09737413194444444 0.10019531249999991
2 0.8593677662037037 0.3198567708333333 0.06575520833333326 0.048307291666666696
3 0.06009114583333333 0.7331380208333333 0.08092447916666667 0.1195963541666667