2 0.46998697916666665 0.4547526041666667 0.2203124999999999 0.2300347222222222
2 0.7663411458333333 0.35680700231481477 0.26686197916666665 0.22549913194444438
2 0.8196614583333333 0.4531394675925926 0.1732421875000001 0.13891059027777786
2 0.33964843749999996 0.3756004050925926 0.20625000000000004 0.23871527777777768
2 0.726953125 0.6306712962962964 0.15266927083333326 0.108499710648148
2 0.576953125 0.5350549768518519 0.18053385416666679 0.17507957175925926
2 0.666015625 0.5812934027777779 0.1694010416666667 0.15449942129629646
2 0.7735026041666666 0.6694082754629629 0.13893229166666687 0.09278067129629619
2 0.887890625 0.7437934027777777 0.07701822916666679 0.05718315972222232
2 0.21061197916666666 0.2720124421296296 0.19791666666666669 0.27476851851851847
2 0.1060546875 0.22784288194444446 0.14414062500000002 0.2148292824074074
3 0.6589192708333333 0.24035734953703702 0.12864583333333335 0.09953703703703709
2 0.9265625 0.6057436342592593 0.13984374999999982 0.1357349537037038
2 0.5747395833333333 0.7949652777777778 0.10716145833333335 0.05545428240740735
2 0.9658365885416667 0.6884620949074074 0.0683268229166667 0.0571976273148147
3 0.8549479166666667 0.7186342592592593 0.05201822916666665 0.03357204861111107
2 0.8045572916666667 0.695558449074074 0.1274088541666667 0.06634114583333339
2 0.6293619791666667 0.8082392939814815 0.06282552083333348 0.04926938657407387
3 0.8906901041666666 0.551294849537037 0.08001302083333339 0.058181423611111116
2 0.7509114583333333 0.828833912037037 0.05104166666666665 0.03356481481481488
2 0.709375 0.8213252314814814 0.07037760416666661 0.04542100694444429
2 0.9717447916666666 0.732371238425926 0.056510416666666785 0.03956886574074092
3 0.8383463541666667 0.5282335069444445 0.08111979166666661 0.04550057870370372