2 0.4189453125 0.46875 0.1201171875 0.1435546875
2 0.509765625 0.501953125 0.1298828125 0.1748046875
2 0.859375 0.630859375 0.1123046875 0.216796875
2 0.322265625 0.435546875 0.1142578125 0.1142578125
2 0.2939453125 0.7548828125 0.234375 0.1826171875
2 0.205078125 0.3935546875 0.0966796875 0.1279296875
2 0.6484375 0.5361328125 0.1171875 0.1796875
2 0.931640625 0.3828125 0.080078125 0.048828125
2 0.75 0.580078125 0.119140625 0.2158203125
2 0.0576171875 0.353515625 0.076171875 0.0654296875
2 0.2734375 0.4140625 0.1123046875 0.126953125
2 0.125 0.369140625 0.09375 0.0986328125
2 0.044921875 0.5185546875 0.072265625 0.111328125
3 0.1279296875 0.630859375 0.0986328125 0.0859375