2 0.4950086805555556 0.5346498842592593 0.10466579861111103 0.14085648148148144
2 0.38938802083333335 0.5105758101851852 0.11341145833333333 0.14033564814814814
2 0.8317925347222221 0.5550491898148149 0.09618055555555571 0.10339265046296298
2 0.7483723958333333 0.5379991319444445 0.10720486111111116 0.13221932870370368
2 0.29605034722222223 0.5184606481481482 0.09394531250000004 0.11886574074074074
2 0.16749131944444445 0.5039641203703704 0.10390624999999998 0.10184461805555545
3 0.6670355902777778 0.5621672453703703 0.05789930555555545 0.07510127314814818
3 0.5858506944444444 0.5608940972222223 0.07400173611111116 0.08665364583333313
2 0.06017795138888889 0.5179759837962963 0.07217881944444446 0.08948206018518512
2 0.009244791666666667 0.5107783564814814 0.018489583333333334 0.0957754629629628
3 0.22957899305555554 0.5385054976851852 0.0524956597222222 0.06312934027777772
3 0.9191189236111111 0.5723017939814815 0.05685763888888884 0.051663773148148184
2 0.9103949652777777 0.9007306134259259 0.10546875 0.049312789351851904