2 0.6357421875 0.4189453125 0.09375 0.142578125
3 0.5419921875 0.4375 0.0810546875 0.060546875
3 0.3515625 0.4111328125 0.138671875 0.0751953125
3 0.7138671875 0.46875 0.0576171875 0.0546875
3 0.1845703125 0.390625 0.044921875 0.0283203125
2 0.322265625 0.240234375 0.0625 0.033203125
3 0.783203125 0.4814453125 0.0517578125 0.046875
3 0.236328125 0.392578125 0.046875 0.029296875
2 0.5439453125 0.185546875 0.03125 0.0283203125
3 0.1328125 0.388671875 0.0341796875 0.0234375
3 0.4482421875 0.4267578125 0.0751953125 0.056640625
3 0.84375 0.498046875 0.0439453125 0.048828125
3 0.0966796875 0.390625 0.0283203125 0.0205078125
3 0.0625 0.3935546875 0.0263671875 0.0205078125
3 0.03125 0.3935546875 0.025390625 0.021484375