2 0.35813802083333335 0.4378544560185185 0.13854166666666667 0.12201967592592589
2 0.5591796875 0.48776765046296294 0.1830729166666667 0.14768518518518514
2 0.48854166666666665 0.5692853009259259 0.1880208333333333 0.1635127314814815
2 0.7516927083333333 0.3736545138888889 0.11679687499999991 0.07320601851851849
2 0.26666666666666666 0.7004918981481482 0.2001953125 0.24394531249999996
2 0.23111979166666669 0.3432291666666667 0.06321614583333335 0.05777633101851842
2 0.35 0.26796875 0.05481770833333344 0.033984374999999956
2 0.46334635416666664 0.26111834490740743 0.07486979166666663 0.042809606481481466
2 0.8571614583333333 0.3681857638888889 0.06061197916666661 0.06250723379629619
2 0.9136067708333333 0.3827763310185185 0.050000000000000044 0.04930555555555549
2 0.6614583333333334 0.3987702546296296 0.166015625 0.12539062499999998
3 0.3837890625 0.6370008680555556 0.11705729166666667 0.09171006944444438
3 0.2804036458333333 0.49443721064814816 0.07968750000000002 0.05668402777777781
2 0.7921875 0.30635127314814814 0.07584635416666652 0.04286024305555558
3 0.3057291666666667 0.28972800925925923 0.03815104166666661 0.017549189814814792
3 0.4267578125 0.28442563657407405 0.030143229166666674 0.014214409722222321
3 0.4832682291666667 0.3856264467592593 0.056640625 0.032132523148148184
2 0.9065755208333334 0.7656032986111111 0.07792968749999996 0.11790364583333335
2 0.7580078125 0.3373191550925926 0.0947265625 0.048705150462962976
3 0.4236328125 0.41888744212962964 0.0669270833333333 0.040451388888888884
3 0.26197916666666665 0.3036747685185185 0.04335937500000009 0.022685185185185253
2 0.2580078125 0.26106047453703707 0.03587239583333335 0.02716290509259256
3 0.39290364583333337 0.2959129050925926 0.03522135416666661 0.01739728009259256
3 0.34550781249999996 0.3061559606481481 0.04010416666666661 0.01765046296296302
3 0.5385416666666667 0.3594039351851852 0.05052083333333335 0.02792245370370372
3 0.4108072916666667 0.2609230324074074 0.030143229166666674 0.01421440972222221
2 0.648046875 0.20580150462962962 0.035351562500000044 0.019350405092592615
3 0.19752604166666665 0.5405815972222222 0.0766927083333333 0.05555555555555558
3 0.6110026041666666 0.32353153935185186 0.043424479166666696 0.023661747685185253
3 0.5230468749999999 0.25607638888888884 0.034049479166666785 0.014416956018518556
3 0.31315104166666663 0.2513888888888889 0.03216145833333339 0.015292245370370328
3 0.5722005208333334 0.33624855324074077 0.04531250000000009 0.02278645833333326
2 0.6625 0.17877604166666666 0.035351562500000044 0.01935040509259256
3 0.34479166666666666 0.24390914351851853 0.029036458333333348 0.012210648148148151
2 0.6344401041666666 0.43909866898148153 0.1616536458333333 0.13294994212962963
2 0.20338541666666668 0.24832175925925926 0.026302083333333337 0.014988425925925974
3 0.2973958333333333 0.3271412037037037 0.035351562500000044 0.01935040509259256
3 0.6395833333333334 0.30355902777777777 0.02480468750000009 0.021723090277777746
3 0.6708333333333334 0.30193865740740744 0.021679687499999822 0.018641493055555625