2 0.8897786458333333 0.6779296875 0.07552083333333326 0.07916666666666661
2 0.37701822916666666 0.6405598958333334 0.10846354166666672 0.1050202546296295
2 0.4037760416666667 0.42608506944444446 0.2031901041666666 0.20886140046296298
2 0.5984375 0.7653356481481481 0.07675781249999991 0.05381944444444442
2 0.28684895833333335 0.6663339120370371 0.11907552083333339 0.10322627314814814
2 0.46113281250000004 0.6266059027777777 0.150390625 0.14856770833333321
2 0.1126953125 0.6053747106481482 0.12018229166666666 0.09055989583333335
2 0.8347005208333333 0.48226273148148147 0.1626302083333333 0.21508969907407405
2 0.9235677083333333 0.4369574652777778 0.09928385416666652 0.15756655092592586
2 0.834375 0.7413122106481481 0.05833333333333335 0.055497685185185164
2 0.5415364583333333 0.7769314236111111 0.07408854166666679 0.05768229166666661
2 0.305078125 0.47055844907407407 0.16145833333333326 0.16824363425925926
2 0.9481119791666666 0.6584924768518519 0.07239583333333321 0.0761935763888888
2 0.8196614583333334 0.7992042824074075 0.03541666666666665 0.033695023148148096
2 0.21282552083333334 0.6850260416666667 0.087890625 0.07447193287037024
2 0.7248697916666667 0.8289568865740741 0.036263020833333215 0.0317563657407407
3 0.5408203125 0.5755714699074074 0.07558593750000009 0.050875289351851816
2 0.6904947916666666 0.7825448495370371 0.06256510416666661 0.045804398148148184
2 0.9585774739583333 0.22707609953703706 0.08284505208333348 0.21522714120370368
2 0.791015625 0.8094039351851852 0.0380859375 0.029832175925925908
2 0.9683593749999999 0.7129340277777778 0.05279947916666661 0.04565972222222214
3 0.7848958333333333 0.27771990740740743 0.10000000000000009 0.09513888888888888
2 0.6651041666666666 0.2697193287037037 0.1782552083333333 0.2884910300925926
2 0.694140625 0.8372323495370371 0.0380859375 0.029832175925925908
3 0.5430989583333333 0.37514467592592593 0.10976562500000009 0.09528356481481481
3 0.8740885416666666 0.2372974537037037 0.09563802083333339 0.10287905092592597
2 0.29563802083333335 0.7981698495370371 0.06334635416666667 0.04288917824074079
3 0.6139322916666667 0.5285445601851851 0.07903645833333339 0.05873119212962963
3 0.6595052083333333 0.7429253472222221 0.047005208333333215 0.031915509259259345
3 0.731640625 0.5052951388888889 0.09407552083333348 0.07944155092592586
3 0.7109375 0.7226128472222222 0.047005208333333215 0.031915509259259345
3 0.8307291666666667 0.6866247106481481 0.055533854166666785 0.042773437499999956
3 0.7314453125 0.7662977430555555 0.04075520833333335 0.02596932870370372
3 0.7803385416666666 0.7518880208333334 0.049088541666666874 0.03389756944444455
3 0.21549479166666669 0.534447337962963 0.05240885416666663 0.03980034722222214
3 0.2685546875 0.5092230902777778 0.06829427083333339 0.05857204861111098
3 0.1833984375 0.5662037037037038 0.044075520833333326 0.03187210648148131
3 0.7715494791666666 0.7080295138888889 0.05546875000000018 0.041796874999999956
3 0.6527994791666667 0.832957175925926 0.027539062499999822 0.01796875000000009
2 0.034895833333333334 0.17152777777777778 0.053125000000000006 0.09444444444444444
3 0.753125 0.8128978587962963 0.024609374999999822 0.017925347222222276
3 0.6218098958333333 0.8373263888888889 0.03229166666666661 0.016087962962962887
3 0.5927734375 0.8416666666666666 0.030468750000000044 0.01801215277777768
2 0.057291666666666664 0.6540943287037038 0.030208333333333323 0.05800781250000009
3 0.9689290364583334 0.39520399305555554 0.062141927083333215 0.07609230324074079
3 0.6470052083333333 0.7900318287037037 0.04296875 0.02990451388888893
3 0.6065104166666666 0.7984519675925926 0.04095052083333339 0.02889901620370372
3 0.5647786458333334 0.802980324074074 0.03834635416666665 0.03373842592592591
3 0.1546875 0.590089699074074 0.04498697916666666 0.04554398148148153
3 0.33476562499999996 0.6519386574074073 0.07122395833333339 0.05861545138888902
3 0.17356770833333335 0.6826750578703704 0.03281250000000002 0.023900462962962887
3 0.14954427083333333 0.6888961226851852 0.028255208333333337 0.02871093750000009
3 0.12167968750000001 0.6961516203703704 0.02779947916666667 0.02187500000000009
3 0.23385416666666667 0.663208912037037 0.06718750000000001 0.071238425925926