2 0.3111689814814815 0.4526765046296296 0.13119936342592597 0.18158275462962958
2 0.1329788773148148 0.3770688657407407 0.09003906249999999 0.16083622685185184
2 0.21375144675925925 0.4175564236111111 0.1047092013888889 0.16419994212962963
2 0.6813223379629629 0.590625 0.1200810185185186 0.13048321759259274
2 0.05497685185185185 0.35815248842592595 0.0870949074074074 0.15879629629629632
2 0.7484736689814815 0.6238715277777778 0.11798321759259256 0.11089409722222232
2 0.6034071180555556 0.5599898726851852 0.1307942708333334 0.12689525462962958
3 0.5139539930555556 0.5045934606481481 0.07678674768518512 0.08526475694444446
3 0.4205150462962963 0.45982349537037037 0.08665364583333335 0.09922598379629632
2 0.8312717013888888 0.6546513310185185 0.09741030092592595 0.10149739583333339
2 0.9253472222222222 0.21788917824074072 0.1386429398148148 0.13200954861111114
2 0.017563657407407406 0.3423466435185185 0.03512731481481481 0.14953703703703702
3 0.9569733796296296 0.29989872685185187 0.06098813657407409 0.061364293981481466