2 0.626953125 0.59375 0.236328125 0.203125
2 0.7216796875 0.4091796875 0.1513671875 0.103515625
2 0.4326171875 0.326171875 0.1064453125 0.0625
3 0.451171875 0.8125 0.1533203125 0.1044921875
3 0.6953125 0.4658203125 0.087890625 0.0546875
3 0.5419921875 0.720703125 0.138671875 0.103515625
3 0.2734375 0.3408203125 0.0517578125 0.0263671875
3 0.298828125 0.4169921875 0.078125 0.046875
3 0.888671875 0.5830078125 0.0751953125 0.0546875
3 0.8984375 0.517578125 0.0517578125 0.0517578125
3 0.8701171875 0.6611328125 0.078125 0.0625
3 0.849609375 0.75 0.0810546875 0.0888671875
3 0.7890625 0.8408203125 0.1064453125 0.0703125
3 0.0546875 0.642578125 0.076171875 0.0751953125
3 0.109375 0.5732421875 0.0732421875 0.0703125
3 0.181640625 0.525390625 0.087890625 0.0810546875
3 0.248046875 0.4716796875 0.0888671875 0.060546875
3 0.125 0.4404296875 0.0673828125 0.068359375
3 0.177734375 0.4033203125 0.056640625 0.0517578125
3 0.2265625 0.373046875 0.0576171875 0.0517578125
3 0.3642578125 0.380859375 0.068359375 0.048828125
3 0.8876953125 0.46875 0.046875 0.041015625
3 0.7578125 0.34375 0.0576171875 0.044921875
3 0.5205078125 0.28125 0.0419921875 0.0341796875
3 0.0751953125 0.4873046875 0.0595703125 0.0703125
3 0.021484375 0.5283203125 0.041015625 0.064453125