2 0.349609375 0.5283203125 0.142578125 0.181640625
2 0.544921875 0.4638671875 0.1455078125 0.146484375
2 0.6796875 0.71875 0.228515625 0.1826171875
2 0.833984375 0.373046875 0.0986328125 0.0830078125
2 0.685546875 0.4140625 0.1201171875 0.126953125
2 0.8984375 0.359375 0.083984375 0.072265625
2 0.744140625 0.404296875 0.0908203125 0.1015625
2 0.1142578125 0.611328125 0.169921875 0.203125
2 0.046875 0.4296875 0.0830078125 0.109375
3 0.248046875 0.623046875 0.1064453125 0.154296875
3 0.4580078125 0.541015625 0.0830078125 0.0966796875
2 0.9111328125 0.515625 0.076171875 0.0966796875
2 0.955078125 0.76953125 0.0888671875 0.1923828125
3 0.7919921875 0.412109375 0.0517578125 0.052734375
3 0.6279296875 0.466796875 0.046875 0.052734375
2 0.9638671875 0.3408203125 0.0498046875 0.041015625
3 0.9375 0.3544921875 0.0263671875 0.0283203125
3 0.8701171875 0.369140625 0.0419921875 0.044921875