2 0.30386284722222223 0.4812210648148148 0.12851562500000002 0.16005497685185188
2 0.7501953125 0.4858796296296296 0.11773003472222232 0.15794270833333335
2 0.15071614583333331 0.5150969328703703 0.12265625000000002 0.15996817129629637
2 0.8363064236111111 0.47934027777777777 0.09513888888888888 0.15175057870370368
2 0.6269965277777778 0.18317418981481481 0.3048828124999998 0.10116464120370372
3 0.6484157986111111 0.4501808449074074 0.07775607638888893 0.11634837962962963
3 0.5399088541666667 0.4534577546296296 0.08567708333333335 0.12134693287037035
3 0.4351779513888889 0.46265190972222225 0.07773437500000002 0.11537181712962963
3 0.2365451388888889 0.47729311342592595 0.06959635416666665 0.1006076388888888
2 0.9474826388888888 0.4878255208333333 0.08828125000000009 0.19460358796296306
2 0.17680121527777776 0.7479817708333334 0.052495659722222254 0.03396990740740735
3 0.07838541666666667 0.4729962384259259 0.04555121527777778 0.07291666666666663