2 0.6917534722222223 0.4685040509259259 0.09852430555555536 0.1122829861111111
2 0.15711805555555555 0.4730830439814815 0.10000000000000003 0.10164207175925921
2 0.09843750000000001 0.471997974537037 0.09463975694444443 0.09064670138888886
2 0.7517578125 0.4618272569444445 0.07658420138888888 0.07899305555555558
2 0.8112413194444446 0.466869212962963 0.10323350694444455 0.10862991898148144
2 0.02138671875 0.837962962962963 0.0427734375 0.08510561342592604
3 0.3667751736111111 0.4908058449074074 0.07196180555555554 0.08459924768518512
3 0.4461805555555556 0.48807146990740746 0.06805555555555554 0.08439670138888888
3 0.6168619791666667 0.5018156828703704 0.06575520833333348 0.07648292824074066
2 0.031000434027777777 0.48161892361111114 0.062000868055555554 0.10571469907407405
2 0.8694878472222223 0.47771990740740744 0.0834635416666667 0.08032407407407405
3 0.5360677083333334 0.4917534722222222 0.07107204861111116 0.08650173611111112
2 0.9474392361111111 0.48567708333333337 0.06855468750000004 0.07370515046296289
3 0.2939887152777778 0.49877748842592595 0.07217881944444438 0.08948206018518512
2 0.8930121527777778 0.4769820601851852 0.07330729166666661 0.07102864583333335
3 0.8455729166666667 0.883666087962963 0.08368055555555554 0.08520688657407405
3 0.9302951388888889 0.8714192708333333 0.07020399305555536 0.11081452546296289
2 0.10006510416666667 0.8538194444444445 0.11006944444444444 0.06514033564814814