2 0.359375 0.3359375 0.1689453125 0.087890625
2 0.396484375 0.291015625 0.130859375 0.0703125
2 0.298828125 0.3984375 0.1611328125 0.095703125
2 0.4033203125 0.251953125 0.115234375 0.052734375
3 0.1826171875 0.736328125 0.1689453125 0.0859375
2 0.5341796875 0.2451171875 0.072265625 0.0703125
2 0.7998046875 0.521484375 0.1328125 0.09375
3 0.7783203125 0.791015625 0.158203125 0.080078125
2 0.130859375 0.7919921875 0.203125 0.162109375
2 0.2548828125 0.5 0.193359375 0.126953125
2 0.7626953125 0.373046875 0.1220703125 0.0654296875
3 0.208984375 0.6201171875 0.1435546875 0.0859375
2 0.53125 0.1455078125 0.0673828125 0.0341796875
2 0.791015625 0.447265625 0.162109375 0.1220703125
2 0.734375 0.271484375 0.130859375 0.078125
2 0.4560546875 0.2080078125 0.1015625 0.056640625
2 0.693359375 0.185546875 0.072265625 0.0517578125