2 0.4970703125 0.6591796875 0.2783203125 0.3310546875
2 0.1484375 0.583984375 0.0966796875 0.130859375
2 0.7001953125 0.490234375 0.138671875 0.103515625
2 0.5673828125 0.390625 0.126953125 0.091796875
2 0.7841796875 0.4326171875 0.111328125 0.078125
2 0.333984375 0.509765625 0.1201171875 0.1220703125
2 0.048828125 0.3935546875 0.0419921875 0.0517578125
2 0.3095703125 0.3330078125 0.060546875 0.044921875
3 0.6357421875 0.5517578125 0.0703125 0.046875
2 0.0888671875 0.373046875 0.0546875 0.0576171875
2 0.1904296875 0.376953125 0.0595703125 0.0732421875
2 0.6220703125 0.3671875 0.083984375 0.0546875
2 0.388671875 0.2919921875 0.072265625 0.0546875
2 0.0654296875 0.685546875 0.1123046875 0.2265625
2 0.845703125 0.380859375 0.083984375 0.064453125
2 0.533203125 0.275390625 0.060546875 0.0341796875
2 0.2763671875 0.2939453125 0.044921875 0.0419921875
3 0.2548828125 0.361328125 0.0390625 0.0263671875
2 0.5751953125 0.271484375 0.0498046875 0.03125
3 0.091796875 0.4326171875 0.0419921875 0.033203125
2 0.1982421875 0.7578125 0.193359375 0.232421875
3 0.251953125 0.5576171875 0.0751953125 0.0703125
3 0.142578125 0.40625 0.041015625 0.0341796875
2 0.140625 0.296875 0.0419921875 0.041015625
3 0.568359375 0.591796875 0.060546875 0.048828125
2 0.65625 0.353515625 0.091796875 0.064453125
2 0.197265625 0.2763671875 0.044921875 0.044921875
3 0.3515625 0.75 0.103515625 0.09375
3 0.740234375 0.458984375 0.060546875 0.044921875
3 0.517578125 0.4423828125 0.0517578125 0.037109375
2 0.5517578125 0.236328125 0.0498046875 0.029296875
2 0.7001953125 0.345703125 0.068359375 0.052734375
3 0.1357421875 0.3564453125 0.0390625 0.033203125
2 0.34375 0.2373046875 0.0419921875 0.029296875
3 0.2265625 0.3232421875 0.0341796875 0.0234375
3 0.041015625 0.458984375 0.0390625 0.037109375
2 0.529296875 0.2109375 0.0439453125 0.021484375
3 0.3544921875 0.322265625 0.037109375 0.025390625
3 0.806640625 0.3984375 0.0546875 0.0419921875
2 0.3779296875 0.2138671875 0.03125 0.021484375
3 0.322265625 0.2890625 0.0341796875 0.0234375
2 0.9736328125 0.767578125 0.046875 0.154296875
3 0.107421875 0.326171875 0.0390625 0.0263671875
3 0.310546875 0.2578125 0.041015625 0.0185546875