2 0.8754195601851852 0.611031539351852 0.1157407407407407 0.11309317129629637
2 0.4439453125 0.44359809027777775 0.08896122685185182 0.08833912037037028
2 0.27077546296296295 0.49497974537037037 0.1083912037037037 0.12050057870370368
2 0.7890769675925926 0.7311704282407407 0.1913628472222222 0.17348090277777772
2 0.6804759837962964 0.3935546875 0.09510271990740726 0.07697482638888886
2 0.18595196759259258 0.5421802662037036 0.09851707175925928 0.13459201388888875
2 0.7529079861111111 0.3836805555555556 0.08389756944444438 0.06860532407407405
2 0.10561342592592593 0.5993489583333333 0.0954716435185185 0.13248697916666674
2 0.8444661458333333 0.3679832175925926 0.0673466435185186 0.052170138888888884
3 0.5784722222222223 0.4301287615740741 0.04568142361111116 0.03157552083333326
3 0.5150607638888889 0.4443648726851852 0.05475983796296302 0.036914062499999956
3 0.6794994212962964 0.7877965856481481 0.11142216435185182 0.08950376157407414
3 0.35774016203703707 0.483912037037037 0.06705729166666674 0.047287326388888884
2 0.7916811342592592 0.38082320601851855 0.06263744212962963 0.054846643518518534
3 0.5590060763888889 0.8409360532407407 0.13026620370370368 0.09534866898148153
3 0.6272931134259259 0.4161096643518518 0.03574218749999991 0.02813946759259256
3 0.9425491898148148 0.6923972800925926 0.0766565393518519 0.06141493055555558
2 0.8812861689814815 0.36502459490740746 0.05522280092592591 0.044726562499999956
2 0.9850694444444444 0.4203486689814815 0.029861111111111116 0.03620515046296302
3 0.990283203125 0.7631221064814815 0.01943359375000009 0.057675057870370416
2 0.6003255208333333 0.22389322916666668 0.037232349537037024 0.020428240740740733
3 0.8298249421296297 0.3837745949074074 0.028045428240740744 0.02968750000000009
3 0.9857439959490741 0.4857783564814815 0.028512008101851727 0.03938802083333326
3 0.9744610821759259 0.5150896990740741 0.05107783564814827 0.054593460648148184