2 0.21662326388888886 0.5280381944444444 0.11957465277777779 0.14904513888888893
2 0.7838975694444444 0.6179036458333333 0.2222656249999999 0.1893880208333334
2 0.4490451388888889 0.39112413194444445 0.13553240740740746 0.0947482638888889
2 0.3058738425925926 0.48018663194444444 0.1366898148148148 0.1338107638888888
2 0.2362991898148148 0.3909722222222222 0.08523582175925926 0.07703993055555558
2 0.8489221643518519 0.49837239583333337 0.17005931712962963 0.10722656249999996
2 0.6420283564814815 0.7947699652777778 0.24934172453703707 0.14802517361111112
2 0.1081814236111111 0.46603732638888884 0.0839771412037037 0.10043402777777777
2 0.5677662037037037 0.33676215277777777 0.10933159722222219 0.06684027777777779
2 0.27748119212962963 0.28563368055555555 0.06383101851851847 0.046310763888888884
2 0.5541087962962963 0.27070312500000004 0.08726851851851847 0.04683159722222219
2 0.6658637152777778 0.2867621527777778 0.07945601851851847 0.04665798611111116
3 0.6971643518518519 0.7125434027777777 0.1225766782407407 0.08567708333333313
3 0.14032118055555556 0.6 0.08305121527777776 0.06918402777777777
2 0.6299985532407408 0.24559461805555555 0.06957465277777786 0.04253472222222221
2 0.863208912037037 0.4443793402777778 0.1289496527777776 0.07020399305555558
3 0.38213975694444446 0.4423828125 0.07477575231481481 0.05338541666666663
2 0.451953125 0.2271050347222222 0.05862991898148151 0.035460069444444464
2 0.8856481481481482 0.4116753472222222 0.108297164351852 0.06486545138888888
2 0.13412181712962962 0.31516927083333335 0.039988425925925886 0.03211805555555558
3 0.14778645833333331 0.348046875 0.04286024305555558 0.030230034722222188
3 0.23482349537037037 0.3090277777777778 0.04179687500000001 0.027278645833333393
2 0.28734085648148144 0.24930555555555556 0.04958043981481475 0.02647569444444442
2 0.7103298611111111 0.2682074652777778 0.07951388888888888 0.04861111111111116
2 0.5374059606481482 0.20861545138888887 0.0654658564814814 0.035611979166666696
3 0.4227213541666667 0.32437065972222223 0.047656249999999956 0.027408854166666607
2 0.18763020833333333 0.3208116319444444 0.048119212962962954 0.04303385416666661
3 0.2101851851851852 0.2842013888888889 0.03771701388888893 0.021332465277777768
2 0.5906177662037038 0.2572048611111111 0.06374421296296306 0.043381076388888884
3 0.301244212962963 0.3729383680555556 0.06170428240740744 0.04040798611111107
3 0.1792462384259259 0.43908420138888893 0.060669849537037024 0.038433159722222276
3 0.6329137731481482 0.31189236111111107 0.04262876157407414 0.022417534722222188
2 0.21335358796296297 0.24314236111111112 0.03697193287037037 0.029123263888888917
3 0.8034722222222221 0.5501302083333333 0.0855179398148147 0.053624131944444375
3 0.5090784143518519 0.37417534722222223 0.0557002314814814 0.035394965277777746
2 0.899240451388889 0.38111979166666665 0.09335937499999991 0.054774305555555625
3 0.5144097222222223 0.29305555555555557 0.04478443287037037 0.029296875
2 0.15596064814814814 0.26979166666666665 0.03194444444444444 0.024131944444444442
3 0.05583767361111112 0.6516493055555556 0.08075810185185185 0.09060329861111116
3 0.3549045138888889 0.34051649305555554 0.05277054398148151 0.03532986111111103
3 0.4565610532407407 0.3021484375 0.05601851851851847 0.04613715277777786