2 0.7288483796296297 0.5266999421296296 0.08741319444444429 0.10215567129629632
2 0.7923249421296297 0.5285807291666667 0.0762080439814814 0.07058738425925926
2 0.42990451388888884 0.525658275462963 0.08139467592592586 0.0912398726851853
2 0.7928891782407408 0.6223885995370371 0.05031105324074092 0.03565538194444429
2 0.6833550347222223 0.6298900462962962 0.05230758101851851 0.0386429398148147
2 0.7332465277777778 0.6255063657407407 0.05035445601851851 0.03858506944444429
2 0.552980324074074 0.6592447916666667 0.028783275462962887 0.03208912037037037
2 0.36836660879629635 0.6567057291666667 0.045413773148148096 0.03453414351851869
2 0.4645182291666667 0.6292679398148148 0.03764467592592591 0.037232349537037024
2 0.4205150462962963 0.6318721064814814 0.0415219907407407 0.03539496527777786
2 0.07706886574074073 0.6011791087962963 0.052264178240740755 0.0357132523148147
2 0.5123408564814815 0.6326388888888889 0.03764467592592591 0.037232349537037024
2 0.2614076967592593 0.6222728587962962 0.05522280092592591 0.03775318287037033
2 0.6204354745370371 0.6563585069444444 0.0414351851851853 0.029535590277777857
3 0.5863136574074075 0.5195457175925926 0.052423321759259345 0.0464554398148147
3 0.6586371527777778 0.5177806712962963 0.05533854166666674 0.04556568287037033
3 0.6537471064814815 0.18838975694444443 0.11239872685185182 0.07556423611111107
3 0.5033347800925926 0.5151331018518519 0.05347222222222214 0.05136718749999991
3 0.3704571759259259 0.18585792824074074 0.11248553240740744 0.08142361111111113
3 0.1391059027777778 0.238599537037037 0.07607783564814818 0.061798321759259256
2 0.238599537037037 0.6450448495370371 0.04144965277777779 0.030512152777777857
2 0.8219979745370369 0.6359519675925926 0.0394820601851853 0.02947771990740744
3 0.3724320023148148 0.514185474537037 0.04166666666666663 0.04516059027777786
3 0.23722511574074073 0.21024305555555556 0.09798177083333337 0.09075520833333328
3 0.8817274305555556 0.23129340277777777 0.07623697916666661 0.07254050925925926
2 0.7299117476851852 0.6527633101851852 0.037413194444444464 0.021607349537037024
3 0.59453125 0.6243272569444445 0.039380787037036846 0.02264178240740744
3 0.5505714699074074 0.6240017361111111 0.029615162037036846 0.02235243055555558
3 0.3108796296296297 0.5143156828703703 0.04456741898148153 0.04329427083333348
3 0.7814308449074074 0.2087818287037037 0.08518518518518503 0.08354311342592591
2 0.7622685185185185 0.6449291087962963 0.031597222222222276 0.024363425925925997
3 0.25517216435185186 0.5155960648148148 0.039525462962963 0.03240740740740744
3 0.5190104166666667 0.1824435763888889 0.0947627314814814 0.07113715277777777
3 0.11940104166666668 0.5135271990740741 0.03452690972222222 0.0244502314814814
3 0.061769386574074076 0.24900896990740742 0.06519097222222223 0.05171440972222224
2 0.6966796875 0.6537326388888889 0.04231047453703707 0.022728587962963065
3 0.37960069444444444 0.6238208912037038 0.034526909722222276 0.0244502314814814
3 0.637572337962963 0.6207175925925925 0.03444010416666665 0.0185908564814814
3 0.018098958333333335 0.28478732638888893 0.03619791666666667 0.05096209490740744
3 0.954564525462963 0.26080729166666666 0.060423900462962976 0.05938223379629626
3 0.19860387731481483 0.509035011574074 0.050267650462963 0.03272569444444451
3 0.15852141203703704 0.5107783564814814 0.03178530092592591 0.037058738425925775
3 0.06861979166666667 0.5120225694444445 0.04929108796296297 0.0326967592592593
3 0.34456018518518516 0.614966724537037 0.029673032407407485 0.02625868055555558
3 0.30546875 0.6157624421296296 0.029600694444444464 0.02137586805555558
3 0.20980902777777777 0.6099971064814815 0.031524884259259256 0.019480613425925775