2 0.6223958333333333 0.49188368055555554 0.14691840277777768 0.17408854166666665
2 0.7184968171296297 0.4733940972222222 0.15158420138888884 0.16837384259259258
2 0.5443431712962963 0.39056712962962964 0.11754918981481488 0.0922526041666667
2 0.7135778356481481 0.34058159722222225 0.1049623842592593 0.09480613425925921
2 0.41279658564814814 0.5870587384259259 0.19921875 0.26928530092592595
3 0.5111400462962963 0.549927662037037 0.09935619212962976 0.10146846064814818
2 0.7779947916666667 0.4432798032407407 0.11867042824074092 0.1225260416666667
2 0.8451244212962963 0.434447337962963 0.09899450231481488 0.09170283564814818
2 0.5695891203703703 0.2539279513888889 0.0532045717592593 0.040596064814814814
3 0.2029079861111111 0.6744212962962963 0.09516059027777779 0.11987847222222214
3 0.2995876736111111 0.6451605902777777 0.09233940972222221 0.12272135416666652
2 0.3249782986111111 0.2748625578703704 0.04257089120370372 0.04320746527777786
3 0.6548032407407407 0.3638310185185185 0.04676649305555536 0.05113570601851847
3 0.4538845486111111 0.42941984953703705 0.07298900462962965 0.07434895833333333
3 0.28801359953703703 0.3326605902777778 0.04228153935185186 0.035394965277777746
2 0.4375361689814815 0.2783709490740741 0.06618923611111116 0.04878472222222219
3 0.36689814814814814 0.4564380787037037 0.07476128472222221 0.06952401620370363
3 0.6002965856481481 0.3703342013888889 0.06166811342592604 0.05840567129629626
3 0.2861689814814815 0.4940248842592593 0.07602719907407407 0.07736545138888884
3 0.33521412037037035 0.3136646412037037 0.03815827546296302 0.029419849537037024
3 0.2801649305555556 0.4375 0.07056568287037035 0.06159577546296291
3 0.11762152777777779 0.6945457175925926 0.07190393518518517 0.0977285879629628
3 0.2396556712962963 0.346802662037037 0.040292245370370405 0.03436053240740744
3 0.18558304398148148 0.3650245949074074 0.038266782407407385 0.032349537037037024
3 0.14706307870370372 0.3808304398148148 0.03436053240740744 0.0322337962962963
3 0.21003327546296297 0.5236545138888888 0.07096354166666669 0.09867621527777781
3 0.13957609953703703 0.5482277199074074 0.05982349537037035 0.08761574074074074
3 0.07367621527777778 0.5638671875 0.05953414351851852 0.05346498842592595