2 0.2150607638888889 0.40943287037037035 0.09740306712962965 0.12050057870370368
2 0.5363136574074074 0.2836009837962963 0.0805483217592593 0.07672164351851851
2 0.4366319444444444 0.3554759837962963 0.10416666666666674 0.11992910879629637
2 0.3026258680555556 0.790892650462963 0.16153067129629628 0.21180555555555558
2 0.2862413194444444 0.3203125 0.08134403935185186 0.08746383101851851
2 0.7145182291666667 0.3398582175925926 0.1181278935185186 0.09839409722222214
2 0.5859736689814815 0.2058449074074074 0.05186631944444442 0.04390914351851849
3 0.3634982638888889 0.39197771990740743 0.07320601851851849 0.06948061342592593
3 0.5850694444444444 0.3642722800925926 0.0634042245370372 0.055287905092592515
3 0.5148654513888888 0.37469618055555554 0.06655092592592604 0.058391203703703765
2 0.7721354166666666 0.34327256944444445 0.07725694444444442 0.07166521990740737
3 0.2873263888888889 0.4137152777777778 0.06553819444444442 0.07097077546296293
2 0.6271339699074074 0.21022858796296295 0.03823061342592604 0.030461516203703742
3 0.6547309027777778 0.35964988425925926 0.068359375 0.056553819444444486
3 0.3475477430555556 0.32102864583333335 0.06640625 0.056438078703703765
3 0.587890625 0.29735243055555555 0.04427083333333326 0.0463758680555556
3 0.2156394675925926 0.8372685185185185 0.07624421296296297 0.08424479166666687
3 0.1291232638888889 0.8243634259259259 0.08680555555555558 0.09556568287037037
3 0.4754774305555556 0.3023582175925926 0.06640625 0.056438078703703765
3 0.1611328125 0.45582320601851856 0.07038483796296297 0.08389756944444438
3 0.1127025462962963 0.47142650462962965 0.05772569444444445 0.07050781250000004