2 0.47757523148148145 0.5558232060185185 0.15639467592592593 0.14471209490740744
2 0.3041449652777778 0.37622974537037035 0.18858506944444442 0.1719545717592592
2 0.1875 0.4867621527777778 0.1665219907407407 0.12874710648148135
2 0.3931568287037037 0.588990162037037 0.12055121527777779 0.09776475694444442
2 0.3372757523148148 0.6179759837962964 0.13462094907407407 0.10931712962962958
2 0.5979817708333333 0.7136791087962963 0.0771122685185186 0.05621383101851851
2 0.24754050925925924 0.6361472800925926 0.11187065972222221 0.07386429398148153
2 0.5053168402777778 0.7316767939814814 0.08767361111111116 0.05196759259259265
2 0.4267939814814815 0.3149884259259259 0.18760850694444442 0.1718967013888889
2 0.6587094907407407 0.23673321759259258 0.16634114583333348 0.15017361111111116
2 0.14438657407407407 0.5409722222222222 0.11668113425925924 0.07220052083333339
2 0.08210358796296297 0.5842592592592593 0.10973668981481483 0.0688657407407407
2 0.46372251157407407 0.744871238425926 0.0639467592592593 0.04276620370370354
2 0.7770543981481481 0.6616536458333333 0.07848668981481488 0.06701388888888893
2 0.8432436342592593 0.6450231481481481 0.06825086805555536 0.08004918981481479
2 0.41663049768518523 0.7479528356481482 0.0698061342592593 0.04311342592592604
2 0.03870081018518518 0.6462818287037038 0.06579137731481481 0.039952256944444375
3 0.5439453125 0.24363425925925927 0.13498263888888884 0.11908275462962964
3 0.2521701388888889 0.43187210648148144 0.0859375 0.057711226851851816
3 0.5479962384259259 0.7156105324074074 0.03790509259259256 0.023683449074074048
3 0.6576244212962963 0.6888310185185185 0.0497685185185186 0.0282841435185186
2 0.3584346064814815 0.7601634837962963 0.07479745370370372 0.04633246527777768
3 0.06532118055555555 0.6145833333333333 0.04586226851851852 0.028052662037036935
3 0.28515625 0.6246744791666666 0.05327690972222221 0.04408275462962963
2 0.013346354166666664 0.6891782407407407 0.02669270833333333 0.024262152777777768
3 0.7140480324074074 0.6716218171296295 0.0448857060185186 0.02799479166666652
3 0.7653356481481481 0.42313368055555556 0.0849247685185186 0.13560474537037037
3 0.6541883680555556 0.464503761574074 0.07982494212962976 0.1294560185185185
3 0.5687572337962963 0.4985894097222222 0.0825376157407407 0.12377025462962954
3 0.11038773148148147 0.5604890046296296 0.07020399305555555 0.05385561342592604