2 0.8642216435185186 0.2850260416666667 0.09136284722222232 0.099609375
2 0.5512514467592593 0.45175781249999997 0.18428096064814814 0.18860677083333333
2 0.6520905671296297 0.7690755208333333 0.19270833333333326 0.15312500000000018
2 0.7225477430555556 0.18678385416666665 0.07729311342592604 0.061653645833333326
2 0.9327618634259259 0.2853515625 0.06796151620370372 0.0727213541666667
2 0.7758608217592593 0.14602864583333333 0.04021990740740744 0.033854166666666685
2 0.27586082175925924 0.47011718750000003 0.1562861689814815 0.14290364583333337
2 0.31452546296296297 0.29817708333333337 0.13588686342592593 0.09186197916666661
2 0.8889612268518519 0.18645833333333334 0.04550057870370372 0.044921875
2 0.8501157407407407 0.16848958333333333 0.04546440972222232 0.0439453125
2 0.19288917824074076 0.3973307291666667 0.13903356481481477 0.09791666666666665
2 0.9266131365740741 0.19863281249999998 0.03776041666666674 0.046354166666666696
2 0.807544849537037 0.1556640625 0.04821325231481488 0.03925781249999999
2 0.8724320023148149 0.6388671875 0.17722800925925908 0.2348958333333333
3 0.6632306134259259 0.5147786458333333 0.10261140046296302 0.08769531249999996
3 0.41594328703703703 0.366796875 0.07016782407407407 0.05338541666666674
3 0.3471137152777778 0.5436848958333333 0.0776186342592593 0.07044270833333321
3 0.4204282407407407 0.6200520833333334 0.11266637731481488 0.0961588541666667
3 0.23502604166666669 0.42486979166666666 0.06734664351851849 0.056119791666666696
3 0.4898365162037037 0.40592447916666663 0.07848668981481488 0.06757812500000004
2 0.7383174189814814 0.13678385416666666 0.04517505787037024 0.0361328125
3 0.36693431712962965 0.3387369791666667 0.05801504629629628 0.040885416666666674
3 0.7523509837962963 0.5949869791666667 0.10181568287037024 0.09251302083333335
2 0.9855143229166667 0.216015625 0.02897135416666652 0.04622395833333337
3 0.953052662037037 0.7010416666666667 0.07826967592592604 0.08802083333333344
3 0.5326967592592593 0.6908854166666667 0.12358940972222232 0.10175781250000004
2 0.960033275462963 0.20227864583333333 0.04354745370370372 0.044791666666666674
3 0.7851200810185185 0.21100260416666666 0.05331307870370372 0.045442708333333304
2 0.6986400462962963 0.12278645833333333 0.05114293981481488 0.039453125000000006
2 0.6651475694444444 0.1171875 0.04503038194444442 0.0322265625
3 0.917896412037037 0.3333333333333333 0.05454282407407396 0.05234375000000002
3 0.7952473958333333 0.2729817708333333 0.05631510416666652 0.04759114583333335
3 0.6453993055555556 0.218359375 0.04510271990740744 0.0341796875
3 0.9751790364583333 0.375390625 0.04964192708333348 0.056184895833333304
3 0.7237774884259259 0.24641927083333334 0.06119791666666674 0.04791666666666666
3 0.781322337962963 0.795703125 0.11986400462962976 0.080078125