2 0.5098307291666666 0.3793041087962963 0.18259548611111098 0.22928240740740735
2 0.21981336805555554 0.5811559606481482 0.14012586805555555 0.11753472222222205
2 0.3891927083333333 0.4396267361111111 0.19982638888888893 0.21469907407407407
2 0.060047743055555554 0.43936631944444443 0.12009548611111111 0.12965133101851845
2 0.4927083333333333 0.7097800925925926 0.08927951388888888 0.06770833333333348
2 0.3572916666666667 0.7310908564814815 0.0869357638888889 0.05001446759259265
2 0.5987630208333334 0.733666087962963 0.061653645833333215 0.05339265046296293
2 0.33276909722222225 0.7785300925925926 0.06137152777777777 0.040697337962963154
2 0.6209852430555556 0.7897424768518518 0.04756944444444455 0.03402777777777777
2 0.9476996527777778 0.21261574074074074 0.07944878472222228 0.06419994212962965
2 0.46605902777777775 0.764916087962963 0.05551215277777777 0.040350115740740655
2 0.3924479166666667 0.7771773726851852 0.05746527777777777 0.04046585648148149
2 0.5794270833333333 0.8117259837962962 0.03964843749999991 0.02868200231481488
3 0.6724175347222222 0.6314453125 0.05737847222222214 0.03655960648148149
3 0.2748046875 0.5267216435185185 0.06341145833333339 0.04471932870370354
2 0.17953559027777777 0.6335286458333333 0.06072048611111114 0.055287905092592515
3 0.6053819444444444 0.6558304398148148 0.050434027777777946 0.031271701388888795
2 0.5276909722222223 0.8076822916666666 0.036697048611110894 0.02753182870370363
3 0.5501085069444445 0.678956886574074 0.042556423611111116 0.027879050925925908
3 0.6433810763888889 0.7059968171296296 0.039583333333333304 0.02575231481481488
2 0.9125868055555555 0.6926142939814814 0.05088975694444464 0.05177951388888902
2 0.26493055555555556 0.7510416666666666 0.07610677083333328 0.04547164351851851
3 0.24830729166666665 0.22299623842592592 0.11104600694444444 0.08167679398148153
3 0.1632595486111111 0.30987413194444446 0.09210069444444446 0.06299913194444451
3 0.3361545138888889 0.49417679398148145 0.06929253472222219 0.04604311342592593
3 0.8085503472222222 0.5779079861111112 0.05755208333333339 0.04437210648148149
3 0.7425130208333334 0.6013744212962964 0.06043836805555558 0.04259259259259274
3 0.6965928819444445 0.6876374421296296 0.04550781249999991 0.029029224537036935
2 0.44937065972222223 0.8118417245370371 0.039626736111111116 0.02770543981481488
3 0.44286024305555555 0.7087818287037037 0.033615451388888884 0.020522280092592604
3 0.8088324652777779 0.6532190393518518 0.04565972222222214 0.035865162037036935
3 0.6508463541666667 0.766087962962963 0.028624131944444464 0.015350115740740744
3 0.7294270833333334 0.7502097800925926 0.029752604166666696 0.02224392361111116
3 0.754709201388889 0.6685908564814815 0.04453124999999991 0.02897135416666652
3 0.6423177083333333 0.3138165509259259 0.13029513888888888 0.11402633101851856
3 0.5526909722222222 0.7387586805555555 0.031662326388888884 0.020406539351851993
3 0.6920789930555555 0.7587528935185185 0.02968750000000009 0.01931423611111116
3 0.8767144097222223 0.5467447916666666 0.05562065972222219 0.045232928240740655
2 0.20416666666666666 0.7572193287037037 0.06629774305555558 0.04293981481481479
3 0.11378038194444445 0.3802806712962963 0.06640625 0.04782262731481479
3 0.01991644965277778 0.48904079861111116 0.03983289930555556 0.03569155092592591
3 0.7688368055555556 0.7368995949074074 0.03172743055555549 0.02333622685185177
3 0.8592230902777778 0.6298032407407408 0.04965277777777777 0.0400028935185186
2 0.2661458333333333 0.7843605324074074 0.05516493055555549 0.024725115740740655
3 0.4261067708333333 0.7586371527777778 0.026757812499999978 0.01914062499999991
3 0.8100911458333333 0.728587962962963 0.036697048611111116 0.02753182870370363
3 0.3794704861111111 0.1730758101851852 0.12413194444444442 0.056119791666666696
3 0.5819227430555556 0.7874276620370371 0.026649305555555447 0.014257812499999911
3 0.29168836805555554 0.7350260416666667 0.029644097222222276 0.01736111111111116
3 0.3860894097222222 0.7112847222222223 0.042556423611111116 0.02787905092592613
3 0.3182508680555556 0.7277994791666667 0.025911458333333304 0.024942129629629495
3 0.5132595486111111 0.7530454282407407 0.03971354166666674 0.03161168981481488
3 0.8418619791666667 0.7070023148148148 0.026931423611111116 0.02695312499999991
3 0.8744791666666667 0.691333912037037 0.025954861111111116 0.026895254629629495
3 0.6709635416666666 0.7848813657407407 0.022005208333333304 0.024710648148148273
3 0.7024739583333333 0.7750144675925926 0.028797743055555713 0.023162615740740744
3 0.7442057291666666 0.7892216435185184 0.021940104166666696 0.021780960648148273