2 0.388671875 0.3701171875 0.0810546875 0.087890625
2 0.5185546875 0.3330078125 0.0830078125 0.0673828125
2 0.095703125 0.4892578125 0.072265625 0.083984375
2 0.8173828125 0.228515625 0.0517578125 0.0341796875
2 0.8857421875 0.291015625 0.0751953125 0.0517578125
2 0.6455078125 0.2265625 0.0576171875 0.044921875
2 0.78125 0.310546875 0.103515625 0.064453125
2 0.267578125 0.3173828125 0.087890625 0.0576171875
2 0.3720703125 0.2607421875 0.103515625 0.0546875
2 0.744140625 0.2109375 0.0498046875 0.029296875
3 0.619140625 0.6953125 0.115234375 0.111328125
2 0.4375 0.234375 0.0576171875 0.041015625
2 0.4765625 0.2158203125 0.0625 0.033203125
3 0.462890625 0.365234375 0.0576171875 0.048828125
2 0.740234375 0.673828125 0.193359375 0.2421875
3 0.4873046875 0.7470703125 0.134765625 0.115234375
2 0.533203125 0.185546875 0.0517578125 0.0283203125
2 0.9560546875 0.294921875 0.060546875 0.0439453125
2 0.0751953125 0.849609375 0.125 0.048828125
2 0.5078125 0.1982421875 0.056640625 0.03125
2 0.869140625 0.2314453125 0.041015625 0.0283203125
3 0.3203125 0.40625 0.0576171875 0.048828125
2 0.90625 0.236328125 0.0439453125 0.03125
2 0.5830078125 0.173828125 0.041015625 0.021484375
2 0.759765625 0.185546875 0.03125 0.0205078125
2 0.982421875 0.2919921875 0.0341796875 0.037109375
2 0.634765625 0.181640625 0.033203125 0.021484375
3 0.341796875 0.287109375 0.048828125 0.033203125
3 0.3544921875 0.806640625 0.1171875 0.1015625
2 0.7001953125 0.1796875 0.0419921875 0.025390625
3 0.236328125 0.84375 0.1123046875 0.060546875
3 0.689453125 0.21875 0.0361328125 0.021484375
3 0.0205078125 0.5654296875 0.041015625 0.0498046875
2 0.8671875 0.205078125 0.021484375 0.015625
2 0.841796875 0.2138671875 0.0361328125 0.0185546875
2 0.6220703125 0.1591796875 0.0341796875 0.017578125
3 0.177734375 0.462890625 0.0576171875 0.0439453125
3 0.0576171875 0.544921875 0.048828125 0.080078125
3 0.318359375 0.3076171875 0.046875 0.0419921875
3 0.830078125 0.306640625 0.025390625 0.0185546875
3 0.861328125 0.310546875 0.0341796875 0.0283203125
3 0.923828125 0.3017578125 0.041015625 0.0361328125
3 0.685546875 0.2392578125 0.021484375 0.021484375
3 0.7216796875 0.232421875 0.0390625 0.0205078125
3 0.759765625 0.234375 0.0361328125 0.0263671875