2 0.5966796875 0.3384548611111111 0.0859375 0.10835503472222219
2 0.7294921875 0.2896484375 0.0498046875 0.050911458333333326
2 0.7734375 0.2984375 0.0439453125 0.0458984375
2 0.4873046875 0.3467664930555555 0.103515625 0.10972222222222228
2 0.1435546875 0.7375651041666667 0.203125 0.19787326388888893
2 0.8359375 0.5058810763888889 0.140625 0.11542968750000004
2 0.3203125 0.7102430555555556 0.275390625 0.24244791666666665
2 0.673828125 0.5794270833333334 0.2451171875 0.14411892361111112
2 0.826171875 0.33671875 0.0673828125 0.0698567708333333
2 0.1015625 0.38018663194444446 0.126953125 0.11707899305555558
2 0.9140625 0.471484375 0.123046875 0.09843750000000007
2 0.4482421875 0.1603515625 0.0810546875 0.04574652777777777
3 0.775390625 0.3531684027777778 0.041015625 0.03997395833333328
2 0.3671875 0.18296440972222222 0.056640625 0.027625868055555558
3 0.671875 0.35868055555555556 0.048828125 0.04796006944444442
3 0.130859375 0.3124782986111111 0.0390625 0.02235243055555558
2 0.876953125 0.3427300347222222 0.0361328125 0.03986545138888897
3 0.4560546875 0.3197048611111111 0.037109375 0.029144965277777768
3 0.189453125 0.29913194444444446 0.0419921875 0.022417534722222188
3 0.083984375 0.3280381944444445 0.033203125 0.024175347222222143
3 0.296875 0.27026909722222225 0.044921875 0.022482638888888795
3 0.3544921875 0.25787760416666666 0.041015625 0.022395833333333393
3 0.365234375 0.39678819444444446 0.064453125 0.043424479166666696
3 0.244140625 0.2847222222222222 0.0439453125 0.0224609375
3 0.7314453125 0.3600043402777778 0.0390625 0.03993055555555558
3 0.6826171875 0.3013020833333333 0.0361328125 0.024240451388888973
3 0.265625 0.4121527777777778 0.0517578125 0.03825954861111103
2 0.9765625 0.44943576388888884 0.046875 0.07916666666666661
2 0.9091796875 0.33563368055555554 0.0517578125 0.04021267361111103
3 0.365234375 0.32549913194444446 0.0390625 0.02430555555555558
3 0.171875 0.4364366319444445 0.0595703125 0.051128472222222276
3 0.728515625 0.3491970486111111 0.041015625 0.03704427083333339
2 0.8388671875 0.26571180555555557 0.0361328125 0.027170138888888862
3 0.4091796875 0.24932725694444444 0.033203125 0.0192925347222222
2 0.8515625 0.33630642361111107 0.046875 0.04791666666666661
3 0.4658203125 0.655859375 0.138671875 0.10757378472222223
3 0.751953125 0.5528428819444444 0.0732421875 0.08268229166666652
3 0.2861328125 0.34229600694444445 0.048828125 0.03721788194444442
3 0.2060546875 0.35907118055555554 0.037109375 0.022309027777777768
3 0.09375 0.4552083333333333 0.0576171875 0.050108506944444464
3 0.4560546875 0.24646267361111113 0.029296875 0.02701822916666663
3 0.5029296875 0.2426215277777778 0.029296875 0.02213541666666663
3 0.5546875 0.24377170138888887 0.025390625 0.021072048611111116