2 0.6022786458333333 0.5402488425925926 0.1890624999999999 0.17518807870370368
2 0.26197916666666665 0.537962962962963 0.1825520833333334 0.13600983796296284
2 0.6568359374999999 0.3060040509259259 0.07311197916666679 0.044075520833333326
2 0.4270833333333333 0.7485026041666667 0.2670572916666666 0.26326678240740753
2 0.5643880208333334 0.32275752314814815 0.07845052083333348 0.051056134259259256
2 0.7313151041666667 0.37058738425925924 0.08066406249999991 0.06963975694444446
2 0.7961588541666667 0.3929759837962963 0.07285156249999991 0.06940827546296302
2 0.5097005208333334 0.306517650462963 0.06725260416666679 0.04390190972222219
2 0.9665201822916667 0.5844184027777778 0.06695963541666661 0.10674913194444446
2 0.4643880208333333 0.2993272569444444 0.062044270833333304 0.03887442129629637
2 0.703515625 0.26060474537037037 0.03782552083333335 0.026461226851851816
2 0.4874348958333333 0.48421585648148147 0.13548177083333335 0.13169126157407418
2 0.8984375 0.3482494212962963 0.0678385416666667 0.038071469907407396
2 0.6119140625 0.24619502314814815 0.032682291666666696 0.02241030092592594
2 0.42447916666666663 0.24161603009259258 0.03769531249999991 0.024508101851851816
2 0.5494791666666667 0.2453197337962963 0.02988281249999991 0.024276620370370372
3 0.6203125 0.34293258101851853 0.04824218750000009 0.021896701388888884
2 0.2891927083333333 0.390625 0.10520833333333335 0.0869357638888889
2 0.4887369791666667 0.24059606481481483 0.03574218749999991 0.02445023148148151
3 0.6712239583333334 0.36100983796296293 0.04661458333333335 0.026721643518518468
2 0.3343098958333333 0.24869068287037038 0.04368489583333335 0.026634837962962954
2 0.37766927083333335 0.4458767361111111 0.10768229166666665 0.09480613425925921
2 0.4545572916666667 0.23958333333333331 0.038541666666666696 0.022583912037037024
2 0.2640625 0.26220341435185185 0.05039062500000002 0.0248842592592593
3 0.6981770833333334 0.3267216435185185 0.037369791666666874 0.019625289351851816
2 0.10865885416666665 0.3872251157407407 0.07506510416666667 0.04413339120370363
2 0.17897135416666665 0.46240596064814815 0.12187499999999996 0.07378472222222221
2 0.14654947916666666 0.4146629050925926 0.09902343749999998 0.052640335648148184
2 0.3626302083333333 0.24952980324074073 0.04075520833333335 0.026548032407407385
2 0.1857421875 0.3300564236111111 0.06718749999999996 0.04292534722222219
2 0.16145833333333331 0.4336226851851852 0.11803385416666667 0.060026041666666696
2 0.95625 0.39674479166666665 0.06184895833333348 0.03594473379629637
2 0.23111979166666669 0.35284288194444446 0.0796223958333333 0.054014756944444464
2 0.97998046875 0.42903645833333337 0.0400390625 0.04097222222222219
2 0.9849934895833333 0.4604021990740741 0.030013020833333348 0.06607349537037033
3 0.36321614583333334 0.6091869212962964 0.10442708333333328 0.07521701388888902