2 0.6120515046296297 0.3929253472222223 0.20740017361111107 0.19232494212962958
2 0.2214988425925926 0.6460069444444445 0.06589265046296294 0.06589265046296289
2 0.4461877893518518 0.5366102430555556 0.1396556712962963 0.14000289351851847
2 0.5090277777777777 0.5857494212962963 0.11987123842592595 0.10481047453703707
2 0.5640046296296296 0.6276475694444444 0.11582754629629632 0.08605324074074083
2 0.2559606481481482 0.4222945601851852 0.14394531249999998 0.19196325231481493
2 0.6801142939814815 0.48821614583333334 0.1621166087962962 0.1411675347222222
2 0.2890046296296296 0.6661024305555556 0.05700954861111107 0.05274160879629619
2 0.38495370370370374 0.7042679398148148 0.05989583333333326 0.04703414351851842
2 0.7637803819444444 0.5813874421296297 0.12860966435185173 0.09843026620370354
2 0.1744140625 0.6152560763888889 0.05811631944444445 0.07037037037037042
2 0.3330873842592592 0.6869357638888889 0.06090856481481488 0.05196759259259265
2 0.648314525462963 0.6759476273148148 0.0971860532407407 0.07337239583333321
2 0.612037037037037 0.654542824074074 0.0942708333333333 0.07517361111111098
2 0.42704716435185186 0.7201171875000001 0.056944444444444464 0.04395254629629619
2 0.3353443287037037 0.728052662037037 0.04908130787037046 0.03671151620370372
2 0.505345775462963 0.7476056134259259 0.050115740740740655 0.044574652777777724
2 0.4642722800925926 0.7376663773148148 0.06477864583333326 0.047287326388888884
2 0.29422743055555556 0.7122540509259259 0.04907407407407405 0.03573495370370372
3 0.5070601851851853 0.32012442129629626 0.09923321759259274 0.08616898148148144
2 0.7798466435185185 0.6417679398148148 0.10685040509259247 0.06020688657407414
3 0.7224537037037038 0.5372685185185185 0.0804976851851853 0.06079282407407405
2 0.36768663194444445 0.7453486689814814 0.054955150462962954 0.038968460648148184
2 0.4097366898148148 0.7553385416666667 0.04223813657407405 0.03538049768518503
2 0.08604600694444445 0.6780309606481482 0.041283275462962954 0.03825954861111103
2 0.6637225115740741 0.779246238425926 0.044176793981481666 0.03352864583333348
2 0.03799189814814815 0.6482060185185186 0.04134114583333333 0.04607204861111125
2 0.6816623263888889 0.6972005208333334 0.07655526620370368 0.05570746527777759
2 0.5366174768518519 0.7521556712962962 0.044176793981481666 0.03352864583333348
2 0.5679181134259259 0.7606119791666667 0.05302372685185186 0.041796874999999956
2 0.9294704861111112 0.6778356481481482 0.045232928240740655 0.04432146990740726
2 0.44495081018518523 0.7649739583333333 0.04220920138888884 0.03147424768518503
3 0.40791377314814814 0.24567418981481481 0.09631799768518512 0.08797019675925921
2 0.15324074074074073 0.6561342592592593 0.047178819444444464 0.04344618055555549
2 0.8623263888888889 0.7065682870370371 0.036364293981481444 0.033123553240740566
2 0.6257161458333333 0.788013599537037 0.03436776620370363 0.02716290509259256
2 0.8954282407407408 0.6946180555555556 0.05204716435185186 0.04174623842592595
2 0.46940104166666663 0.7711226851851851 0.03634259259259265 0.030193865740740566
2 0.20518663194444445 0.6842086226851851 0.0441767939814815 0.03352864583333348
2 0.5055700231481481 0.7778790509259259 0.04510995370370363 0.027719907407407263
2 0.1281539351851852 0.6958333333333333 0.04126880787037035 0.03630642361111125
3 0.24230324074074072 0.6871093749999999 0.045196759259259256 0.03943865740740726
3 0.7358072916666667 0.6267939814814815 0.050108506944444464 0.043598090277777724