2 0.553515625 0.6312934027777778 0.20436197916666665 0.18681278935185186
2 0.4005859375 0.4853515625 0.12727864583333337 0.1264829282407407
2 0.3138671875 0.5435112847222222 0.12675781249999996 0.1478949652777779
2 0.5576822916666666 0.41616030092592593 0.1263671875000001 0.09819878472222221
2 0.6934244791666666 0.508861400462963 0.15410156250000018 0.11968315972222232
2 0.46295572916666666 0.7048972800925926 0.21223958333333337 0.23191550925925908
2 0.8729166666666667 0.7463831018518519 0.17740885416666674 0.2501085069444444
2 0.4764973958333333 0.4404296875 0.13105468750000004 0.12467447916666674
2 0.6612630208333334 0.3625217013888889 0.08997395833333321 0.06372974537037035
2 0.45488281249999996 0.32078269675925924 0.09466145833333339 0.06098090277777779
2 0.8299479166666667 0.3794849537037037 0.08470052083333335 0.05768952546296302
3 0.6328125 0.5787037037037037 0.09270833333333339 0.07552083333333326
2 0.7102213541666667 0.3224464699074074 0.0786458333333333 0.05454282407407407
2 0.6899088541666667 0.33922887731481477 0.07636718750000004 0.04958767361111116
2 0.7518880208333334 0.31911892361111116 0.05800781250000009 0.05183015046296302
3 0.6312500000000001 0.39453125 0.046028645833333215 0.03287760416666663
2 0.7490234375 0.45149739583333337 0.14921874999999996 0.10489004629629628
2 0.7783203125 0.4087456597222222 0.11093749999999991 0.0713252314814814
3 0.814453125 0.41008391203703703 0.05944010416666656 0.04408998842592593
2 0.34342447916666663 0.16858362268518517 0.1596354166666667 0.08579282407407407
3 0.8677083333333333 0.3467881944444444 0.035937499999999956 0.02763310185185186
3 0.33125 0.7604166666666667 0.13736979166666663 0.1171151620370372