2 0.7685546875 0.4326171875 0.0966796875 0.1298828125
2 0.7373046875 0.2890625 0.0673828125 0.0654296875
2 0.5888671875 0.3984375 0.1142578125 0.1357421875
2 0.4951171875 0.376953125 0.111328125 0.1171875
2 0.357421875 0.349609375 0.1123046875 0.1123046875
2 0.798828125 0.3095703125 0.0576171875 0.064453125
2 0.388671875 0.537109375 0.169921875 0.1796875
2 0.5234375 0.263671875 0.0576171875 0.048828125
2 0.21875 0.333984375 0.1044921875 0.0859375
3 0.6767578125 0.431640625 0.083984375 0.064453125
2 0.65625 0.5810546875 0.15625 0.2265625
2 0.7939453125 0.623046875 0.1484375 0.2470703125
2 0.2890625 0.5107421875 0.1689453125 0.2109375
3 0.53125 0.564453125 0.1142578125 0.1064453125
2 0.427734375 0.2578125 0.072265625 0.044921875
2 0.1064453125 0.427734375 0.111328125 0.119140625
2 0.8515625 0.4501953125 0.078125 0.107421875
2 0.0751953125 0.359375 0.0576171875 0.0419921875
2 0.6376953125 0.2451171875 0.0419921875 0.041015625
2 0.2138671875 0.474609375 0.142578125 0.138671875
2 0.2548828125 0.244140625 0.044921875 0.033203125
2 0.025390625 0.4013671875 0.048828125 0.048828125
3 0.478515625 0.2705078125 0.0361328125 0.0263671875
2 0.173828125 0.447265625 0.1142578125 0.095703125
3 0.4296875 0.3828125 0.0546875 0.0498046875
3 0.630859375 0.283203125 0.037109375 0.0234375
3 0.6796875 0.291015625 0.041015625 0.03125
3 0.576171875 0.2783203125 0.0419921875 0.0234375
2 0.296875 0.224609375 0.0498046875 0.0283203125
2 0.9775390625 0.3798828125 0.044921875 0.072265625
3 0.595703125 0.2470703125 0.0361328125 0.021484375
2 0.3330078125 0.2109375 0.046875 0.0263671875
2 0.498046875 0.2001953125 0.0361328125 0.0263671875
3 0.2861328125 0.3720703125 0.0546875 0.0390625
3 0.533203125 0.2080078125 0.0263671875 0.017578125
3 0.880859375 0.6376953125 0.099609375 0.1357421875
3 0.6826171875 0.259765625 0.0361328125 0.0341796875
3 0.505859375 0.2392578125 0.044921875 0.0234375
3 0.3955078125 0.265625 0.0419921875 0.029296875
3 0.251953125 0.3564453125 0.041015625 0.041015625