2 0.5654296875 0.3466796875 0.140625 0.0810546875
2 0.185546875 0.6689453125 0.2314453125 0.1513671875
2 0.732421875 0.5419921875 0.1484375 0.125
2 0.517578125 0.296875 0.107421875 0.064453125
2 0.6669921875 0.4501953125 0.150390625 0.1123046875
2 0.8076171875 0.6455078125 0.1435546875 0.1748046875
2 0.138671875 0.572265625 0.2294921875 0.1669921875
2 0.1923828125 0.798828125 0.2734375 0.169921875
2 0.177734375 0.419921875 0.1298828125 0.095703125
2 0.3779296875 0.203125 0.048828125 0.044921875
2 0.181640625 0.337890625 0.109375 0.076171875
2 0.46875 0.267578125 0.1044921875 0.060546875
2 0.4267578125 0.2001953125 0.048828125 0.044921875
2 0.474609375 0.1953125 0.0517578125 0.0390625
3 0.1689453125 0.490234375 0.0751953125 0.0361328125
2 0.2890625 0.2265625 0.0595703125 0.048828125
2 0.193359375 0.2890625 0.083984375 0.041015625
3 0.197265625 0.376953125 0.076171875 0.029296875
3 0.599609375 0.4013671875 0.0654296875 0.046875
3 0.3330078125 0.21875 0.052734375 0.048828125