2 0.6471643518518518 0.47300347222222217 0.241261574074074 0.1440104166666667
2 0.6136935763888889 0.5694661458333333 0.19897280092592595 0.10303819444444451
2 0.3809606481481481 0.5326388888888889 0.23723234953703698 0.12732204861111107
2 0.7350477430555555 0.3382161458333333 0.24152922453703707 0.1801432291666667
2 0.7847873263888889 0.1964626736111111 0.2700448495370371 0.20713975694444448
2 0.5751302083333333 0.6377170138888889 0.17846498842592595 0.10258246527777781
2 0.37664207175925923 0.6089192708333333 0.18516348379629632 0.08417968750000004
2 0.25752314814814814 0.7463541666666667 0.06291956018518519 0.058029513888888884
2 0.13218315972222222 0.7032335069444444 0.07567997685185185 0.06710069444444455
2 0.40154079861111114 0.41009114583333334 0.23355758101851842 0.15848524305555556
2 0.4247902199074074 0.7797526041666667 0.05999710648148149 0.058940972222222054
2 0.19485677083333333 0.7252821180555555 0.05507812499999998 0.05394965277777786
2 0.5078414351851852 0.7837673611111111 0.06481481481481488 0.050260416666666696
2 0.3397135416666667 0.766015625 0.06485821759259258 0.056119791666666696
2 0.06555989583333334 0.6754123263888889 0.07372685185185185 0.06705729166666652
2 0.04290364583333333 0.5176866319444444 0.0757740162037037 0.07979600694444455
2 0.4800925925925926 0.7296875 0.12254774305555549 0.06716579861111116
2 0.024377893518518517 0.6538628472222222 0.03953993055555556 0.06532118055555558
2 0.023878761574074075 0.4546223958333333 0.04168836805555556 0.09173177083333339
3 0.4491608796296296 0.24592013888888886 0.17782118055555562 0.1474826388888889