2 0.5722077546296296 0.556886574074074 0.20862991898148153 0.1860387731481481
2 0.2944010416666667 0.5092013888888889 0.1679542824074074 0.14069733796296302
2 0.6960286458333333 0.8140046296296297 0.2744936342592592 0.2192129629629629
2 0.3515480324074074 0.6784577546296297 0.20132378472222223 0.2197554976851852
2 0.8250506365740741 0.566015625 0.16763599537037033 0.11921296296296302
2 0.3613353587962963 0.3512008101851852 0.08378906249999996 0.05765335648148151
2 0.7736979166666667 0.7220124421296297 0.2323857060185186 0.2089120370370372
2 0.8580150462962963 0.486009837962963 0.13608217592592586 0.09685329861111114
2 0.47457320601851855 0.6184244791666667 0.20290075231481486 0.19448061342592604
2 0.46724537037037034 0.3213758680555555 0.07291666666666663 0.048227719907407485
2 0.6653428819444445 0.455078125 0.14814814814814814 0.12098524305555558
2 0.41673900462962965 0.3369212962962963 0.07889178240740735 0.05638744212962965
2 0.25067274305555554 0.389525462962963 0.08995225694444442 0.07850839120370368
2 0.2452835648148148 0.7502170138888888 0.17722800925925924 0.23979311342592613
2 0.8670862268518519 0.43971354166666665 0.09655671296296298 0.06328848379629637
2 0.1375289351851852 0.45794994212962964 0.06944444444444442 0.07729311342592593
2 0.17434172453703703 0.37426938657407405 0.05350115740740741 0.054882812500000044
2 0.3994719328703704 0.291015625 0.07384982638888893 0.04535590277777779
2 0.1423538773148148 0.3226128472222222 0.037615740740740755 0.03637876157407405
2 0.5070529513888888 0.3081235532407407 0.06807725694444455 0.050868055555555625
2 0.22007378472222222 0.2998987268518518 0.03955439814814815 0.03551793981481488
2 0.27718460648148147 0.2691333912037037 0.04437934027777779 0.03190104166666674
3 0.7693793402777778 0.6280888310185185 0.08877314814814818 0.06477864583333326
2 0.24612268518518518 0.27997685185185184 0.04147858796296294 0.03368055555555549
3 0.3198929398148148 0.38582175925925927 0.0571469907407407 0.03753616898148149
3 0.5730902777777778 0.8798972800925926 0.1289424189814814 0.07594039351851856
3 0.20167824074074076 0.44126157407407407 0.06029369212962965 0.052358217592592626
3 0.1250144675925926 0.4035445601851852 0.05029658564814815 0.036154513888888906
2 0.7368851273148148 0.4105324074074074 0.1122829861111112 0.07105034722222214
2 0.5429976851851852 0.29756944444444444 0.06605179398148153 0.04586950231481479
2 0.3110821759259259 0.3179759837962963 0.06312210648148153 0.045695891203703765
2 0.17624421296296297 0.3051070601851852 0.04541377314814815 0.035865162037037046
2 0.46647858796296293 0.2696180555555555 0.06014901620370372 0.042592592592592515
2 0.4364076967592593 0.28149594907407405 0.05230758101851851 0.04017650462962963
2 0.5424479166666667 0.26046006944444444 0.055179398148148096 0.036443865740740766
3 0.26751302083333334 0.34076244212962964 0.052220775462963 0.03431712962962963
2 0.8832248263888889 0.40944733796296295 0.0737340856481481 0.03754340277777779
3 0.08271846064814814 0.5122685185185185 0.06631221064814813 0.06344762731481479
3 0.8253038194444444 0.5172453703703703 0.07384982638888893 0.04535590277777768
3 0.6066695601851851 0.5120949074074074 0.08677662037037037 0.06173321759259265
2 0.7829210069444444 0.35666956018518514 0.08854166666666674 0.04915364583333326
2 0.760865162037037 0.3826822916666667 0.09737413194444455 0.052604166666666674
2 0.34717881944444445 0.25181568287037037 0.041391782407407374 0.02782118055555549
2 0.6412543402777777 0.27802372685185184 0.052249710648148096 0.03627025462962963
3 0.3509620949074074 0.3096064814814815 0.039438657407407485 0.02770543981481488
2 0.608152488425926 0.28289207175925923 0.060062210648148096 0.036733217592592515
2 0.5740885416666667 0.2886791087962963 0.0551938657407407 0.037420428240740655
2 0.443482349537037 0.23215422453703705 0.05222077546296289 0.03431712962962963
2 0.7704427083333333 0.3705656828703704 0.10435474537037037 0.06277488425925926
2 0.6991030092592593 0.42878327546296297 0.09948640046296298 0.0634620949074074
2 0.31318721064814814 0.2624855324074074 0.03457031249999998 0.02839265046296291
2 0.39968171296296295 0.23931568287037036 0.04437934027777779 0.03190104166666663
3 0.07651909722222222 0.42311197916666665 0.04554398148148148 0.044654224537037046