2 0.6567708333333333 0.5398943865740741 0.13147424768518512 0.09270109953703698
2 0.5457609953703704 0.37340856481481477 0.20713975694444442 0.16174768518518512
2 0.8086009837962963 0.4661820023148148 0.15690104166666674 0.09946469907407407
2 0.263158275462963 0.5768590856481481 0.08936631944444451 0.07396556712962954
2 0.7832248263888889 0.3343460648148148 0.20429687500000004 0.17324942129629628
2 0.5869212962962963 0.6143663194444444 0.08442563657407409 0.06579137731481488
2 0.4536603009259259 0.2894603587962963 0.24958767361111112 0.22638165509259256
2 0.5628978587962963 0.6952039930555556 0.07841435185185186 0.0448495370370372
2 0.43238570601851856 0.6580222800925926 0.09608651620370368 0.05884693287037024
2 0.3259620949074074 0.6629774305555556 0.07354600694444446 0.04644097222222232
2 0.5753255208333333 0.730396412037037 0.05197482638888884 0.0331307870370372
2 0.2418185763888889 0.6906828703703703 0.0500361689814815 0.03493923611111116
3 0.36053240740740744 0.6077112268518519 0.05193142361111103 0.02727141203703698
3 0.607371238425926 0.48889612268518523 0.07552806712962967 0.05049189814814814
2 0.10949074074074074 0.6350911458333334 0.05304542824074074 0.0458984375
3 0.5725694444444445 0.44364872685185186 0.09118200231481488 0.05555555555555558
3 0.7292607060185186 0.24074074074074073 0.10499131944444429 0.07512297453703703
3 0.3177734375 0.5825737847222222 0.05196759259259265 0.03215422453703698
3 0.7719618055555555 0.4054542824074074 0.08922887731481488 0.05541087962962965
3 0.24819878472222223 0.6199363425925926 0.04509548611111114 0.02676504629629628
3 0.2939453125 0.6370442708333334 0.04115306712962963 0.02159288194444442
3 0.6969256365740741 0.12601273148148148 0.13151041666666652 0.09758391203703703
3 0.1388527199074074 0.49236834490740744 0.06872106481481483 0.05389178240740744
3 0.19913194444444443 0.5240162037037037 0.06765046296296295 0.04112413194444442
2 0.3051287615740741 0.7084418402777778 0.04411892361111103 0.02669270833333326
3 0.6857783564814814 0.5767867476851851 0.04707031249999982 0.02983940972222232
3 0.4043185763888889 0.6259403935185185 0.04507378472222223 0.02383535879629628
3 0.6963831018518518 0.5945457175925926 0.04702690972222223 0.02398003472222232
3 0.5025824652777778 0.6684389467592593 0.04115306712962963 0.021592881944444642
2 0.34794560185185186 0.7257667824074074 0.04706307870370374 0.02886284722222232
2 0.926490162037037 0.6263020833333333 0.05982349537037046 0.03859230324074092
2 0.17466724537037037 0.6644241898148148 0.04120370370370369 0.02842881944444442
3 0.32821180555555557 0.22750289351851855 0.17768373842592589 0.13809317129629628
3 0.19855324074074074 0.6021412037037037 0.059874131944444464 0.0454282407407407
2 0.39275173611111114 0.7380642361111112 0.044140625000000044 0.02962239583333348
3 0.2077835648148148 0.6736834490740741 0.028436053240740722 0.01772280092592582
2 0.2679832175925926 0.7160734953703703 0.04120370370370374 0.02842881944444442
2 0.8227647569444445 0.6622902199074074 0.04410445601851842 0.02473958333333348
3 0.8109592013888889 0.5431134259259258 0.03923611111111103 0.0263310185185186
2 0.4844039351851852 0.7507957175925926 0.03922164351851842 0.0243778935185186
3 0.7392795138888889 0.6011284722222222 0.03140190972222223 0.02282262731481488
3 0.8284505208333334 0.5535300925925926 0.03335503472222223 0.0229673032407407
3 0.8234157986111111 0.5743995949074074 0.017730034722222232 0.02180989583333348
3 0.16161747685185185 0.5814525462962963 0.05502025462962962 0.04897280092592604
3 0.11597222222222223 0.5506727430555556 0.055107060185185186 0.06069155092592604
3 0.07550636574074074 0.611255787037037 0.034367766203703715 0.02792245370370372
3 0.4370442708333333 0.6879340277777778 0.04510995370370363 0.02871817129629628