2 0.435546875 0.5234375 0.201171875 0.1669921875
2 0.712890625 0.4921875 0.173828125 0.142578125
2 0.3154296875 0.7734375 0.2783203125 0.2109375
2 0.658203125 0.658203125 0.1875 0.2001953125
2 0.1826171875 0.517578125 0.1669921875 0.1123046875
2 0.6435546875 0.330078125 0.0859375 0.0595703125
2 0.236328125 0.6767578125 0.224609375 0.1875
2 0.1484375 0.435546875 0.1328125 0.087890625
2 0.5341796875 0.5908203125 0.1904296875 0.171875
2 0.537109375 0.2939453125 0.0751953125 0.048828125
2 0.3408203125 0.416015625 0.142578125 0.1064453125
2 0.587890625 0.3125 0.078125 0.0498046875
2 0.7548828125 0.375 0.091796875 0.078125
2 0.765625 0.736328125 0.1767578125 0.2314453125
2 0.138671875 0.388671875 0.095703125 0.0576171875
2 0.869140625 0.4501953125 0.064453125 0.068359375
2 0.8310546875 0.3642578125 0.0517578125 0.046875
2 0.6044921875 0.267578125 0.0751953125 0.046875
2 0.8623046875 0.314453125 0.037109375 0.0341796875
2 0.4970703125 0.2783203125 0.0673828125 0.046875
2 0.7841796875 0.287109375 0.0390625 0.033203125
2 0.7265625 0.2529296875 0.0439453125 0.03125
3 0.2392578125 0.5830078125 0.087890625 0.0576171875
2 0.7578125 0.265625 0.041015625 0.03125
3 0.685546875 0.3671875 0.056640625 0.033203125
3 0.439453125 0.8466796875 0.125 0.064453125
3 0.8046875 0.4296875 0.056640625 0.0439453125
3 0.880859375 0.396484375 0.0517578125 0.0361328125
2 0.2685546875 0.3671875 0.107421875 0.056640625
2 0.4609375 0.265625 0.064453125 0.0390625
2 0.693359375 0.2998046875 0.0625 0.044921875
2 0.828125 0.294921875 0.0439453125 0.03125
2 0.537109375 0.2421875 0.0576171875 0.0341796875
2 0.5673828125 0.255859375 0.0517578125 0.0361328125
2 0.4609375 0.228515625 0.052734375 0.029296875
3 0.7373046875 0.3251953125 0.0517578125 0.03125
2 0.1220703125 0.357421875 0.0732421875 0.0361328125
3 0.9248046875 0.5078125 0.0654296875 0.0595703125
3 0.181640625 0.46875 0.0732421875 0.0419921875
3 0.400390625 0.4765625 0.083984375 0.052734375
2 0.2216796875 0.310546875 0.0908203125 0.0517578125
2 0.244140625 0.337890625 0.0986328125 0.048828125
2 0.65625 0.2314453125 0.041015625 0.0263671875
2 0.3623046875 0.240234375 0.0498046875 0.0283203125
3 0.6533203125 0.2890625 0.0390625 0.025390625
2 0.3955078125 0.2470703125 0.060546875 0.037109375
2 0.4296875 0.2548828125 0.0546875 0.0341796875
2 0.5595703125 0.2060546875 0.0517578125 0.029296875
2 0.234375 0.3251953125 0.099609375 0.048828125
2 0.306640625 0.3876953125 0.1015625 0.0625
2 0.6904296875 0.244140625 0.0341796875 0.0283203125
2 0.603515625 0.2158203125 0.041015625 0.025390625
3 0.9296875 0.4189453125 0.046875 0.0439453125