2 0.4683159722222222 0.521947337962963 0.13450520833333335 0.121144386574074
2 0.2898220486111111 0.39559461805555557 0.1449797453703704 0.16950231481481481
2 0.37961516203703705 0.4627025462962963 0.15044849537037042 0.14343894675925928
2 0.37875434027777777 0.6021990740740741 0.13682725694444442 0.08028067129629646
2 0.3428747106481481 0.6832826967592592 0.08088831018518516 0.05883969907407405
2 0.712622974537037 0.47996961805555555 0.15310329861111116 0.1250361689814815
2 0.3978515625 0.7056495949074073 0.08183593749999996 0.05693721064814827
2 0.06545862268518518 0.5322844328703704 0.06963252314814816 0.08948206018518512
2 0.818482349537037 0.6435402199074074 0.11818576388888902 0.07345920138888884
2 0.29371383101851856 0.6582899305555555 0.07119502314814818 0.06321614583333335
2 0.5685474537037036 0.3056351273148148 0.20571469907407414 0.18533709490740735
2 0.2886791087962963 0.1867115162037037 0.16252170138888888 0.10210503472222221
2 0.7592881944444445 0.534107349537037 0.17833478009259274 0.11561053240740726
2 0.23860677083333331 0.6271339699074074 0.0742404513888889 0.07118055555555558
3 0.4507595486111111 0.1931640625 0.13892505787037046 0.09014756944444446
2 0.7921947337962962 0.5816767939814815 0.14478443287037024 0.09045138888888893
2 0.481322337962963 0.7412037037037038 0.07580295138888893 0.04491464120370381
2 0.6478153935185185 0.6503038194444445 0.10251736111111098 0.06971932870370368
3 0.6456886574074074 0.3750144675925926 0.09971788194444442 0.07835648148148144
2 0.43721788194444444 0.7281828703703703 0.07092013888888893 0.04466145833333335
2 0.4073350694444444 0.752980324074074 0.05805121527777768 0.032284432870370416
2 0.18431712962962962 0.3218171296296296 0.1594039351851852 0.22099247685185186
2 0.26274594907407406 0.7415798611111111 0.04242621527777779 0.03147424768518503
2 0.8592447916666667 0.6944444444444444 0.07663483796296289 0.03519965277777781
2 0.12533275462962962 0.5558810763888888 0.06072771990740744 0.08121383101851842
2 0.847193287037037 0.6713758680555555 0.08846932870370372 0.04361979166666652
2 0.2691116898148148 0.6443287037037038 0.08890335648148151 0.07291666666666652
3 0.19013310185185184 0.5826605902777777 0.058080150462963 0.034237557870370416
3 0.5361617476851852 0.556691261574074 0.08904803240740744 0.08268229166666652
3 0.589503761574074 0.6004412615740741 0.09165943287037037 0.06134982638888897