2 0.33781828703703703 0.2894097222222222 0.08199508101851849 0.052350983796296324
3 0.5230034722222222 0.5877604166666667 0.10130931712962954 0.07299623842592595
3 0.2944878472222222 0.5367332175925926 0.09320746527777779 0.06512586805555554
3 0.3785445601851852 0.4814380787037037 0.08221209490740744 0.058210358796296324
3 0.2505425347222222 0.3525390625 0.05407262731481488 0.03652343749999998
2 0.9279513888888888 0.830787037037037 0.08365885416666652 0.07091290509259252
3 0.3023003472222222 0.32579571759259257 0.0400390625 0.02665653935185186
3 0.4326171875 0.6821542245370371 0.13444010416666663 0.09764901620370381
3 0.6365379050925926 0.4482855902777778 0.07197627314814814 0.045442708333333304
3 0.42668547453703703 0.4205512152777778 0.05624276620370372 0.04239728009259258
3 0.3907335069444444 0.28413628472222224 0.03786892361111116 0.020782696759259256
3 0.42748119212962965 0.26726707175925923 0.03779658564814814 0.018829571759259256
3 0.6009114583333333 0.5139612268518519 0.08326099537037024 0.060170717592592515
3 0.5214482060185185 0.39251302083333334 0.0751953125 0.05327690972222221
3 0.46419270833333337 0.2513744212962963 0.04278790509259256 0.021795428240740766
3 0.9316044560185185 0.732154224537037 0.06727430555555558 0.07664930555555549