2 0.4892578125 0.2314453125 0.064453125 0.056640625
2 0.626953125 0.4638671875 0.1279296875 0.1669921875
2 0.150390625 0.505859375 0.1533203125 0.1669921875
2 0.4423828125 0.6357421875 0.1669921875 0.251953125
2 0.8701171875 0.3310546875 0.072265625 0.078125
2 0.767578125 0.2919921875 0.0595703125 0.0703125
2 0.716796875 0.2763671875 0.0595703125 0.0703125
2 0.427734375 0.4013671875 0.146484375 0.166015625
2 0.2548828125 0.384765625 0.1328125 0.109375
2 0.5517578125 0.240234375 0.0595703125 0.0546875
2 0.833984375 0.7138671875 0.154296875 0.251953125
3 0.5185546875 0.451171875 0.0908203125 0.076171875
3 0.3330078125 0.5966796875 0.099609375 0.09375
3 0.720703125 0.515625 0.09375 0.099609375
3 0.7060546875 0.7138671875 0.1015625 0.1376953125
3 0.3359375 0.412109375 0.064453125 0.060546875
2 0.662109375 0.265625 0.0595703125 0.0546875
3 0.8203125 0.3330078125 0.0341796875 0.029296875
3 0.578125 0.685546875 0.125 0.1455078125
2 0.896484375 0.5283203125 0.123046875 0.1875
3 0.2294921875 0.552734375 0.083984375 0.0751953125
2 0.9677734375 0.5771484375 0.064453125 0.1455078125
2 0.955078125 0.3779296875 0.0595703125 0.0625
3 0.814453125 0.5517578125 0.078125 0.0908203125
3 0.912109375 0.369140625 0.0283203125 0.03125
3 0.9091796875 0.759765625 0.0751953125 0.1142578125
3 0.970703125 0.76953125 0.0576171875 0.1328125
3 0.5966796875 0.265625 0.052734375 0.0595703125