2 0.6072699652777778 0.3751012731481481 0.20985243055555558 0.16720920138888884
2 0.2809172453703704 0.4581235532407407 0.19404658564814814 0.12771267361111116
2 0.6664424189814815 0.2646484375 0.23249421296296302 0.20690827546296298
2 0.5464554398148148 0.4630642361111111 0.1850260416666667 0.1196397569444444
2 0.5095630787037037 0.5351490162037037 0.17298900462962963 0.10855034722222223
2 0.9170934606481481 0.22816840277777778 0.13563368055555558 0.1650101273148148
2 0.8726128472222223 0.5381004050925926 0.11786747685185173 0.0922815393518519
2 0.6856553819444444 0.6496455439814814 0.08155381944444429 0.0521773726851853
2 0.4433666087962963 0.573191550925926 0.12921006944444446 0.07993344907407396
2 0.41095196759259256 0.6317491319444444 0.11895254629629637 0.06304253472222232
2 0.4044994212962963 0.6774160879629629 0.12429108796296295 0.04563802083333335
2 0.7327907986111111 0.6598234953703703 0.07463107638888888 0.04904513888888884
2 0.12319155092592593 0.6671296296296296 0.07170138888888888 0.04895833333333344
3 0.25886863425925927 0.5043041087962963 0.09016927083333337 0.04657841435185195
3 0.28489583333333335 0.6582609953703704 0.07635271990740744 0.041290509259259256
2 0.27214988425925923 0.6891059027777777 0.10611255787037033 0.057783564814814614
3 0.42645399305555554 0.5951316550925926 0.09212239583333326 0.04663628472222214
3 0.048885995370370375 0.5302806712962962 0.04286024305555555 0.030541087962963065
2 0.2458695023148148 0.5595341435185185 0.1650607638888889 0.10441261574074079
3 0.03334056712962963 0.4995732060185185 0.0380931712962963 0.034302662037037024
3 0.2911458333333333 0.3423177083333333 0.10215567129629632 0.0888888888888888
3 0.33664641203703705 0.2314597800925926 0.11223958333333339 0.09992042824074077
3 0.05555555555555555 0.5577980324074074 0.03383969907407408 0.02246817129629619
3 0.0798611111111111 0.5877893518518518 0.03389756944444444 0.02442129629629619
3 0.0931640625 0.6086733217592593 0.027061631944444442 0.024218749999999956