2 0.39380063657407405 0.6545283564814814 0.20746527777777768 0.16720920138888884
2 0.7242766203703703 0.5715060763888888 0.19223813657407396 0.12771267361111116
2 0.3296368634259259 0.7649811921296297 0.2295283564814815 0.20690827546296298
2 0.4586082175925926 0.5665653935185185 0.18333333333333335 0.11963975694444451
2 0.49875578703703705 0.49448061342592586 0.1714554398148147 0.10855034722222223
2 0.07703269675925926 0.8014612268518518 0.13324652777777776 0.1650101273148148
2 0.1353587962962963 0.491529224537037 0.11655092592592592 0.0922815393518518
2 0.3275245949074074 0.3799840856481482 0.08081597222222214 0.052177372685185186
2 0.5667317708333334 0.4564380787037037 0.12808159722222223 0.07993344907407418
2 0.6017939814814814 0.3978804976851852 0.11807002314814818 0.06304253472222221
2 0.6102864583333334 0.35221354166666663 0.12366898148148131 0.04563802083333335
2 0.28077980324074076 0.36980613425925923 0.07393663194444444 0.04904513888888884
2 0.8915075231481482 0.3625 0.07100694444444455 0.048958333333333326
3 0.7484085648148149 0.5253255208333334 0.08951822916666652 0.04657841435185173
3 0.7291956018518518 0.37136863425925926 0.07577401620370372 0.041290509259259256
2 0.7433304398148148 0.34052372685185184 0.10530237268518516 0.057783564814814836
3 0.5846426504629629 0.43449797453703703 0.09147135416666652 0.046636284722222254
3 0.9598234953703704 0.4993489583333333 0.04242621527777768 0.030541087962962954
2 0.7638816550925926 0.47009548611111107 0.1635850694444443 0.10441261574074079
3 0.9740234375 0.5300564236111112 0.037601273148148096 0.034302662037037024
3 0.7088831018518518 0.6873119212962964 0.10088252314814827 0.08888888888888902
3 0.6583912037037037 0.7981698495370371 0.1108072916666667 0.09992042824074066
3 0.954369212962963 0.47183159722222223 0.03352141203703707 0.022468171296296302
3 0.9313657407407407 0.4418402777777778 0.033550347222222276 0.024421296296296302
3 0.9189742476851852 0.4209563078703704 0.026714409722222276 0.024218749999999956