2 0.36005497685185184 0.47146267361111116 0.24621672453703702 0.15933159722222223
2 0.3949435763888889 0.5656467013888888 0.20393518518518516 0.11840277777777786
2 0.6270543981481482 0.5133246527777778 0.2451822916666666 0.15147569444444442
2 0.27020399305555554 0.34259982638888886 0.2563440393518519 0.20859375000000002
2 0.2183810763888889 0.20423177083333333 0.26511863425925924 0.20703125
2 0.43450520833333334 0.6312934027777778 0.17841435185185184 0.09969618055555562
2 0.6325014467592593 0.5892795138888889 0.18616174768518512 0.09125434027777768
2 0.7536168981481481 0.7187065972222222 0.06587094907407409 0.06247829861111098
2 0.8782769097222223 0.6672526041666667 0.0756799768518519 0.06877170138888888
2 0.6046657986111111 0.3922092013888889 0.2246383101851852 0.14568142361111114
2 0.5868995949074074 0.7632378472222222 0.05802228009259247 0.05724826388888893
2 0.8159505208333333 0.6934678819444444 0.05999710648148149 0.06026475694444455
2 0.5039351851851852 0.7727864583333334 0.06284722222222228 0.04965277777777777
2 0.6717447916666666 0.7438368055555555 0.06485821759259247 0.05755208333333339
2 0.9444661458333333 0.6350043402777777 0.07569444444444451 0.07072482638888888
2 0.964183666087963 0.47584635416666665 0.07163266782407396 0.07840711805555567
2 0.5308738425925926 0.7168836805555556 0.1235532407407407 0.07382812499999991
2 0.9817961516203704 0.6107638888888889 0.036407696759259256 0.06627604166666679
2 0.979054542824074 0.4116319444444444 0.04189091435185199 0.09379340277777781
3 0.5546296296296296 0.23129340277777777 0.18275462962962963 0.15846354166666665