2 0.3173828125 0.3330078125 0.09375 0.0751953125
2 0.4326171875 0.291015625 0.080078125 0.0595703125
2 0.525390625 0.3486328125 0.109375 0.0908203125
2 0.7607421875 0.712890625 0.205078125 0.2109375
2 0.5185546875 0.265625 0.0810546875 0.0498046875
2 0.1220703125 0.4296875 0.0908203125 0.103515625
2 0.587890625 0.3310546875 0.0908203125 0.0810546875
2 0.8466796875 0.564453125 0.140625 0.1435546875
2 0.2001953125 0.296875 0.052734375 0.0498046875
2 0.3232421875 0.443359375 0.138671875 0.1357421875
2 0.65625 0.302734375 0.09375 0.064453125
2 0.068359375 0.353515625 0.0546875 0.0673828125
2 0.400390625 0.2236328125 0.060546875 0.041015625
2 0.8798828125 0.474609375 0.1328125 0.1015625
3 0.2451171875 0.283203125 0.0361328125 0.0234375
3 0.236328125 0.5048828125 0.0751953125 0.052734375
3 0.2841796875 0.267578125 0.03125 0.015625
2 0.701171875 0.279296875 0.0751953125 0.0576171875
2 0.3232421875 0.2451171875 0.060546875 0.0390625
3 0.4091796875 0.427734375 0.0654296875 0.048828125
3 0.4658203125 0.3857421875 0.0517578125 0.0341796875
3 0.158203125 0.3203125 0.0361328125 0.025390625
2 0.146484375 0.541015625 0.0888671875 0.1279296875
2 0.8984375 0.419921875 0.083984375 0.0703125
2 0.8984375 0.3701171875 0.076171875 0.060546875
2 0.796875 0.248046875 0.0517578125 0.041015625
2 0.080078125 0.279296875 0.029296875 0.03125
2 0.2236328125 0.2578125 0.044921875 0.0341796875
2 0.166015625 0.240234375 0.025390625 0.0263671875
2 0.138671875 0.251953125 0.03125 0.03125
3 0.1904296875 0.416015625 0.0546875 0.0419921875
3 0.259765625 0.2470703125 0.0283203125 0.0205078125
3 0.115234375 0.341796875 0.033203125 0.0283203125
2 0.0498046875 0.2939453125 0.0341796875 0.0341796875
3 0.078125 0.595703125 0.068359375 0.078125
2 0.8330078125 0.2392578125 0.041015625 0.0263671875
2 0.1923828125 0.2314453125 0.033203125 0.025390625
3 0.6640625 0.8154296875 0.140625 0.1044921875
3 0.365234375 0.2451171875 0.0283203125 0.021484375
3 0.2548828125 0.3720703125 0.0390625 0.0263671875
3 0.798828125 0.623046875 0.1064453125 0.078125
2 0.0205078125 0.494140625 0.041015625 0.138671875
2 0.1455078125 0.291015625 0.0341796875 0.03125
3 0.853515625 0.513671875 0.0859375 0.0673828125
3 0.3779296875 0.3251953125 0.037109375 0.0205078125
2 0.701171875 0.2314453125 0.0576171875 0.033203125
2 0.2578125 0.2109375 0.0341796875 0.0234375
2 0.109375 0.2607421875 0.0283203125 0.0283203125
2 0.2919921875 0.224609375 0.0419921875 0.029296875
3 0.1123046875 0.3076171875 0.037109375 0.025390625
3 0.638671875 0.3330078125 0.0654296875 0.0546875