3 0.17341579861111112 0.6365523726851852 0.04524739583333337 0.03190104166666652
3 0.3370442708333333 0.5050202546296296 0.08046874999999998 0.05736400462962954
3 0.44763454861111107 0.36352719907407405 0.09993489583333326 0.07897135416666656
3 0.28155381944444446 0.6809461805555556 0.042187500000000044 0.02879774305555549
3 0.24036458333333333 0.4554615162037037 0.08663194444444444 0.06454716435185182
3 0.22892795138888888 0.6583478009259258 0.04622395833333337 0.031958912037036935
3 0.3416666666666667 0.2803023726851852 0.11536458333333333 0.09741753472222214
2 0.2517795138888889 0.7999565972222222 0.03793402777777777 0.020753761574074048
3 0.21740451388888887 0.20183738425925926 0.11332465277777781 0.09534866898148148
2 0.04631076388888889 0.691355613425926 0.03324652777777777 0.04677372685185199
3 0.14049479166666667 0.39986979166666664 0.0829861111111111 0.07017505787037037
3 0.33285590277777777 0.6956741898148149 0.04214409722222223 0.027821180555555713
3 0.6705946180555555 0.6027054398148148 0.04524739583333348 0.03190104166666652
3 0.08825954861111111 0.16691261574074073 0.10286458333333334 0.07914496527777781
3 0.7827039930555555 0.5392216435185184 0.05128038194444429 0.03615451388888902
3 0.6222222222222222 0.6319806134259259 0.04325086805555545 0.030808738425925908
3 0.11595052083333332 0.6146412037037037 0.04639756944444445 0.035865162037036935
3 0.723806423611111 0.5727430555555555 0.04835069444444429 0.03598090277777777
3 0.16440972222222222 0.674978298611111 0.04010416666666666 0.02575231481481488
3 0.8421440972222223 0.4959924768518519 0.048697916666666785 0.04379340277777777
3 0.14926215277777777 0.7286241319444444 0.03411458333333328 0.022475405092592604
3 0.052300347222222224 0.34399594907407405 0.07658420138888888 0.07953559027777768
3 0.8960720486111111 0.46022858796296295 0.046744791666666785 0.043677662037037046
3 0.21486545138888888 0.692578125 0.03815104166666666 0.025636574074074048
3 0.18094618055555556 0.7402416087962963 0.02714843750000001 0.01914062499999991
3 0.11484375 0.6554832175925926 0.04019097222222223 0.02770543981481488
3 0.0671875 0.6351273148148149 0.04053819444444445 0.03551793981481488
3 0.2970052083333333 0.7217954282407407 0.037890624999999956 0.019777199074074048
3 0.055338541666666664 0.5876736111111112 0.04674479166666666 0.043677662037036935
3 0.9482204861111111 0.4282552083333333 0.043532986111111116 0.05907118055555549
3 0.9873806423611111 0.39380787037037035 0.025238715277777768 0.05165653935185177