2 0.466796875 0.298828125 0.095703125 0.064453125
2 0.556640625 0.3251953125 0.103515625 0.0703125
2 0.3251953125 0.484375 0.181640625 0.1171875
2 0.1328125 0.3251953125 0.0390625 0.0283203125
2 0.908203125 0.845703125 0.115234375 0.0576171875
2 0.1953125 0.3359375 0.056640625 0.03125
2 0.796875 0.783203125 0.177734375 0.1845703125
2 0.462890625 0.6171875 0.2158203125 0.1826171875
3 0.392578125 0.5517578125 0.099609375 0.0625
2 0.2314453125 0.431640625 0.0966796875 0.068359375
3 0.509765625 0.318359375 0.044921875 0.025390625
2 0.2529296875 0.4189453125 0.130859375 0.072265625
3 0.6123046875 0.359375 0.0498046875 0.048828125
3 0.896484375 0.501953125 0.052734375 0.0751953125
3 0.966796875 0.546875 0.046875 0.080078125
3 0.671875 0.3876953125 0.0517578125 0.0576171875
3 0.3828125 0.28125 0.0263671875 0.0126953125
3 0.40625 0.291015625 0.033203125 0.0205078125