2 0.40282841435185185 0.5575014467592593 0.1967737268518518 0.1000795717592593
2 0.41357783564814815 0.35920138888888886 0.1025607638888889 0.06813512731481475
2 0.47670717592592593 0.3821686921296297 0.10855034722222223 0.07696759259259256
2 0.7922815393518519 0.5018880208333334 0.10373263888888884 0.14723668981481497
2 0.5675636574074074 0.3131438078703703 0.08488136574074057 0.06116898148148153
2 0.6695529513888889 0.3494936342592593 0.07702546296296298 0.058181423611111116
2 0.33577112268518516 0.3382957175925926 0.10050636574074079 0.061284722222222254
2 0.8656756365740741 0.4251808449074074 0.07361111111111107 0.09135561342592591
2 0.2843894675925926 0.3132884837962963 0.07400896990740746 0.05230034722222221
2 0.3289713541666667 0.7972800925925926 0.18188657407407405 0.14976851851851847
2 0.15265480324074074 0.5710720486111112 0.15270543981481483 0.15736400462962963
2 0.8717375578703703 0.5432870370370371 0.0771629050925926 0.1333695023148147
2 0.23943865740740738 0.7110387731481481 0.1904224537037037 0.19865451388888888
2 0.4595558449074074 0.2875795717592593 0.08475115740740735 0.05237991898148153
2 0.7164930555555555 0.2788411458333333 0.04936342592592591 0.03649450231481488
2 0.7366030092592593 0.37145543981481477 0.06925636574074079 0.0610532407407407
2 0.08140914351851852 0.43684895833333337 0.08700810185185184 0.07290219907407414
2 0.6981626157407408 0.4615740740740741 0.11602285879629637 0.11998697916666667
2 0.6582175925925926 0.2577907986111111 0.04140625000000009 0.026671006944444464
2 0.04623119212962963 0.3726634837962963 0.06109664351851851 0.03755787037037028
2 0.9576171874999999 0.41473524305555554 0.06638454861111098 0.0649377893518519
2 0.8620949074074074 0.3373263888888889 0.04445167824074092 0.03450520833333337
2 0.04197229456018518 0.7779513888888889 0.08394458912037037 0.16765046296296293
2 0.7287471064814814 0.2426215277777778 0.02961516203703707 0.02170138888888884
2 0.11161747685185185 0.5069299768518518 0.09979021990740741 0.07885561342592595
2 0.9116247106481481 0.3555121527777778 0.04459635416666652 0.04427083333333326
2 0.23763020833333334 0.30582320601851853 0.06803385416666669 0.04444444444444451
2 0.07746672453703704 0.8430989583333333 0.15493344907407408 0.06074218749999982
3 0.6140769675925926 0.33721064814814816 0.047222222222222054 0.023784722222222276
3 0.06136429398148148 0.4057508680555556 0.050224247685185186 0.02868923611111107
2 0.20444155092592592 0.3050925925925926 0.05819589120370372 0.03948929398148149
3 0.6852575231481481 0.27809606481481486 0.031524884259259256 0.018786168981481444
3 0.203515625 0.6312355324074075 0.09272280092592594 0.06317997685185173
2 0.694140625 0.20577256944444444 0.023640046296296457 0.013845486111111138
2 0.3804398148148148 0.28914207175925927 0.04133391203703707 0.021788194444444464
3 0.5300419560185186 0.40716145833333334 0.04243344907407409 0.09600694444444446
3 0.612427662037037 0.44853877314814816 0.05030381944444451 0.09997106481481488
3 0.48573495370370373 0.8273654513888888 0.12337239583333337 0.0887948495370372
3 0.36982060185185184 0.34683159722222223 0.052611400462962976 0.058000578703703676
3 0.5051070601851851 0.3106770833333333 0.05045572916666674 0.04431423611111107
3 0.6113715277777778 0.25618489583333337 0.05018084490740726 0.02575954861111107
3 0.561697048611111 0.24776475694444444 0.03659577546296289 0.031517650462962954
3 0.6352430555555556 0.22671440972222223 0.037384259259259256 0.018829571759259256