2 0.47023292824074076 0.34704137731481477 0.31557436342592593 0.14724392361111116
2 0.5036168981481481 0.4848090277777778 0.21965422453703698 0.11150896990740744
2 0.7765480324074074 0.3232783564814815 0.2749204282407407 0.12915943287037046
2 0.7503978587962963 0.45981626157407407 0.22779224537037024 0.1205873842592593
2 0.10286458333333334 0.6182002314814815 0.07826967592592593 0.05946180555555558
2 0.7257306134259259 0.5574001736111112 0.18030237268518512 0.10224971064814814
2 0.7718460648148149 0.7492766203703703 0.05678530092592604 0.05866608796296302
2 0.4556206597222222 0.7687717013888888 0.07826967592592593 0.05946180555555536
2 0.6008029513888888 0.7653718171296297 0.05928096064814836 0.04705584490740744
2 0.3429904513888889 0.7558232060185186 0.06904658564814814 0.04741753472222232
2 0.7668185763888888 0.19223813657407407 0.29481336805555536 0.08698640046296297
3 0.6470992476851851 0.7514829282407407 0.0342520254629628 0.02955005787037024
3 0.8195167824074074 0.7198350694444444 0.04224537037037024 0.03472222222222232
3 0.3993778935185185 0.7510850694444444 0.05103443287037046 0.03504774305555558
3 0.3812934027777778 0.1838107638888889 0.14362702546296302 0.08626302083333337
3 0.7064163773148149 0.7468532986111112 0.05114293981481488 0.03797743055555536
3 0.542896412037037 0.7554253472222223 0.05284288194444464 0.0312138310185186
3 0.8688151041666667 0.7080078125 0.04217303240740744 0.03276909722222232
3 0.26088686342592593 0.7245008680555556 0.05313223379629628 0.0390263310185186