2 0.7728732638888889 0.6630208333333334 0.12925347222222228 0.09848090277777777
2 0.21629774305555555 0.41065538194444445 0.21940104166666663 0.15121527777777777
2 0.32395833333333335 0.6598741319444444 0.1304253472222222 0.08094618055555558
2 0.5414930555555555 0.3739800347222222 0.2645182291666668 0.22246093749999996
2 0.7707248263888888 0.7244357638888889 0.07860243055555571 0.05638020833333335
2 0.8283637152777779 0.6164496527777777 0.09157986111111116 0.0849609375
2 0.1855251736111111 0.5524088541666666 0.13448350694444444 0.10640190972222219
2 0.7334852430555556 0.2377604166666667 0.2466796874999999 0.21621093749999998
2 0.31686197916666664 0.21484375 0.2494791666666667 0.1694444444444444
2 0.7249348958333333 0.7478081597222221 0.07070312500000009 0.05425347222222232
2 0.5998046875 0.7421006944444444 0.09316406250000009 0.05475260416666661
2 0.1880859375 0.6100260416666667 0.1257378472222222 0.06328125000000018
2 0.9630316840277777 0.6145833333333333 0.07393663194444455 0.07777777777777795
2 0.6818576388888888 0.7663628472222223 0.062196180555555536 0.03845486111111107
3 0.42415364583333337 0.5216145833333333 0.08033854166666665 0.05154079861111116
2 0.16532118055555556 0.6904947916666666 0.09116753472222222 0.05373263888888902
2 0.6417100694444444 0.784982638888889 0.07230902777777781 0.04648437499999991
2 0.9343098958333333 0.5417317708333333 0.07252604166666665 0.0952690972222221
2 0.9236979166666667 0.7200303819444445 0.05091145833333344 0.04796006944444442
2 0.8707465277777777 0.6700737847222222 0.06981336805555571 0.056184895833333304
2 0.24694010416666667 0.7488932291666667 0.07497829861111116 0.04069010416666674
3 0.2984157986111111 0.3266276041666667 0.10651041666666661 0.06968315972222228
3 0.4831814236111111 0.4448784722222222 0.1015407986111111 0.06762152777777786
2 0.4628038194444445 0.7985677083333333 0.08172743055555554 0.03888888888888875
2 0.9887803819444445 0.5705512152777779 0.022439236111110983 0.08693576388888902
2 0.5791449652777778 0.8040798611111111 0.06610243055555554 0.038541666666666696
2 0.28695746527777777 0.72734375 0.0912977430555556 0.05666232638888902
2 0.7764756944444444 0.7879774305555556 0.037304687500000044 0.02717013888888875
3 0.37962239583333335 0.5733072916666666 0.07252604166666665 0.05136718749999991
3 0.2247829861111111 0.49181857638888893 0.06924913194444443 0.043489583333333304
2 0.8883897569444444 0.7377821180555555 0.054600694444444375 0.04316406249999982
2 0.9729600694444445 0.6869791666666667 0.044075520833333215 0.04780815972222219
2 0.2990234375 0.6915147569444444 0.10141059027777777 0.06469184027777786
3 0.35737847222222224 0.6215928819444445 0.058463541666666674 0.04227430555555545
3 0.7141710069444445 0.6812282986111111 0.04036458333333348 0.03016493055555558
2 0.7171875000000001 0.8149522569444444 0.03841145833333348 0.030121527777777768
3 0.9743977864583333 0.48808593749999996 0.05120442708333339 0.053038194444444464
3 0.6555555555555556 0.7013888888888888 0.05327690972222232 0.03532986111111125
2 0.6332248263888889 0.8355251736111111 0.03415798611111098 0.022222222222222143
2 0.581228298611111 0.8509548611111111 0.04205729166666661 0.024348958333333393
2 0.995751953125 0.6575520833333333 0.008496093750000044 0.05056423611111116
2 0.7479600694444444 0.8049045138888888 0.04231770833333348 0.030208333333333393
2 0.46649305555555554 0.8376736111111112 0.04791666666666661 0.024479166666666607
2 0.6862413194444444 0.82109375 0.04214409722222223 0.026302083333333393
3 0.5461588541666667 0.7643229166666666 0.04010416666666661 0.02430555555555558
3 0.5105034722222221 0.7742621527777778 0.03509114583333339 0.02126736111111116
2 0.6122178819444445 0.8457899305555556 0.03726128472222223 0.02619357638888875
2 0.6612413194444444 0.8293185763888888 0.04019097222222223 0.026258680555555358
3 0.8479817708333333 0.17981770833333333 0.10481770833333348 0.07549913194444446
3 0.4847005208333333 0.7863715277777777 0.026649305555555558 0.028884548611111116
3 0.1904513888888889 0.6412977430555555 0.048958333333333326 0.04791666666666661
3 0.1806640625 0.6625434027777778 0.038845486111111105 0.03988715277777777
3 0.8094401041666667 0.7613932291666666 0.04312065972222223 0.026323784722222188