2 0.232421875 0.533203125 0.1171875 0.1484375
2 0.802734375 0.6357421875 0.2080078125 0.1748046875
2 0.4609375 0.4013671875 0.1298828125 0.0888671875
2 0.3203125 0.4873046875 0.1357421875 0.1328125
2 0.248046875 0.396484375 0.0888671875 0.0810546875
2 0.8642578125 0.517578125 0.1640625 0.0986328125
2 0.666015625 0.8095703125 0.2421875 0.1328125
2 0.1220703125 0.46875 0.0810546875 0.0986328125
2 0.578125 0.349609375 0.109375 0.0673828125
2 0.2861328125 0.2919921875 0.060546875 0.0390625
2 0.5625 0.283203125 0.0859375 0.044921875
2 0.6748046875 0.3017578125 0.0830078125 0.052734375
3 0.71875 0.728515625 0.1220703125 0.087890625
3 0.158203125 0.603515625 0.0810546875 0.0673828125
2 0.6376953125 0.259765625 0.0673828125 0.0390625
2 0.876953125 0.4638671875 0.1279296875 0.068359375
3 0.3955078125 0.451171875 0.068359375 0.0439453125
2 0.458984375 0.2373046875 0.0576171875 0.0361328125
2 0.8984375 0.431640625 0.1064453125 0.064453125
2 0.1435546875 0.318359375 0.037109375 0.03125
3 0.158203125 0.3515625 0.0419921875 0.03125
3 0.244140625 0.314453125 0.0390625 0.0234375
2 0.294921875 0.255859375 0.048828125 0.03125
2 0.71875 0.2841796875 0.078125 0.0439453125
2 0.5439453125 0.220703125 0.0625 0.033203125
3 0.4326171875 0.333984375 0.046875 0.025390625
2 0.197265625 0.3251953125 0.0439453125 0.037109375
3 0.21875 0.2890625 0.037109375 0.021484375
2 0.5986328125 0.2705078125 0.0625 0.0419921875
3 0.3125 0.3798828125 0.0576171875 0.0341796875
3 0.1923828125 0.443359375 0.060546875 0.0419921875
3 0.642578125 0.326171875 0.0419921875 0.021484375
2 0.220703125 0.248046875 0.037109375 0.0283203125
3 0.8203125 0.568359375 0.083984375 0.0498046875
3 0.5205078125 0.3857421875 0.0546875 0.037109375
2 0.9111328125 0.4013671875 0.0908203125 0.048828125
3 0.5234375 0.3046875 0.0439453125 0.0283203125
2 0.1640625 0.2734375 0.029296875 0.0234375
3 0.0751953125 0.6533203125 0.0830078125 0.09375
3 0.365234375 0.3486328125 0.052734375 0.0361328125
3 0.4658203125 0.3125 0.052734375 0.0439453125