2 0.0595703125 0.5703125 0.115234375 0.1953125
2 0.2421875 0.2861328125 0.072265625 0.072265625
2 0.158203125 0.537109375 0.115234375 0.181640625
2 0.1015625 0.328125 0.064453125 0.0673828125
2 0.265625 0.494140625 0.1376953125 0.2080078125
2 0.177734375 0.306640625 0.0625 0.0703125
2 0.845703125 0.3544921875 0.078125 0.0625
2 0.5283203125 0.2265625 0.0703125 0.0498046875
2 0.357421875 0.25 0.064453125 0.0576171875
3 0.3017578125 0.28125 0.044921875 0.0361328125
2 0.037109375 0.369140625 0.0732421875 0.076171875
3 0.4892578125 0.6845703125 0.123046875 0.1015625
3 0.3701171875 0.4658203125 0.087890625 0.0751953125
2 0.576171875 0.220703125 0.0595703125 0.044921875
3 0.7890625 0.333984375 0.0439453125 0.0361328125
3 0.212890625 0.78125 0.119140625 0.1328125
3 0.888671875 0.408203125 0.056640625 0.048828125
3 0.345703125 0.736328125 0.125 0.1279296875
3 0.607421875 0.6142578125 0.103515625 0.0810546875
3 0.4189453125 0.255859375 0.041015625 0.025390625
3 0.75 0.306640625 0.044921875 0.033203125
3 0.4736328125 0.2470703125 0.044921875 0.0283203125
3 0.7138671875 0.5439453125 0.109375 0.0810546875
3 0.9423828125 0.451171875 0.052734375 0.046875
3 0.572265625 0.412109375 0.0986328125 0.072265625
3 0.1064453125 0.822265625 0.0966796875 0.095703125
3 0.7080078125 0.2783203125 0.0439453125 0.025390625
3 0.6611328125 0.2548828125 0.0439453125 0.021484375
3 0.478515625 0.4404296875 0.083984375 0.09375
3 0.9794921875 0.501953125 0.041015625 0.0576171875