2 0.6767578125 0.501953125 0.1455078125 0.119140625
2 0.556640625 0.431640625 0.126953125 0.0830078125
2 0.234375 0.7001953125 0.232421875 0.1748046875
2 0.4658203125 0.359375 0.115234375 0.0673828125
2 0.9248046875 0.6953125 0.1328125 0.1953125
2 0.2001953125 0.603515625 0.189453125 0.1376953125
2 0.296875 0.791015625 0.234375 0.1796875
2 0.1484375 0.3779296875 0.095703125 0.0576171875
2 0.162109375 0.484375 0.138671875 0.072265625
2 0.408203125 0.333984375 0.09375 0.052734375
2 0.169921875 0.5341796875 0.1376953125 0.0810546875
2 0.7705078125 0.5595703125 0.1513671875 0.173828125
2 0.052734375 0.7822265625 0.10546875 0.158203125
2 0.2685546875 0.263671875 0.060546875 0.03125
2 0.359375 0.2529296875 0.072265625 0.033203125
2 0.1435546875 0.333984375 0.072265625 0.037109375
2 0.1591796875 0.4423828125 0.111328125 0.064453125
3 0.509765625 0.396484375 0.056640625 0.037109375
3 0.6123046875 0.46875 0.0654296875 0.0439453125
3 0.849609375 0.6591796875 0.126953125 0.1123046875
3 0.8955078125 0.529296875 0.0673828125 0.0625
3 0.15625 0.4013671875 0.072265625 0.0517578125