2 0.6220703125 0.4570601851851852 0.2451171875 0.2392722800925926
2 0.8173828125 0.7826171875 0.0888671875 0.07296730324074074
2 0.7529296875 0.3730251736111111 0.1845703125 0.20683593749999996
2 0.607421875 0.839113136574074 0.0966796875 0.054817708333333215
2 0.302734375 0.739330150462963 0.1279296875 0.09550057870370354
2 0.298828125 0.3826822916666667 0.2470703125 0.22667824074074072
2 0.5888671875 0.7199869791666667 0.138671875 0.11070601851851847
2 0.7138671875 0.8397497106481482 0.080078125 0.05591001157407405
2 0.890625 0.6575086805555556 0.0703125 0.08763020833333335
2 0.8310546875 0.713013599537037 0.1064453125 0.10219907407407414
2 0.1826171875 0.6110315393518518 0.1357421875 0.13008535879629624
3 0.4580078125 0.6096860532407407 0.083984375 0.054159432870370505
2 0.5546875 0.8520037615740741 0.083984375 0.053182870370370505
3 0.34375 0.695558449074074 0.060546875 0.04513165509259265
3 0.517578125 0.5317201967592593 0.109375 0.07891348379629637
3 0.3935546875 0.6581018518518518 0.0751953125 0.05077401620370381
2 0.9140625 0.8159505208333333 0.0419921875 0.03831018518518503
2 0.873046875 0.7591362847222223 0.0654296875 0.05612702546296289
3 0.4091796875 0.26828703703703705 0.1279296875 0.09745370370370365
2 0.263671875 0.7734375 0.111328125 0.06631944444444438
2 0.943359375 0.7832899305555556 0.0439453125 0.04134114583333348
2 0.771484375 0.8808232060185185 0.0517578125 0.03881655092592595
2 0.583984375 0.8896556712962963 0.0654296875 0.03171296296296289
2 0.8203125 0.8687065972222222 0.0341796875 0.03009259259259256
2 0.9755859375 0.54375 0.048828125 0.13827401620370372
3 0.7080078125 0.7652271412037037 0.0625 0.040350115740740655
3 0.765625 0.7301287615740741 0.048828125 0.03671151620370372
3 0.228515625 0.5450520833333333 0.0673828125 0.052322048611111116
2 0.8564453125 0.8549551504629629 0.044921875 0.03357928240740726
3 0.6533203125 0.8014539930555555 0.0439453125 0.03059895833333348
2 0.9794921875 0.7753978587962963 0.0341796875 0.04376446759259256
2 0.912109375 0.8549117476851853 0.029296875 0.02495659722222232
3 0.9609375 0.6640842013888889 0.0546875 0.055570023148148184
3 0.765625 0.8033709490740741 0.0390625 0.0274160879629628
3 0.1669921875 0.6824869791666667 0.048828125 0.04159432870370372
3 0.501953125 0.17641782407407408 0.125 0.06409866898148148
3 0.2548828125 0.46438802083333336 0.0966796875 0.07727864583333333
3 0.9423828125 0.6015986689814815 0.0576171875 0.046932870370370416
2 0.7265625 0.9068142361111111 0.0361328125 0.014568865740740788
3 0.681640625 0.8507740162037036 0.0390625 0.0313223379629628
3 0.642578125 0.8663266782407407 0.0361328125 0.02726417824074079
3 0.5048828125 0.8543041087962963 0.037109375 0.03512731481481479
3 0.916015625 0.7037471064814815 0.044921875 0.03553240740740726
3 0.9111328125 0.7923611111111111 0.041015625 0.02361111111111125
3 0.8779296875 0.8218894675925925 0.046875 0.03563368055555571
3 0.833984375 0.8430483217592593 0.0361328125 0.02726417824074079
3 0.802734375 0.8570529513888889 0.025390625 0.026707175925925863