2 0.6724392361111111 0.7629340277777777 0.09544994212962976 0.07879774305555554
2 0.25470920138888886 0.6546513310185185 0.09466145833333339 0.11490885416666652
2 0.1679542824074074 0.4931134259259259 0.1703703703703704 0.10766059027777786
2 0.29639756944444445 0.35245225694444443 0.1890046296296296 0.29033564814814816
2 0.11089409722222221 0.5853732638888889 0.10206163194444445 0.09153645833333335
2 0.8780888310185184 0.7545717592592592 0.07941261574074066 0.055251736111111116
2 0.8022135416666667 0.24905237268518518 0.1913339120370372 0.23080873842592592
2 0.9124638310185185 0.5432870370370371 0.13792679398148167 0.1367042824074074
2 0.569581886574074 0.428587962962963 0.1762876157407407 0.24045862268518525
2 0.8108796296296297 0.7580005787037036 0.07889901620370354 0.0630570023148147
3 0.4487413194444444 0.3513237847222222 0.12017505787037042 0.13364438657407407
2 0.10473090277777777 0.2835286458333333 0.12831307870370373 0.22155671296296298
3 0.331517650462963 0.6648292824074074 0.06297743055555549 0.041464120370370505
2 0.9637677228009259 0.5867476851851852 0.07246455439814814 0.12377748842592595
2 0.9272424768518519 0.7102430555555556 0.07659866898148149 0.05718315972222232
3 0.40804398148148147 0.6867332175925926 0.05907118055555549 0.0414351851851853
3 0.4794560185185185 0.7047670717592592 0.05993200231481488 0.03948929398148149
3 0.676027199074074 0.16401186342592594 0.11642071759259265 0.08676215277777777
3 0.5536820023148148 0.720826099537037 0.051772280092592604 0.03357204861111107
3 0.6120515046296297 0.7330946180555555 0.042693865740740744 0.028624131944444464
3 0.8450086805555556 0.5095920138888889 0.06895978009259252 0.060054976851851904
3 0.6905671296296296 0.4423466435185185 0.09349681712962954 0.07878327546296293
3 0.7814597800925926 0.47586805555555556 0.07430555555555562 0.0679036458333333
3 0.7243055555555555 0.7478949652777778 0.032754629629629495 0.025622106481481444
2 0.05677083333333333 0.5623263888888889 0.04162326388888889 0.07644675925925926
3 0.19759114583333331 0.6140407986111112 0.04643373842592591 0.04231770833333348
2 0.982423683449074 0.7507740162037037 0.035152633101851904 0.04925491898148149
3 0.7656105324074074 0.7524739583333333 0.03252314814814827 0.021715856481481444
3 0.9428819444444445 0.3476634837962963 0.06413483796296315 0.060995370370370394
3 0.8743272569444445 0.29541377314814815 0.09263599537037037 0.08072916666666663
2 0.9435185185185184 0.7540870949074074 0.0546513310185186 0.049211516203703676
3 0.508058449074074 0.1652560763888889 0.1353153935185185 0.0761646412037037
3 0.9771339699074074 0.39915364583333335 0.045732060185185164 0.04921874999999998
3 0.9943793402777779 0.4565972222222222 0.011241319444444287 0.054962384259259256