2 0.637232349537037 0.4609375 0.15890480324074074 0.0888671875
2 0.5891276041666667 0.333984375 0.12042824074074066 0.0625
2 0.7327690972222223 0.8408203125 0.2484953703703705 0.083984375
3 0.6573640046296296 0.6376953125 0.1347583912037038 0.0751953125
3 0.6436197916666666 0.544921875 0.1224826388888891 0.064453125
3 0.6852141203703703 0.759765625 0.16495225694444438 0.111328125
3 0.28857060185185185 0.423828125 0.08611111111111114 0.041015625
3 0.8566695601851853 0.6171875 0.09057436342592595 0.0517578125
3 0.23279079861111113 0.5390625 0.13070023148148147 0.072265625
3 0.1763237847222222 0.6298828125 0.13686342592592593 0.078125
2 0.9533998842592593 0.484375 0.04174623842592595 0.0517578125
3 0.5997106481481482 0.3935546875 0.08543836805555571 0.046875
3 0.26167534722222224 0.4716796875 0.1171947337962963 0.056640625
2 0.7635199652777778 0.3984375 0.06775896990740748 0.044921875
3 0.1509693287037037 0.7421875 0.1457392939814815 0.0986328125
3 0.9085503472222223 0.708984375 0.11041666666666661 0.1142578125
3 0.031454354745370366 0.6015625 0.06290870949074073 0.0888671875
3 0.0642505787037037 0.53125 0.08032407407407408 0.080078125
3 0.11812065972222222 0.4716796875 0.0810619212962963 0.056640625
3 0.1518012152777778 0.4248046875 0.07803096064814818 0.0546875
3 0.19669415509259258 0.3876953125 0.06775896990740737 0.044921875
3 0.31901765046296293 0.3828125 0.09160156249999996 0.052734375
3 0.33821614583333337 0.3515625 0.06930700231481479 0.037109375
3 0.35515769675925923 0.326171875 0.05923755787037033 0.03125
3 0.3727213541666667 0.3076171875 0.047837094907407396 0.0185546875
3 0.790162037037037 0.4873046875 0.09225983796296289 0.0654296875
3 0.7683304398148147 0.4375 0.06713686342592595 0.0517578125
3 0.9016999421296297 0.4267578125 0.0645254629629628 0.0390625
3 0.874949363425926 0.396484375 0.043460648148148096 0.0283203125
3 0.8477430555555556 0.375 0.02968750000000009 0.0263671875
3 0.7037037037037037 0.3466796875 0.037601273148148096 0.0283203125
3 0.6764973958333333 0.3251953125 0.04027777777777786 0.0234375
3 0.5723451967592592 0.2998046875 0.034165219907407396 0.0185546875
3 0.09892939814814813 0.841796875 0.16826533564814816 0.0810546875