2 0.779296875 0.5625 0.1376953125 0.1669921875
2 0.853515625 0.3623046875 0.046875 0.046875
2 0.6845703125 0.2734375 0.0546875 0.0361328125
2 0.7392578125 0.3388671875 0.0673828125 0.0546875
2 0.5576171875 0.2607421875 0.060546875 0.041015625
2 0.21875 0.2392578125 0.064453125 0.041015625
2 0.291015625 0.2734375 0.087890625 0.0419921875
3 0.443359375 0.576171875 0.1015625 0.0751953125
3 0.5185546875 0.6953125 0.1123046875 0.0888671875
2 0.642578125 0.259765625 0.0419921875 0.037109375
2 0.314453125 0.1953125 0.048828125 0.033203125
3 0.513671875 0.419921875 0.0751953125 0.0498046875
3 0.892578125 0.4423828125 0.0419921875 0.033203125
3 0.7861328125 0.375 0.0419921875 0.029296875
2 0.9267578125 0.3408203125 0.0341796875 0.03125
3 0.6767578125 0.5126953125 0.0830078125 0.0703125
2 0.7451171875 0.259765625 0.0498046875 0.033203125
2 0.9013671875 0.3232421875 0.033203125 0.029296875
3 0.5830078125 0.466796875 0.068359375 0.048828125
3 0.6845703125 0.328125 0.0439453125 0.029296875
3 0.841796875 0.4091796875 0.0419921875 0.033203125
2 0.8720703125 0.3095703125 0.0341796875 0.0341796875
3 0.603515625 0.28125 0.0361328125 0.0205078125
2 0.845703125 0.2919921875 0.03125 0.029296875
2 0.3779296875 0.1982421875 0.078125 0.0439453125
3 0.2158203125 0.357421875 0.037109375 0.0263671875
3 0.373046875 0.5078125 0.068359375 0.056640625
3 0.640625 0.306640625 0.0341796875 0.021484375
2 0.294921875 0.4169921875 0.197265625 0.2001953125
3 0.8935546875 0.396484375 0.0361328125 0.033203125
2 0.708984375 0.2421875 0.033203125 0.025390625
3 0.728515625 0.3017578125 0.033203125 0.0185546875
2 0.1875 0.21875 0.048828125 0.0283203125
3 0.2373046875 0.384765625 0.0341796875 0.033203125
3 0.8076171875 0.3408203125 0.0390625 0.0283203125
3 0.419921875 0.216796875 0.0419921875 0.025390625
3 0.9404296875 0.4736328125 0.0419921875 0.0419921875
3 0.2080078125 0.3310546875 0.029296875 0.021484375
3 0.1953125 0.318359375 0.0390625 0.021484375
3 0.935546875 0.427734375 0.041015625 0.041015625
3 0.9794921875 0.462890625 0.03125 0.0263671875
3 0.982421875 0.5126953125 0.0341796875 0.0390625