2 0.44027777777777777 0.3637876157407407 0.09359085648148147 0.061906828703703676
2 0.3872395833333333 0.6821976273148148 0.22110098379629628 0.24730902777777786
2 0.8144820601851852 0.8037109375 0.1514322916666666 0.16916232638888884
2 0.5739004629629629 0.3930989583333333 0.09600694444444446 0.07756076388888888
2 0.13899016203703704 0.803464988425926 0.22369791666666666 0.17023292824074066
2 0.6644241898148149 0.35149016203703703 0.06624710648148158 0.061501736111111094
2 0.5090856481481482 0.3140480324074074 0.07394386574074074 0.057711226851851816
2 0.9073712384259258 0.4136574074074074 0.06653645833333321 0.0712673611111111
2 0.7290075231481481 0.422728587962963 0.08061342592592613 0.08514178240740744
2 0.4619791666666667 0.305541087962963 0.05797164351851847 0.04576099537037037
2 0.41780237268518516 0.2970775462962963 0.06676070601851847 0.0458912037037037
2 0.8078848379629631 0.44927662037037036 0.0804976851851853 0.08123553240740744
2 0.9420862268518518 0.49811921296296297 0.09058159722222214 0.09212239583333337
2 0.3431351273148148 0.34673032407407406 0.08747106481481481 0.05303096064814816
2 0.8494068287037038 0.40108506944444444 0.06946614583333321 0.0713107638888889
2 0.5592086226851851 0.3255280671296297 0.0611038773148147 0.052640335648148184
2 0.6053674768518518 0.33499710648148145 0.05820312499999991 0.05357349537037037
2 0.2326316550925926 0.570580150462963 0.1674334490740741 0.18208912037037028
2 0.7339048032407407 0.3574001736111111 0.0620804398148147 0.05265480324074079
2 0.49442274305555556 0.24745370370370373 0.04590567129629619 0.033868634259259234
2 0.5404369212962963 0.25203993055555557 0.049754050925926 0.03197337962962965
2 0.8451099537037037 0.32195457175925923 0.037203414351851816 0.03666811342592591
2 0.7891999421296296 0.3787181712962963 0.05840567129629637 0.06040943287037037
3 0.6479239004629629 0.4205512152777778 0.06090133101851869 0.045804398148148184
2 0.5992910879629629 0.2616970486111111 0.04478443287037037 0.02897135416666674
2 0.7486545138888889 0.2951461226851852 0.046021412037037024 0.037774884259259234
2 0.6974681712962962 0.2807219328703704 0.037058738425925775 0.03178530092592591
2 0.35532407407407407 0.3957175925925926 0.08322482638888884 0.07444299768518514
2 0.45426793981481484 0.2429542824074074 0.0527705439814814 0.03494646990740746
2 0.8874204282407407 0.33331886574074077 0.05297309027777786 0.04178240740740735
2 0.17648292824074074 0.3227864583333333 0.08161168981481481 0.05294415509259265
2 0.9220630787037036 0.34945023148148147 0.0342158564814814 0.034671585648148096
3 0.5250940393518518 0.7554976851851851 0.12525318287037046 0.10923032407407396
2 0.37388599537037037 0.2974030671296296 0.05877459490740744 0.039916087962962976
3 0.6658130787037038 0.793699363425926 0.12651909722222232 0.11901041666666679
2 0.038064236111111115 0.4281105324074074 0.05174334490740741 0.06616753472222214
2 0.976124855324074 0.37372685185185184 0.04775028935185199 0.053515624999999956
2 0.984425636574074 0.8161820023148147 0.031148726851851993 0.14726562500000018
3 0.8625217013888888 0.481322337962963 0.04639756944444429 0.05047019675925912
3 0.5131510416666667 0.3853660300925926 0.04492910879629619 0.03385416666666674
3 0.3133825231481482 0.6274160879629629 0.0854673032407407 0.08423755787037024
2 0.11593605324074073 0.3218894675925926 0.05380497685185184 0.036914062499999956
2 0.2476490162037037 0.28674768518518523 0.053602430555555525 0.030078124999999956
3 0.9180049189814814 0.8384331597222223 0.08667534722222214 0.09206452546296306
3 0.04932725694444444 0.7094039351851852 0.056597222222222215 0.06526331018518516
3 0.10540364583333332 0.7570891203703705 0.0669994212962963 0.08689236111111098
2 0.411328125 0.24329427083333333 0.04286024305555558 0.029918981481481532
2 0.3018880208333333 0.3383101851851852 0.06891637731481481 0.052756076388888906
2 0.9934172453703703 0.5253544560185185 0.0131655092592593 0.06485821759259269
3 0.17446469907407408 0.551171875 0.06171151620370374 0.07314814814814818
3 0.9766167534722222 0.4644748263888889 0.04676649305555558 0.03682725694444444
3 0.9509331597222221 0.36842447916666665 0.04516059027777786 0.04166666666666674
3 0.8030309606481482 0.3184027777777778 0.052683738425926 0.03201678240740735