2 0.7109375 0.42623697916666664 0.119140625 0.14368489583333333
2 0.5439453125 0.5125651041666667 0.1279296875 0.12571614583333335
2 0.462890625 0.5599609375 0.1142578125 0.09648437499999996
2 0.755859375 0.582421875 0.0703125 0.07792968749999996
2 0.5185546875 0.319921875 0.1953125 0.22102864583333326
3 0.6982421875 0.5921223958333333 0.048828125 0.03450520833333348
3 0.3466796875 0.4270833333333333 0.0859375 0.060416666666666674
3 0.619140625 0.45677083333333335 0.0830078125 0.06315104166666674
3 0.634765625 0.24381510416666669 0.1171875 0.1171875
3 0.7392578125 0.14798177083333333 0.142578125 0.12864583333333335
3 0.2861328125 0.4809244791666667 0.080078125 0.052213541666666696
2 0.328125 0.687109375 0.0625 0.04322916666666665
2 0.181640625 0.667578125 0.0732421875 0.0517578125
3 0.7158203125 0.6270833333333333 0.037109375 0.025911458333333304
3 0.646484375 0.6131510416666667 0.0439453125 0.0244140625
2 0.2734375 0.6302083333333334 0.095703125 0.0766927083333333
2 0.548828125 0.6899739583333333 0.0595703125 0.04010416666666661
3 0.6328125 0.658984375 0.0341796875 0.02376302083333348
2 0.232421875 0.6563802083333333 0.0732421875 0.0546875
3 0.4248046875 0.3798828125 0.0986328125 0.07981770833333335
3 0.5498046875 0.6459635416666667 0.041015625 0.024218749999999956
3 0.8544921875 0.13053385416666666 0.099609375 0.11015625000000001
3 0.802734375 0.548046875 0.044921875 0.03717447916666661
3 0.595703125 0.6712239583333334 0.0361328125 0.020963541666666696
3 0.9404296875 0.10625 0.0830078125 0.08170572916666666
3 0.7060546875 0.6765625 0.0263671875 0.019335937500000178
2 0.947265625 0.6116536458333334 0.046875 0.031445312500000044
2 0.390625 0.7317708333333333 0.056640625 0.033072916666666785
2 0.095703125 0.6440104166666667 0.080078125 0.052213541666666696
3 0.505859375 0.6586588541666667 0.0419921875 0.026236979166666785
3 0.341796875 0.5768229166666667 0.048828125 0.03645833333333348
2 0.015625 0.5829427083333333 0.029296875 0.0625
3 0.740234375 0.6723307291666667 0.0263671875 0.019335937499999956
3 0.3076171875 0.6044921875 0.0419921875 0.028190104166666563
3 0.5986328125 0.6300130208333333 0.041015625 0.023242187499999956
2 0.326171875 0.7145833333333333 0.0595703125 0.03229166666666661
3 0.673828125 0.64453125 0.037109375 0.021028645833333304
3 0.240234375 0.5181640625 0.0595703125 0.04108072916666661
2 0.1455078125 0.6885416666666666 0.048828125 0.03938802083333348
2 0.6015625 0.7509114583333334 0.0234375 0.01718749999999991
2 0.7783203125 0.6961588541666667 0.0234375 0.01914062499999991
3 0.767578125 0.659765625 0.025390625 0.020247395833333348
2 0.568359375 0.753125 0.03125 0.017708333333333215
2 0.498046875 0.75 0.0361328125 0.023893229166666696
2 0.935546875 0.7794270833333333 0.048828125 0.03938802083333326
2 0.1220703125 0.6090494791666667 0.09375 0.07460937500000009
3 0.681640625 0.6840494791666667 0.0263671875 0.017382812499999956
3 0.6171875 0.7039713541666667 0.0283203125 0.015559895833333393
3 0.390625 0.5520833333333333 0.0595703125 0.04303385416666661
3 0.7685546875 0.6548177083333333 0.0263671875 0.017382812500000178
2 0.4638671875 0.7473958333333334 0.0361328125 0.022916666666666696
3 0.1982421875 0.5385416666666667 0.046875 0.031445312500000044
3 0.1591796875 0.5850911458333333 0.0341796875 0.02376302083333326
3 0.791015625 0.3720703125 0.083984375 0.11009114583333335
3 0.8017578125 0.5969401041666667 0.046875 0.047070312500000044
3 0.46875 0.669921875 0.029296875 0.0224609375
3 0.162109375 0.5614583333333333 0.0439453125 0.0439453125
3 0.501953125 0.7009114583333333 0.033203125 0.025651041666666652