2 0.837890625 0.6591796875 0.2080078125 0.1904296875
2 0.779296875 0.357421875 0.072265625 0.0390625
2 0.9345703125 0.466796875 0.126953125 0.0732421875
2 0.7685546875 0.8017578125 0.263671875 0.142578125
2 0.9609375 0.8408203125 0.072265625 0.068359375
3 0.5498046875 0.466796875 0.0439453125 0.0283203125
3 0.3984375 0.427734375 0.048828125 0.0263671875
3 0.337890625 0.451171875 0.060546875 0.0341796875
3 0.59375 0.4453125 0.0390625 0.021484375
3 0.322265625 0.5625 0.0654296875 0.0439453125
3 0.482421875 0.494140625 0.052734375 0.0341796875
3 0.6328125 0.4267578125 0.033203125 0.0205078125
3 0.890625 0.4970703125 0.076171875 0.0439453125
3 0.404296875 0.5283203125 0.0625 0.0390625
3 0.2705078125 0.4794921875 0.060546875 0.0361328125
3 0.203125 0.498046875 0.0654296875 0.0390625
3 0.232421875 0.599609375 0.0703125 0.048828125
3 0.451171875 0.408203125 0.052734375 0.0283203125
3 0.552734375 0.380859375 0.041015625 0.0185546875
3 0.1455078125 0.6484375 0.0625 0.0576171875
3 0.669921875 0.4140625 0.029296875 0.017578125
3 0.513671875 0.3935546875 0.041015625 0.0205078125
3 0.1435546875 0.5283203125 0.052734375 0.0498046875
3 0.6923828125 0.408203125 0.0283203125 0.025390625
3 0.71875 0.3935546875 0.025390625 0.0185546875
3 0.728515625 0.380859375 0.025390625 0.0205078125
3 0.783203125 0.7236328125 0.1044921875 0.1044921875