2 0.34045862268518523 0.4058738425925926 0.11335358796296302 0.08166956018518512
2 0.23929398148148148 0.46498842592592593 0.13820167824074076 0.11422887731481479
2 0.14254195601851852 0.5437210648148147 0.11241319444444442 0.1216507523148147
2 0.4682436342592592 0.35692997685185185 0.10828993055555558 0.06598668981481481
2 0.6626157407407407 0.5836877893518518 0.21412037037037024 0.1514467592592592
2 0.8827039930555556 0.5820601851851852 0.12290219907407396 0.10522280092592595
2 0.611400462962963 0.2984375 0.06810619212962976 0.0371021412037037
2 0.23245804398148145 0.3065104166666667 0.05736400462962965 0.036942997685185164
2 0.5369646990740741 0.32666377314814815 0.09219473379629628 0.046238425925925974
2 0.2777777777777778 0.26221064814814815 0.05092592592592593 0.02904369212962965
3 0.4999638310185185 0.7865813078703704 0.13335503472222232 0.07513744212962958
2 0.7579571759259259 0.40521556712962964 0.10517939814814814 0.050332754629629606
2 0.7490596064814814 0.44614438657407407 0.12771267361111116 0.07798032407407407
3 0.4136646412037037 0.39424913194444444 0.05895543981481488 0.03208912037037037
2 0.015010127314814811 0.6362774884259259 0.030020254629629622 0.13192997685185182
2 0.7823712384259259 0.37918113425925926 0.0917607060185186 0.040379050925925974
3 0.5745081018518519 0.6908998842592593 0.1127748842592593 0.07385706018518512
2 0.5271990740740741 0.27372685185185186 0.06712962962962954 0.037087673611111094
2 0.22193287037037038 0.27702546296296293 0.035915798611111105 0.0239438657407407
2 0.33872251157407407 0.2445384837962963 0.04568142361111116 0.024088541666666685
2 0.5713252314814815 0.3115306712962963 0.06231915509259256 0.037991898148148184
2 0.18149594907407407 0.2686053240740741 0.03262442129629628 0.019017650462962887
3 0.3841869212962963 0.8581886574074074 0.14510995370370372 0.06263020833333321
2 0.22967303240740738 0.25172164351851856 0.02766927083333337 0.01796875000000009
2 0.7917028356481481 0.3587890625 0.07284432870370372 0.03522135416666661
3 0.7024739583333333 0.5207320601851853 0.08705873842592604 0.05591724537037024
3 0.8562282986111112 0.6491247106481481 0.07866753472222232 0.04798900462962963
3 0.8444010416666667 0.7164062499999999 0.09114583333333348 0.04524739583333348
3 0.06300636574074073 0.6012008101851851 0.08250144675925924 0.12608506944444464
3 0.33998842592592593 0.3462311921296296 0.04376446759259256 0.03771701388888893
3 0.2798032407407407 0.3668475115740741 0.04824942129629628 0.045587384259259234
3 0.21484375 0.39912471064814814 0.04781539351851849 0.039728009259259234
3 0.16847511574074073 0.3388020833333333 0.03530092592592593 0.028812210648148096
3 0.29560908564814814 0.29864728009259256 0.03515625 0.026859085648148096