2 0.3779296875 0.4046223958333333 0.09375 0.11870659722222221
2 0.1328125 0.4560908564814815 0.083984375 0.11248553240740744
2 0.451171875 0.3897569444444444 0.087890625 0.09895833333333326
2 0.3017578125 0.4223090277777778 0.0908203125 0.09516059027777779
2 0.216796875 0.4328342013888889 0.0888671875 0.11559606481481477
2 0.5888671875 0.3792317708333333 0.0830078125 0.08119936342592593
2 0.6513671875 0.37764033564814814 0.076171875 0.07313368055555558
2 0.8076171875 0.3785445601851852 0.080078125 0.06546585648148151
3 0.5283203125 0.4121455439814815 0.060546875 0.05107060185185186
2 0.740234375 0.37897858796296297 0.080078125 0.07523148148148151
2 0.97265625 0.5399305555555556 0.0546875 0.09772858796296302
3 0.7080078125 0.40610532407407407 0.046875 0.05349392361111116
3 0.7919921875 0.3935908564814815 0.052734375 0.046875