2 0.3214771412037037 0.301171875 0.18151765046296298 0.2382161458333334
2 0.38550347222222225 0.6731119791666667 0.06900318287037033 0.05917968749999991
2 0.1437644675925926 0.6083333333333334 0.0988498263888889 0.07968749999999991
3 0.25202546296296297 0.4412760416666667 0.07989004629629626 0.06477864583333337
2 0.4969690393518518 0.6939453125 0.06371527777777775 0.04518229166666665
3 0.41865596064814814 0.5081380208333334 0.06676070601851847 0.049283854166666696
3 0.34450231481481486 0.47799479166666664 0.07374131944444451 0.05462239583333328
2 0.7918547453703704 0.5768229166666666 0.10071614583333344 0.07688802083333335
2 0.9363859953703704 0.5671875 0.04803240740740744 0.04218749999999982
3 0.43730468749999996 0.3392578125 0.10192418981481488 0.08476562499999996
2 0.5335575810185185 0.5774739583333334 0.13857783564814818 0.10475260416666665
3 0.6158203125 0.4326171875 0.07764756944444451 0.054882812500000044
2 0.8581669560185186 0.6084635416666666 0.049898726851851816 0.03938802083333348
3 0.6702112268518519 0.471875 0.055931712962963065 0.04563802083333335
3 0.18005642361111113 0.4031901041666667 0.07230902777777781 0.07207031249999996
3 0.5343171296296296 0.38736979166666663 0.08574942129629637 0.06516927083333335
3 0.48896122685185184 0.5365885416666667 0.05389178240740744 0.04257812499999991
2 0.7422309027777778 0.6727213541666667 0.06184895833333348 0.04798177083333344
3 0.7071397569444444 0.5083984374999999 0.050904224537037024 0.04042968750000009
3 0.7405960648148149 0.5305338541666667 0.04199942129629619 0.035937499999999956
3 0.29311342592592593 0.6334635416666667 0.04188368055555558 0.03203125000000018
2 0.9722077546296296 0.5423828125 0.020862268518518468 0.04622395833333326
2 0.21283275462962964 0.25091145833333334 0.11069878472222217 0.15065104166666665
2 0.6683521412037037 0.6990885416666667 0.06072771990740744 0.04303385416666661
3 0.42758246527777777 0.6673828125 0.02697482638888893 0.022265624999999956
3 0.46141493055555555 0.6768229166666666 0.028783275462963 0.017513020833333393
3 0.6393663194444446 0.5918619791666666 0.04171006944444455 0.026171875000000178
3 0.23705150462962965 0.6177083333333333 0.04283130787037037 0.031119791666666785
3 0.7682508680555555 0.5511067708333333 0.03975694444444455 0.02604166666666652
3 0.8949363425925927 0.5845703125 0.03389756944444455 0.025651041666666652
3 0.3396122685185185 0.6430338541666667 0.03389756944444444 0.025651041666666652
3 0.6711588541666667 0.6043619791666667 0.03676938657407414 0.023893229166666696
3 0.7099030671296296 0.6125 0.03961226851851851 0.02115885416666652
3 0.8264829282407407 0.6251953125 0.03774594907407414 0.023958333333333304
3 0.6123119212962963 0.7154947916666667 0.04165219907407414 0.024218750000000178
3 0.6224826388888889 0.5695963541666667 0.0498408564814814 0.03743489583333348