2 0.7284505208333334 0.6470486111111111 0.06432291666666679 0.06022858796296293
2 0.7880208333333334 0.6141059027777778 0.06848958333333321 0.06436631944444438
2 0.8856119791666667 0.41616030092592593 0.11640625000000004 0.08276909722222225
2 0.6159505208333333 0.6948929398148149 0.048046875000000044 0.049537037037036935
2 0.5994791666666667 0.5948857060185185 0.13209635416666665 0.07008101851851856
2 0.8158203125000001 0.31048900462962964 0.17591145833333321 0.11450376157407405
2 0.9138020833333333 0.206640625 0.16425781250000004 0.12937644675925924
2 0.6704427083333333 0.6740162037037037 0.06458333333333321 0.06413483796296293
2 0.6744791666666667 0.5433810763888889 0.1351562500000001 0.07220775462962958
2 0.5459635416666666 0.4980541087962963 0.1983072916666666 0.10026765046296293
2 0.9142578125 0.5370153356481482 0.07220052083333339 0.06166811342592604
2 0.7535156249999999 0.4788917824074074 0.1552083333333334 0.08117766203703702
2 0.43658854166666666 0.6663049768518519 0.10813802083333335 0.06087962962962967
2 0.5024088541666667 0.6388744212962962 0.1264322916666667 0.07266348379629628
2 0.5680338541666666 0.7114583333333333 0.047395833333333304 0.039771412037036935
2 0.8518880208333333 0.5720847800925926 0.07428385416666661 0.06373697916666665
2 0.29889322916666666 0.6744646990740741 0.0986328125 0.04961660879629637
2 0.9652018229166667 0.48321759259259256 0.06959635416666665 0.08057725694444451
2 0.5239583333333333 0.7268156828703705 0.046354166666666696 0.03873697916666652
2 0.449609375 0.743967013888889 0.028059895833333348 0.02695312499999991
2 0.48248697916666666 0.7371166087962964 0.043098958333333326 0.03368055555555571
2 0.3763671875 0.7041883680555555 0.07311197916666656 0.04615885416666665
2 0.12382812500000001 0.5632667824074074 0.09166666666666667 0.09103009259259265
3 0.9454427083333333 0.32829861111111114 0.0815755208333333 0.05638744212962954
2 0.4244140625 0.7484013310185185 0.03085937499999991 0.02517361111111116
3 0.7018229166666667 0.3799913194444444 0.10097656250000009 0.07018229166666656
3 0.3205078125 0.6457320601851853 0.04615885416666665 0.021216724537036935
3 0.5010416666666667 0.5448350694444445 0.07304687499999996 0.04518229166666665
3 0.415625 0.5871527777777779 0.05345052083333335 0.05763888888888902
3 0.3453125 0.6207320601851851 0.05201822916666665 0.03615451388888902
3 0.155078125 0.5320023148148147 0.05214843749999998 0.0526982060185186
3 0.11686197916666667 0.6205439814814815 0.04036458333333334 0.05102719907407405
3 0.9407552083333333 0.14033564814814814 0.11002604166666652 0.08919994212962967