2 0.6015625 0.5966796875 0.1689453125 0.224609375
2 0.421875 0.2890625 0.0625 0.0673828125
2 0.71875 0.5888671875 0.142578125 0.1796875
2 0.6279296875 0.423828125 0.109375 0.1044921875
2 0.423828125 0.4501953125 0.099609375 0.1220703125
2 0.453125 0.6201171875 0.166015625 0.2685546875
3 0.5263671875 0.4482421875 0.0703125 0.052734375
3 0.546875 0.2607421875 0.03125 0.0205078125
3 0.587890625 0.2626953125 0.0283203125 0.013671875
3 0.5263671875 0.298828125 0.041015625 0.0263671875
3 0.759765625 0.4375 0.044921875 0.041015625
2 0.728515625 0.2607421875 0.052734375 0.0390625
3 0.796875 0.4189453125 0.037109375 0.0283203125
3 0.580078125 0.298828125 0.041015625 0.0234375
3 0.4765625 0.3017578125 0.0439453125 0.03125
3 0.6279296875 0.296875 0.03125 0.0185546875
3 0.5107421875 0.263671875 0.0234375 0.017578125
3 0.671875 0.2998046875 0.0283203125 0.015625
3 0.783203125 0.5859375 0.0673828125 0.083984375
3 0.849609375 0.556640625 0.0576171875 0.0517578125
3 0.935546875 0.525390625 0.0390625 0.0390625
3 0.896484375 0.5439453125 0.046875 0.0546875
3 0.677734375 0.408203125 0.0498046875 0.046875
3 0.8388671875 0.412109375 0.0341796875 0.0517578125
3 0.8779296875 0.416015625 0.0341796875 0.033203125
3 0.708984375 0.2939453125 0.029296875 0.0341796875
3 0.744140625 0.3017578125 0.03125 0.0283203125