2 0.6701099537037037 0.3158347800925926 0.09483506944444442 0.07879774305555554
2 0.3496383101851852 0.2861111111111111 0.06319444444444444 0.050578703703703765
2 0.5226490162037036 0.3070963541666667 0.07936921296296306 0.08861400462962954
2 0.42742332175925923 0.5970920138888889 0.18675491898148144 0.2901186342592592
2 0.1876736111111111 0.5497106481481482 0.15140335648148145 0.2089916087962962
2 0.3824001736111111 0.3241536458333333 0.08702256944444442 0.07833478009259265
2 0.8918330439814814 0.3319010416666667 0.08505497685185182 0.07724247685185182
2 0.6928819444444445 0.27230179398148147 0.06323784722222214 0.053508391203703765
2 0.07880497685185185 0.5774088541666667 0.1165726273148148 0.1630208333333334
2 0.3807508680555556 0.21282552083333334 0.029673032407407485 0.027126736111111105
2 0.5083188657407407 0.19599247685185184 0.023784722222222276 0.024826388888888884
3 0.5951750578703704 0.32895688657407407 0.0522641782407407 0.03724681712962963
3 0.5797887731481481 0.2782841435185185 0.03945312500000009 0.02868200231481488
3 0.7458405671296295 0.6198640046296297 0.1187210648148147 0.11046006944444442
2 0.6324725115740741 0.2121310763888889 0.0365523726851853 0.030461516203703742
2 0.5709490740740741 0.20848524305555555 0.034671585648148096 0.035228587962962965
3 0.7883897569444445 0.3306495949074074 0.03652343750000009 0.02850839120370363
3 0.4547092013888889 0.33136574074074077 0.04547164351851851 0.039771412037036935
2 0.6932074652777778 0.22841435185185183 0.045413773148148096 0.035865162037037046
2 0.3099681712962963 0.24278067129629627 0.03359374999999998 0.028334780092592604
3 0.7327256944444445 0.3273509837962963 0.03949652777777768 0.03161168981481477
3 0.5966869212962963 0.6285879629629629 0.16145109953703707 0.16275318287037033
3 0.30575810185185187 0.6172019675925926 0.10685040509259258 0.16537181712962967
2 0.7636067708333334 0.23844039351851853 0.04535590277777768 0.031958912037037046
3 0.8627387152777778 0.6072771990740741 0.09701967592592586 0.09453848379629637
2 0.2788917824074074 0.25264756944444444 0.03171296296296289 0.03310185185185188
2 0.34108796296296295 0.23584346064814815 0.034599247685185186 0.03034577546296291
3 0.8382233796296297 0.3355541087962963 0.033550347222222054 0.025405092592592604
3 0.9501374421296296 0.5792824074074074 0.06833767361111098 0.06844618055555562
3 0.5029803240740741 0.23080150462962962 0.028580729166666652 0.019256365740740744
2 0.9392505787037038 0.3054398148148148 0.04538483796296289 0.033912037037037046
2 0.73125 0.2277416087962963 0.026685474537036846 0.023046875000000022
3 0.32317708333333334 0.34406105324074077 0.033579282407407374 0.027358217592592604
3 0.430859375 0.23628472222222224 0.025651041666666652 0.019082754629629606
3 0.5400028935185185 0.22714120370370372 0.025651041666666652 0.019082754629629606
2 0.8780815972222222 0.25985966435185187 0.0453414351851853 0.030982349537037046
3 0.46759982638888886 0.27944155092592593 0.036480034722222276 0.025578703703703742
3 0.468872974537037 0.23365885416666665 0.026598668981481444 0.017187500000000022
3 0.6284722222222222 0.27141203703703703 0.03449797453703707 0.02350983796296291
3 0.26482928240740744 0.35719039351851856 0.03945312500000009 0.02868200231481488
2 0.9049985532407407 0.29853153935185184 0.05719039351851851 0.04046585648148149
3 0.3108940972222222 0.3052806712962963 0.033622685185185186 0.030287905092592604
3 0.41299913194444443 0.28206018518518516 0.036436631944444464 0.02264901620370363
3 0.784910300925926 0.2933666087962963 0.026569733796296457 0.015234375000000022
2 0.821339699074074 0.24966724537037038 0.04926215277777768 0.03219039351851849
3 0.7409215856481481 0.28783275462962965 0.023668981481481444 0.017013888888888884
3 0.2161892361111111 0.3669921875 0.031669560185185186 0.030172164351851882
2 0.785865162037037 0.22609953703703703 0.029557291666666652 0.019314236111111105
3 0.39195601851851847 0.24471209490740742 0.023640046296296235 0.015060763888888884
3 0.6122251157407408 0.2284939236111111 0.02553530092592604 0.011270254629629606
2 0.6644675925925926 0.1984157986111111 0.033579282407407485 0.027358217592592604
3 0.661009837962963 0.22845775462962964 0.02167245370370363 0.013968460648148162
3 0.2641927083333333 0.31422164351851856 0.02082609953703707 0.022699652777777857
3 0.22630931712962965 0.3256365740740741 0.020811631944444464 0.021723090277777857
3 0.17251880787037038 0.3829427083333333 0.028696469907407374 0.027068865740740744
3 0.13562644675925925 0.3953920717592593 0.02183159722222222 0.024710648148148162
3 0.5810619212962963 0.23250144675925927 0.03938078703703707 0.02379918981481477