2 0.28125 0.505859375 0.1142578125 0.1591796875
2 0.388671875 0.537109375 0.1357421875 0.15625
2 0.7841796875 0.4873046875 0.166015625 0.173828125
2 0.3935546875 0.775390625 0.0517578125 0.046875
2 0.5673828125 0.609375 0.1142578125 0.1220703125
2 0.603515625 0.3779296875 0.1904296875 0.205078125
2 0.6484375 0.6201171875 0.1064453125 0.1298828125
2 0.818359375 0.6640625 0.0888671875 0.0751953125
2 0.4765625 0.759765625 0.068359375 0.0595703125
2 0.4296875 0.791015625 0.048828125 0.033203125
2 0.365234375 0.728515625 0.0576171875 0.056640625
2 0.7060546875 0.642578125 0.0859375 0.083984375
2 0.251953125 0.703125 0.0703125 0.1044921875
2 0.880859375 0.541015625 0.1044921875 0.1142578125
2 0.529296875 0.763671875 0.064453125 0.056640625
2 0.130859375 0.6435546875 0.0625 0.0703125
2 0.1923828125 0.6875 0.0673828125 0.109375
3 0.2216796875 0.234375 0.099609375 0.087890625
2 0.318359375 0.7080078125 0.0625 0.0654296875
2 0.470703125 0.8046875 0.041015625 0.029296875
3 0.1123046875 0.3955078125 0.072265625 0.0908203125
2 0.3017578125 0.7685546875 0.0498046875 0.048828125
3 0.478515625 0.3330078125 0.1171875 0.1142578125
3 0.197265625 0.431640625 0.0888671875 0.0908203125
2 0.5107421875 0.806640625 0.0517578125 0.033203125
2 0.755859375 0.6455078125 0.0751953125 0.080078125
2 0.5830078125 0.767578125 0.0498046875 0.048828125
3 0.484375 0.5517578125 0.0751953125 0.0673828125
2 0.921875 0.576171875 0.091796875 0.0986328125
2 0.9697265625 0.623046875 0.060546875 0.0654296875
2 0.5576171875 0.806640625 0.0576171875 0.041015625
3 0.3544921875 0.263671875 0.123046875 0.1201171875
3 0.6875 0.431640625 0.087890625 0.0751953125
3 0.4267578125 0.736328125 0.033203125 0.025390625
2 0.6611328125 0.7734375 0.056640625 0.0546875
2 0.099609375 0.6796875 0.0546875 0.060546875
2 0.146484375 0.6982421875 0.044921875 0.0517578125
3 0.8232421875 0.533203125 0.0576171875 0.0673828125
3 0.6171875 0.7607421875 0.029296875 0.029296875
3 0.34375 0.7578125 0.0341796875 0.03125
3 0.7939453125 0.6513671875 0.044921875 0.0390625