2 0.2799479166666667 0.42896412037037035 0.12374131944444444 0.09830729166666674
2 0.35065827546296297 0.3726490162037037 0.12269241898148153 0.08850549768518512
2 0.7767722800925927 0.5755570023148149 0.11367187500000009 0.18872974537037024
2 0.20922309027777777 0.48723234953703703 0.1413773148148148 0.10677083333333337
2 0.7806568287037037 0.31474247685185186 0.06304253472222232 0.07555700231481488
2 0.6432870370370369 0.27589699074074076 0.07573784722222232 0.07602719907407407
2 0.8810763888888888 0.5970775462962963 0.09503761574074066 0.17730034722222232
2 0.7134114583333333 0.29868344907407407 0.07085503472222232 0.07584635416666663
2 0.482349537037037 0.2554976851851852 0.07855179398148149 0.06051070601851849
2 0.8906611689814815 0.3575303819444444 0.06599392361111112 0.0785951967592593
2 0.43326822916666663 0.29148582175925924 0.11276765046296289 0.06665943287037035
2 0.6666232638888889 0.4205005787037037 0.16775896990740735 0.10970052083333326
2 0.10248842592592593 0.662037037037037 0.1476200810185185 0.15874565972222232
2 0.3900535300925926 0.3262803819444444 0.10196759259259258 0.05844907407407407
2 0.5730758101851852 0.26482928240740744 0.05993923611111107 0.05201099537037046
2 0.8381799768518519 0.3253038194444444 0.06108940972222232 0.07548466435185186
2 0.9511791087962963 0.6227936921296295 0.08908420138888884 0.16438802083333348
2 0.9782407407407407 0.3962673611111111 0.03764467592592591 0.07364004629629628
2 0.9499855324074074 0.38852719907407407 0.05713975694444429 0.06948061342592593
3 0.17235966435185185 0.5872034143518519 0.10709635416666669 0.0918330439814814
3 0.05381944444444444 0.7741608796296297 0.0845630787037037 0.08123553240740744
3 0.6501012731481481 0.8057725694444444 0.14329427083333335 0.10196035879629628