2 0.3564453125 0.5126953125 0.240234375 0.138671875
2 0.390625 0.4169921875 0.1982421875 0.0986328125
2 0.623046875 0.458984375 0.236328125 0.1220703125
2 0.267578125 0.6455078125 0.240234375 0.1748046875
2 0.216796875 0.7861328125 0.2685546875 0.201171875
2 0.4296875 0.349609375 0.177734375 0.0986328125
2 0.6279296875 0.3828125 0.1845703125 0.080078125
2 0.748046875 0.248046875 0.0625 0.056640625
2 0.873046875 0.2939453125 0.0751953125 0.0654296875
2 0.6015625 0.5810546875 0.232421875 0.1533203125
2 0.5810546875 0.2109375 0.0595703125 0.0576171875
2 0.810546875 0.2705078125 0.0546875 0.052734375
2 0.498046875 0.205078125 0.064453125 0.048828125
2 0.666015625 0.2265625 0.064453125 0.0546875
2 0.939453125 0.3232421875 0.0732421875 0.0654296875
2 0.9609375 0.4814453125 0.0751953125 0.078125
2 0.525390625 0.259765625 0.1220703125 0.064453125
2 0.98046875 0.345703125 0.0390625 0.064453125
2 0.9794921875 0.544921875 0.041015625 0.0908203125
3 0.552734375 0.744140625 0.1767578125 0.1435546875