2 0.84375 0.4013671875 0.0859375 0.0908203125
2 0.7763671875 0.365234375 0.0908203125 0.0830078125
2 0.5234375 0.5703125 0.212890625 0.205078125
2 0.7578125 0.3017578125 0.083984375 0.060546875
2 0.703125 0.3388671875 0.0810546875 0.0673828125
2 0.4375 0.5 0.181640625 0.146484375
2 0.7109375 0.7890625 0.1591796875 0.1611328125
2 0.2080078125 0.65625 0.2216796875 0.177734375
2 0.6455078125 0.3076171875 0.0888671875 0.0654296875
2 0.1923828125 0.5546875 0.1767578125 0.1201171875
2 0.2919921875 0.75 0.2705078125 0.220703125
2 0.1748046875 0.4873046875 0.1484375 0.091796875
2 0.375 0.435546875 0.1357421875 0.115234375
2 0.90625 0.302734375 0.0439453125 0.0390625
2 0.3046875 0.3623046875 0.1376953125 0.087890625
2 0.7919921875 0.25 0.0546875 0.0361328125
2 0.8779296875 0.2685546875 0.0341796875 0.0263671875
2 0.8486328125 0.251953125 0.0419921875 0.033203125
2 0.5888671875 0.283203125 0.0810546875 0.0546875
2 0.15625 0.4033203125 0.1044921875 0.0625
3 0.595703125 0.6953125 0.111328125 0.0859375
2 0.9033203125 0.451171875 0.0732421875 0.1064453125
2 0.1591796875 0.4453125 0.126953125 0.0703125
2 0.5654296875 0.220703125 0.0673828125 0.0361328125
2 0.5185546875 0.2548828125 0.078125 0.0517578125
2 0.390625 0.8251953125 0.2080078125 0.1220703125
2 0.3330078125 0.4013671875 0.1513671875 0.099609375
2 0.142578125 0.361328125 0.0888671875 0.0546875
2 0.4345703125 0.228515625 0.068359375 0.0439453125
2 0.4814453125 0.2392578125 0.068359375 0.044921875
2 0.693359375 0.201171875 0.044921875 0.033203125
2 0.3544921875 0.2060546875 0.0546875 0.0361328125
3 0.708984375 0.291015625 0.0390625 0.021484375
3 0.6669921875 0.2685546875 0.0341796875 0.0205078125
2 0.814453125 0.201171875 0.0283203125 0.025390625
2 0.6513671875 0.181640625 0.0439453125 0.029296875
2 0.392578125 0.2158203125 0.0595703125 0.037109375
2 0.421875 0.1923828125 0.0439453125 0.0283203125
2 0.7705078125 0.1923828125 0.044921875 0.029296875
2 0.900390625 0.25 0.0263671875 0.0205078125
2 0.466796875 0.1953125 0.0625 0.0361328125
2 0.228515625 0.283203125 0.072265625 0.046875
2 0.931640625 0.267578125 0.033203125 0.0283203125
3 0.546875 0.279296875 0.0390625 0.0283203125
2 0.462890625 0.1591796875 0.048828125 0.0234375
2 0.265625 0.2998046875 0.083984375 0.0546875
2 0.7265625 0.2158203125 0.048828125 0.0390625
3 0.6328125 0.2529296875 0.0361328125 0.0234375
2 0.2998046875 0.1953125 0.046875 0.033203125
3 0.873046875 0.3701171875 0.064453125 0.029296875
3 0.818359375 0.3388671875 0.037109375 0.0263671875
3 0.5908203125 0.2451171875 0.03125 0.0263671875
3 0.5126953125 0.2138671875 0.03125 0.0205078125
3 0.7548828125 0.2392578125 0.0390625 0.0234375
3 0.8701171875 0.291015625 0.0361328125 0.025390625
3 0.833984375 0.2734375 0.03125 0.0205078125