2 0.7577546296296296 0.5052083333333334 0.14480613425925926 0.18385416666666665
2 0.7261140046296296 0.6618489583333333 0.1078920717592593 0.1288411458333334
2 0.4615017361111111 0.624609375 0.11399016203703694 0.15260416666666665
2 0.3701388888888889 0.3833333333333333 0.1792968749999999 0.2484375000000001
2 0.5731987847222222 0.6438151041666667 0.1376808449074074 0.15904947916666679
2 0.2388165509259259 0.5725260416666667 0.1191261574074074 0.15781250000000013
2 0.6600694444444444 0.46145833333333336 0.18096064814814827 0.22421875000000002
2 0.1546657986111111 0.5512369791666667 0.09780815972222223 0.14082031250000004
2 0.5240957754629629 0.4190755208333333 0.17692418981481484 0.25898437500000004
2 0.6459852430555555 0.6574869791666667 0.10486111111111107 0.12669270833333335
2 0.798900462962963 0.6755208333333333 0.10374710648148167 0.10520833333333335
2 0.11303530092592592 0.35247395833333334 0.17060908564814814 0.24980468749999996
2 0.9089626736111112 0.5750651041666667 0.10868055555555545 0.10651041666666661
2 0.029823133680555555 0.24173177083333333 0.05964626736111111 0.09029947916666664
2 0.2348017939814815 0.36647135416666665 0.16476417824074074 0.2309244791666667
2 0.8641782407407408 0.6828125 0.08453414351851851 0.0912760416666667
2 0.8286530671296297 0.5363932291666667 0.13628472222222232 0.16966145833333335
2 0.3443648726851852 0.6158203125 0.12428385416666665 0.20097656249999996
2 0.945435474537037 0.6843098958333333 0.04806134259259265 0.06354166666666661
2 0.9571831597222222 0.5900390625 0.034743923611111116 0.06946614583333321
2 0.9133101851851853 0.6802083333333333 0.07143373842592604 0.08261718749999991
3 0.8709635416666666 0.551953125 0.06820023148148158 0.07656250000000009