2 0.5654296875 0.6952039930555556 0.140625 0.09440104166666652
2 0.185546875 0.34479890046296297 0.2265625 0.15740740740740744
2 0.732421875 0.5122612847222222 0.15625 0.14731626157407418
2 0.517578125 0.7414641203703703 0.1044921875 0.06438078703703698
2 0.6669921875 0.5992115162037037 0.142578125 0.11017071759259256
2 0.8076171875 0.41431568287037035 0.1484375 0.18775318287037046
2 0.138671875 0.43800636574074076 0.220703125 0.16673900462962965
2 0.1923828125 0.2154224537037037 0.2626953125 0.16496672453703703
2 0.177734375 0.5932436342592593 0.1279296875 0.10029658564814814
2 0.3779296875 0.8248697916666667 0.046875 0.04741753472222232
2 0.181640625 0.6755642361111112 0.107421875 0.08119936342592604
2 0.46875 0.7671440972222222 0.1044921875 0.06731047453703698
2 0.4267578125 0.8314163773148149 0.0498046875 0.04861111111111116
2 0.474609375 0.83984375 0.052734375 0.044921875
3 0.1689453125 0.5222800925925926 0.0751953125 0.04463252314814814
2 0.2890625 0.794849537037037 0.0595703125 0.05324074074074092
2 0.193359375 0.7252604166666667 0.0859375 0.05031105324074092
3 0.197265625 0.6376591435185186 0.076171875 0.03689236111111116
3 0.599609375 0.6430483217592593 0.064453125 0.04676649305555558
3 0.3330078125 0.8059172453703703 0.0517578125 0.04875578703703698