2 0.302271412037037 0.3442274305555556 0.07663483796296289 0.06701388888888893
2 0.4701171875 0.6345703125 0.1342809606481481 0.20611255787037042
2 0.5570891203703704 0.5000144675925926 0.09950086805555558 0.1230324074074074
2 0.3333405671296296 0.6342809606481481 0.1597077546296296 0.2124999999999999
2 0.6976996527777778 0.5103009259259259 0.10725549768518516 0.1156828703703705
2 0.24153645833333334 0.36603009259259256 0.07275028935185185 0.06971209490740748
2 0.7748480902777778 0.5148726851851851 0.08088831018518516 0.11412037037037037
2 0.49781539351851856 0.3245515046296296 0.060091145833333304 0.07384259259259263
2 0.6539568865740741 0.34845920138888886 0.052105034722222054 0.04994212962962963
2 0.11213107638888889 0.4257740162037037 0.05804398148148149 0.061031539351851904
2 0.6071325231481481 0.3388454861111111 0.053081597222222276 0.050000000000000044
2 0.8276258680555556 0.5121383101851852 0.07675057870370372 0.08263888888888893
2 0.7993127893518519 0.3775896990740741 0.05212673611111107 0.05287181712962963
2 0.9113859953703703 0.4154947916666667 0.04911747685185186 0.0419560185185186
3 0.5859592013888889 0.6912615740740741 0.11331018518518521 0.14239728009259256
2 0.7339771412037037 0.36101707175925923 0.05703125000000009 0.05609085648148149
2 0.8675347222222223 0.4001953125 0.03150318287037024 0.03603153935185188
3 0.4351490162037037 0.3433087384259259 0.047149884259259256 0.03988715277777777
2 0.8412037037037037 0.39375000000000004 0.029564525462963065 0.03786892361111116
2 0.17980324074074075 0.3907045717592592 0.06299913194444445 0.07108651620370376
2 0.8745298032407407 0.511009837962963 0.060054976851851904 0.06895978009259252
3 0.374537037037037 0.348509837962963 0.05005787037037046 0.037131076388888906
2 0.9204137731481481 0.5156828703703704 0.061067708333333304 0.07390046296296293
2 0.9396629050925926 0.42303240740740744 0.031517650462963065 0.03798466435185177
3 0.04035734953703704 0.4819806134259259 0.08071469907407408 0.08114872685185182
3 0.6948350694444445 0.36944444444444446 0.04513165509259265 0.030982349537036935
3 0.7690104166666667 0.37970196759259256 0.042296006944444464 0.04350405092592591