2 0.0869140625 0.78515625 0.173828125 0.1796875
2 0.240234375 0.474609375 0.123046875 0.1171875
2 0.7451171875 0.6201171875 0.1533203125 0.224609375
2 0.494140625 0.552734375 0.150390625 0.1796875
2 0.171875 0.466796875 0.1044921875 0.1142578125
3 0.3955078125 0.546875 0.095703125 0.076171875
2 0.462890625 0.251953125 0.052734375 0.0419921875
3 0.3154296875 0.5234375 0.076171875 0.0654296875
2 0.953125 0.4267578125 0.09375 0.0517578125
2 0.96484375 0.642578125 0.0703125 0.171875
2 0.9140625 0.3720703125 0.072265625 0.0439453125
2 0.966796875 0.4716796875 0.0654296875 0.0595703125
2 0.501953125 0.2529296875 0.0517578125 0.0390625
3 0.6044921875 0.619140625 0.1123046875 0.103515625
3 0.4892578125 0.353515625 0.0625 0.052734375
3 0.912109375 0.392578125 0.0546875 0.056640625