2 0.41420717592592593 0.5594618055555556 0.15216290509259256 0.18292100694444446
2 0.28197337962962965 0.5672743055555556 0.13993778935185186 0.1953342013888888
2 0.6265190972222223 0.5270399305555555 0.14312065972222232 0.14954427083333344
2 0.7761140046296295 0.49908854166666666 0.11400462962962976 0.1274305555555556
2 0.8363715277777778 0.7193576388888889 0.15509259259259256 0.13029513888888888
2 0.6141131365740741 0.8092230902777777 0.2861328125 0.19077690972222205
3 0.706958912037037 0.5454427083333333 0.05700231481481488 0.06371527777777786
3 0.5277777777777778 0.5805555555555555 0.0815972222222221 0.09548611111111116
2 0.9393084490740741 0.526171875 0.07562934027777768 0.06608072916666652
2 0.02513744212962963 0.8407335069444444 0.05027488425925926 0.07209201388888875
3 0.11114728009259259 0.6406901041666666 0.07114438657407407 0.1030598958333333
3 0.19560185185185186 0.6298611111111112 0.07913773148148151 0.10811631944444455
3 0.048755787037037035 0.6363715277777777 0.06557436342592593 0.0843967013888891
2 0.1463035300925926 0.19286024305555555 0.12887008101851855 0.10726996527777777
2 0.2361472800925926 0.8545789930555556 0.3635706018518518 0.06857638888888884