2 0.5240234375 0.5570384837962963 0.09611545138888888 0.11200086805555554
2 0.3750217013888889 0.5912254050925926 0.09594184027777786 0.10418836805555554
2 0.6102647569444444 0.5382740162037036 0.0884114583333333 0.11642071759259265
2 0.6983940972222222 0.5223234953703704 0.08630642361111107 0.10946903935185182
2 0.8475043402777778 0.48325376157407407 0.10099826388888888 0.1122902199074074
2 0.44457465277777775 0.5773509837962963 0.10106336805555549 0.1152199074074074
2 0.306640625 0.5962528935185185 0.09375 0.0933304398148147
2 0.2175998263888889 0.6093315972222222 0.08754340277777778 0.07735821759259265
2 0.14904513888888887 0.18329716435185187 0.2280815972222222 0.16956018518518517
2 0.1638888888888889 0.6125144675925926 0.08272569444444444 0.07999855324074057
3 0.7676215277777778 0.47921006944444444 0.06590711805555571 0.06924913194444438
2 0.07786458333333332 0.6215133101851852 0.09828559027777778 0.07799479166666656
2 0.010498046875 0.6180989583333334 0.02099609375 0.05372540509259238
3 0.26197916666666665 0.5871961805555556 0.04487847222222219 0.04459635416666674
3 0.13018663194444444 0.5930555555555556 0.045681423611111105 0.036841724537036935
3 0.11319444444444443 0.6116174768518519 0.04192708333333334 0.04344618055555549