2 0.6668113425925926 0.5200593171296296 0.20449942129629628 0.1806929976851852
2 0.5236906828703703 0.36770833333333336 0.27408854166666674 0.24425636574074072
2 0.2267433449074074 0.6427445023148148 0.07819733796296297 0.08551070601851851
2 0.7201605902777777 0.5858579282407408 0.15024594907407396 0.11024305555555536
2 0.48046875 0.7155237268518518 0.0883608217592593 0.07052228009259265
2 0.2857711226851852 0.6609230324074074 0.06998697916666663 0.07430555555555562
3 0.4386935763888889 0.25794994212962963 0.1547309027777778 0.09979021990740744
2 0.16710069444444445 0.6147424768518519 0.06481481481481483 0.06620370370370354
3 0.5961009837962963 0.44735966435185187 0.11783854166666674 0.0771412037037037
2 0.11559606481481481 0.6048394097222223 0.06351273148148148 0.08366608796296315
2 0.11407696759259259 0.6722800925925926 0.06221064814814814 0.04850983796296293
2 0.7553530092592593 0.6926649305555556 0.12467447916666652 0.07754629629629628
2 0.32407407407407407 0.18166956018518518 0.20326967592592593 0.09487123842592593
3 0.3492115162037037 0.6656611689814815 0.05595341435185186 0.037420428240740655
2 0.6385271990740741 0.8080801504629629 0.06094473379629628 0.04063946759259274
2 0.08116319444444445 0.5039496527777778 0.09809027777777779 0.12274305555555554
2 0.47193287037037035 0.7874421296296297 0.06108940972222232 0.04454571759259274
2 0.33033130787037035 0.7526258680555555 0.04336660879629628 0.03959780092592591
2 0.36244936342592593 0.7838903356481481 0.04626012731481488 0.038794849537036935
2 0.4144965277777778 0.7791449652777778 0.05635127314814814 0.048162615740740655
2 0.24280237268518517 0.7112268518518519 0.0512514467592593 0.04201388888888902
2 0.591869212962963 0.7994429976851851 0.06094473379629628 0.04063946759259274
3 0.41326678240740744 0.6802228009259259 0.05606192129629628 0.040350115740740655
2 0.552806712962963 0.7971281828703703 0.05309606481481488 0.03919994212962963
2 0.7922453703703703 0.7535734953703703 0.0746889467592593 0.04340277777777768
2 0.20666956018518517 0.7090856481481482 0.03739872685185186 0.03632089120370363
2 0.7588252314814815 0.7310402199074074 0.0951967592592593 0.044618055555555536
2 0.6947699652777778 0.8221788194444444 0.04188368055555558 0.025868055555555713
2 0.29069010416666663 0.7395109953703703 0.03522858796296302 0.03034577546296302
2 0.5120804398148148 0.8133101851851852 0.04607928240740744 0.033912037037036935
2 0.014630353009259259 0.5228732638888889 0.029260706018518517 0.09457465277777777
3 0.37612123842592593 0.7582754629629629 0.03982204861111116 0.02282262731481488
2 0.55078125 0.825390625 0.0497685185185186 0.0282841435185186
2 0.7375578703703703 0.6446325231481482 0.12731481481481488 0.06990740740740753
3 0.15147569444444445 0.5081163194444445 0.052408854166666685 0.0995732060185186
3 0.024160879629629626 0.4575086805555556 0.04517505787037037 0.08842592592592591
3 0.055700231481481476 0.5572482638888889 0.0431495949074074 0.06004774305555571
3 0.5189163773148149 0.7872902199074074 0.03729021990740744 0.03339120370370363