2 0.5071180555555556 0.2287037037037037 0.07671440972222232 0.06891637731481481
2 0.6682074652777779 0.6650824652777778 0.2840928819444444 0.13001302083333321
2 0.3231119791666667 0.3433666087962963 0.08331163194444446 0.10216290509259252
2 0.22037760416666666 0.4232421875 0.1130642361111111 0.16682581018518516
2 0.32148437500000004 0.4898871527777777 0.12382812499999996 0.21182002314814818
2 0.7898654513888889 0.29400318287037036 0.07947048611111107 0.06112557870370372
2 0.6655381944444444 0.1933449074074074 0.0615234375 0.044393807870370394
3 0.3975694444444444 0.3096064814814815 0.05855034722222219 0.04241898148148149
2 0.7148871527777778 0.1724681712962963 0.047504340277777946 0.02866753472222222
2 0.7946614583333333 0.2461082175925926 0.06022135416666674 0.029738136574074092
3 0.7490234375 0.3900245949074074 0.08680555555555558 0.03969907407407414
3 0.7656901041666666 0.34887876157407405 0.06521267361111116 0.03465711805555549
3 0.5402126736111111 0.3114800347222222 0.04470486111111116 0.03450520833333326
3 0.44943576388888884 0.2701533564814815 0.03982204861111116 0.03446903935185186
3 0.5736328125 0.27704716435185184 0.033832465277777724 0.028566261574074048
3 0.4818359375 0.3656322337962963 0.05774739583333344 0.050224247685185186
3 0.6073350694444444 0.2553096064814815 0.026844618055555713 0.021679687499999933
3 0.7261284722222222 0.4585648148148148 0.10483940972222228 0.06033709490740735
3 0.6322916666666667 0.23559027777777777 0.020920138888888884 0.018706597222222232
2 0.7999565972222222 0.2206741898148148 0.05234374999999991 0.026750578703703676
3 0.4096571180555556 0.4140263310185185 0.06981336805555549 0.0659360532407407
3 0.5643229166666667 0.20972222222222223 0.02675781250000009 0.01777343749999999
2 0.6965928819444445 0.18432436342592595 0.042621527777777724 0.028631365740740766
3 0.7099392361111111 0.5651475694444444 0.10685763888888888 0.10721932870370376
3 0.19724392361111112 0.3052300347222222 0.06312934027777778 0.028783275462962887
3 0.25026041666666665 0.27358217592592593 0.04171006944444444 0.031553819444444464
3 0.3121310763888889 0.24479890046296296 0.049392361111111116 0.025752314814814825
3 0.3585069444444444 0.22199074074074074 0.025911458333333304 0.023625578703703687
3 0.5856119791666666 0.20077401620370372 0.025954861111111116 0.025578703703703742
3 0.6039062500000001 0.1889178240740741 0.02213541666666652 0.029456018518518534