2 0.334765625 0.4466579861111111 0.14967447916666665 0.13782552083333333
2 0.4130208333333333 0.47677951388888884 0.16289062499999996 0.14582609953703707
2 0.4171223958333333 0.23038194444444443 0.07897135416666667 0.05775462962962963
2 0.16451822916666664 0.5469328703703704 0.15781250000000002 0.14282407407407405
2 0.52265625 0.5377170138888889 0.1888671875000001 0.18425925925925934
2 0.5518880208333333 0.2577112268518519 0.10319010416666674 0.0698206018518519
2 0.6248046875 0.26640625 0.1103515625 0.08943865740740742
2 0.6813151041666667 0.17563657407407407 0.04960937500000018 0.04171006944444444
2 0.6942057291666667 0.28101851851851856 0.09563802083333339 0.10287905092592586
2 0.4595052083333333 0.23561921296296295 0.07851562500000009 0.05091869212962963
2 0.5171223958333333 0.20543981481481483 0.07161458333333348 0.04984085648148151
2 0.27018229166666663 0.22571614583333333 0.07636718750000004 0.04796006944444442
2 0.7158203125 0.18001302083333331 0.043749999999999956 0.04162326388888893
2 0.3719401041666667 0.22714120370370372 0.06575520833333326 0.049754050925925886
2 0.13958333333333334 0.3342013888888889 0.07220052083333334 0.05862991898148151
2 0.27727864583333334 0.4054759837962963 0.14609375000000002 0.11338252314814812
2 0.20208333333333334 0.37726417824074077 0.11022135416666667 0.08748553240740731
2 0.7615885416666667 0.19204282407407408 0.051562499999999956 0.04173900462962965
2 0.4741536458333333 0.1914134837962963 0.062304687499999956 0.041898148148148184
3 0.6434895833333334 0.18010706018518519 0.03066406250000009 0.02094184027777779
3 0.6012369791666667 0.17682291666666666 0.029492187499999822 0.017997685185185186
3 0.25911458333333337 0.6902054398148147 0.08756510416666674 0.06958912037037024
3 0.2181640625 0.603812210648148 0.06790364583333336 0.05271267361111098
2 0.07239583333333334 0.41144386574074077 0.08463541666666666 0.06954571759259265
3 0.5050130208333333 0.25840567129629627 0.04127604166666665 0.03378182870370372
3 0.12220052083333333 0.4986834490740741 0.0556640625 0.04472656250000007
3 0.18203125 0.355078125 0.06328125000000001 0.04191261574074079
2 0.6011718749999999 0.21983506944444445 0.06334635416666679 0.04288917824074073
3 0.34062499999999996 0.7691550925925926 0.09785156250000004 0.09218026620370368
3 0.09348958333333333 0.4345920138888889 0.046744791666666674 0.04264322916666674
3 0.10384114583333334 0.4578993055555556 0.03730468749999999 0.0473813657407407
3 0.32988281249999996 0.2267867476851852 0.05240885416666674 0.039800347222222254
3 0.5270833333333333 0.1642361111111111 0.05345052083333335 0.026157407407407407