2 0.44116030092592595 0.4649739583333333 0.1669994212962962 0.14388020833333326
2 0.22441406249999998 0.3543619791666667 0.10706018518518517 0.09010416666666665
2 0.5469545717592592 0.3699869791666667 0.14712094907407414 0.095703125
2 0.25970052083333334 0.6333984375 0.21033709490740737 0.19654947916666665
2 0.40839120370370374 0.26197916666666665 0.08337673611111107 0.05533854166666674
2 0.7016999421296297 0.4202473958333333 0.14727285879629637 0.1162109375
2 0.7711588541666667 0.30032552083333336 0.10496961805555571 0.07141927083333333
2 0.6480251736111111 0.5606119791666666 0.22769820601851842 0.1684244791666667
2 0.4599898726851852 0.23704427083333335 0.07549913194444446 0.046028645833333326
3 0.5806712962962963 0.7009114583333333 0.11582754629629632 0.08776041666666679
2 0.7402199074074074 0.34440104166666663 0.11270978009259247 0.06217447916666674
2 0.7316840277777779 0.37916666666666665 0.1411241319444443 0.07675781249999991
3 0.1808376736111111 0.4070963541666667 0.055013020833333315 0.04759114583333335
3 0.0632884837962963 0.49798177083333334 0.05304542824074074 0.04550781250000002
3 0.4896846064814815 0.42070312499999996 0.07255497685185186 0.04388020833333339
2 0.6061197916666667 0.31132812499999996 0.08141637731481488 0.054231770833333304
3 0.3695023148148148 0.5518229166666666 0.09428530092592591 0.07851562500000009
3 0.18231336805555554 0.7382161458333333 0.08848379629629632 0.0859375
3 0.6778428819444444 0.4970703125 0.08833188657407409 0.0654296875
3 0.12060185185185185 0.453125 0.06282552083333331 0.04811197916666665
3 0.5170283564814815 0.8145833333333334 0.1488787615740741 0.06946614583333321
3 0.09193431712962963 0.8038411458333333 0.09139901620370372 0.08417968750000004
3 0.28590133101851856 0.34537760416666663 0.03630642361111103 0.025846354166666696
3 0.3773726851851852 0.2953125 0.03632089120370374 0.027799479166666696
3 0.5672743055555556 0.3432291666666667 0.052025462962963065 0.039583333333333304
3 0.3365523726851852 0.32441406250000004 0.03736255787037035 0.036653645833333304
3 0.5019675925925926 0.23229166666666667 0.03347077546296284 0.03834635416666665