2 0.7734375 0.279296875 0.0830078125 0.064453125
2 0.458984375 0.5107421875 0.1845703125 0.15625
2 0.7890625 0.5234375 0.140625 0.162109375
2 0.884765625 0.583984375 0.154296875 0.197265625
2 0.6982421875 0.4501953125 0.1357421875 0.140625
2 0.5341796875 0.611328125 0.203125 0.1982421875
2 0.6591796875 0.7138671875 0.2060546875 0.234375
2 0.609375 0.3955078125 0.134765625 0.125
2 0.626953125 0.283203125 0.1142578125 0.0732421875
2 0.533203125 0.34375 0.146484375 0.134765625
2 0.3798828125 0.447265625 0.142578125 0.1142578125
2 0.888671875 0.3486328125 0.0703125 0.068359375
2 0.2236328125 0.228515625 0.0419921875 0.037109375
2 0.181640625 0.248046875 0.0439453125 0.0439453125
2 0.6591796875 0.228515625 0.0673828125 0.044921875
2 0.7890625 0.7763671875 0.15625 0.2001953125
2 0.607421875 0.2158203125 0.0751953125 0.048828125
2 0.4345703125 0.154296875 0.0517578125 0.029296875
2 0.267578125 0.208984375 0.052734375 0.0341796875
2 0.8251953125 0.3125 0.060546875 0.060546875
2 0.3173828125 0.189453125 0.046875 0.0341796875
2 0.7138671875 0.25 0.0830078125 0.0576171875
2 0.9482421875 0.6728515625 0.103515625 0.220703125
2 0.1279296875 0.2734375 0.0439453125 0.0419921875
2 0.3876953125 0.166015625 0.046875 0.0341796875
2 0.8876953125 0.828125 0.1220703125 0.099609375
2 0.744140625 0.2265625 0.0517578125 0.041015625
2 0.5439453125 0.197265625 0.0830078125 0.046875
2 0.9853515625 0.3134765625 0.029296875 0.044921875
2 0.3564453125 0.1796875 0.0419921875 0.0283203125
2 0.966796875 0.8466796875 0.0654296875 0.052734375