2 0.07080078125 0.2605251736111111 0.1416015625 0.12481915509259256
2 0.663013599537037 0.5139973958333334 0.21291232638888902 0.24670862268518512
2 0.5619936342592593 0.7854456018518519 0.22086950231481484 0.25217013888888884
3 0.369017650462963 0.5930266203703705 0.1176359953703704 0.08959056712962976
3 0.485814525462963 0.6809534143518519 0.14526909722222214 0.10138165509259256
3 0.29074074074074074 0.4932725694444445 0.10651765046296291 0.07609953703703709
2 0.9519603587962963 0.8035662615740741 0.05661168981481479 0.134765625
3 0.6618778935185186 0.849609375 0.09589120370370363 0.07921006944444442
3 0.3250940393518519 0.22569444444444445 0.06650028935185182 0.040979456018518545
3 0.7428096064814815 0.8927951388888888 0.0796585648148147 0.0575448495370372
3 0.11310040509259259 0.31177662037037035 0.061791087962962954 0.04647714120370372
3 0.373509837962963 0.2762586805555556 0.08164062499999991 0.05866608796296302
3 0.21493055555555557 0.40936053240740744 0.08569155092592595 0.06383825231481488
3 0.15867332175925927 0.35919415509259256 0.06877170138888888 0.05186631944444442
3 0.4548394097222222 0.33904803240740744 0.10332754629629626 0.06709346064814814
3 0.25849247685185184 0.1943359375 0.049609374999999956 0.02998408564814814
3 0.812745949074074 0.9106987847222222 0.06078559027777786 0.0454282407407407
2 0.893041087962963 0.7111183449074074 0.12475405092592595 0.1982783564814814
3 0.7980107060185185 0.6482928240740741 0.11979166666666674 0.09657118055555558
3 0.7263599537037038 0.5891565393518519 0.10232928240740735 0.09917534722222232
3 0.21997974537037035 0.17288773148148148 0.047800925925925886 0.03472222222222221
2 0.5564453125 0.4111689814814815 0.19813368055555558 0.17545572916666674