2 0.4550998263888889 0.7975477430555555 0.06501736111111112 0.060344328703703765
2 0.603125 0.5732855902777778 0.1454644097222222 0.18296440972222205
2 0.12842881944444445 0.503052662037037 0.16380208333333335 0.1791811342592593
2 0.4261935763888889 0.39047309027777777 0.1811631944444445 0.26299913194444446
2 0.8403862847222222 0.7205078125 0.07170138888888888 0.07924623842592604
2 0.7361111111111112 0.7534939236111111 0.06367187499999982 0.07390046296296293
2 0.6846354166666666 0.7661096643518519 0.06269531249999982 0.07384259259259274
2 0.40112847222222225 0.6239800347222222 0.14973958333333326 0.16958188657407414
2 0.2275390625 0.6303385416666667 0.14281684027777775 0.12339409722222205
2 0.5179904513888889 0.7924623842592593 0.062087673611111116 0.06017071759259274
2 0.8212673611111111 0.3355541087962963 0.16247829861111107 0.25896990740740744
3 0.4941623263888889 0.5795572916666667 0.09730902777777772 0.08563368055555554
3 0.3150824652777778 0.4230541087962963 0.095703125 0.09333043981481481
3 0.6991753472222222 0.5270833333333333 0.09826388888888893 0.10711805555555554
3 0.6933376736111112 0.32797309027777777 0.11367187500000009 0.1469907407407407
3 0.30980902777777775 0.6077980324074074 0.06306423611111112 0.06022858796296293
2 0.6294704861111111 0.7736111111111111 0.05898437500000009 0.05609085648148149
3 0.7906684027777777 0.7156032986111112 0.03548177083333348 0.0313223379629628
3 0.5641493055555555 0.3487123842592592 0.1254774305555555 0.14963831018518525
2 0.8755208333333333 0.5248046875 0.12343750000000009 0.1913990162037038
3 0.20961371527777778 0.46086516203703703 0.08328993055555556 0.07701099537037037
2 0.9489800347222223 0.48020109953703705 0.07092013888888893 0.14932725694444438
2 0.9274305555555555 0.6786675347222222 0.06234809027777777 0.06603009259259274
3 0.79453125 0.4965060763888889 0.0791015625 0.09234664351851851
3 0.8840711805555556 0.6849103009259259 0.02979600694444451 0.034881365740740744
3 0.8985026041666666 0.29411168981481484 0.08027343749999982 0.11871383101851851
3 0.9624131944444445 0.2881076388888889 0.060460069444444375 0.13312355324074066
3 0.5640407986111111 0.7697337962962963 0.05431857638888893 0.06068431712962963