2 0.19071903935185186 0.3858723958333333 0.10084635416666665 0.07246093750000004
3 0.44253472222222223 0.4319661458333333 0.07877604166666674 0.04563802083333335
3 0.36504629629629626 0.4229600694444444 0.06786024305555549 0.04246961805555549
3 0.7183666087962963 0.4677734375 0.08998842592592604 0.07026909722222219
3 0.5335792824074074 0.44262152777777775 0.08952546296296293 0.06245659722222219
3 0.6304253472222223 0.4541232638888889 0.09291811342592604 0.0703342013888889
3 0.2954861111111111 0.41182725694444444 0.05349392361111116 0.030447048611111138
3 0.7984953703703703 0.48159722222222223 0.07643229166666665 0.07191840277777772
3 0.2413773148148148 0.4032769097222222 0.04355468749999997 0.027300347222222188
3 0.8742042824074074 0.4877170138888889 0.06631944444444438 0.06584201388888888
2 0.03722511574074074 0.3922092013888889 0.05912905092592592 0.04325086805555556
2 0.9422236689814816 0.34381510416666666 0.03867187499999991 0.027191840277777768
3 0.9334852430555556 0.4912760416666666 0.06068431712962963 0.053038194444444464
2 0.6375434027777778 0.20234375 0.037521701388888884 0.024240451388888862
2 0.9183449074074075 0.30240885416666663 0.029824942129629495 0.026019965277777724
2 0.8185185185185185 0.2753689236111111 0.04091435185185177 0.03211805555555558
2 0.8951967592592592 0.298046875 0.032638888888888884 0.024131944444444442
2 0.006913700810185186 0.3882595486111111 0.013827401620370373 0.04177517361111116