2 0.814453125 0.3984375 0.0888671875 0.115234375
2 0.482421875 0.2529296875 0.0751953125 0.072265625
2 0.587890625 0.3310546875 0.095703125 0.1142578125
2 0.7548828125 0.7763671875 0.146484375 0.203125
2 0.736328125 0.3046875 0.0751953125 0.0830078125
2 0.3076171875 0.298828125 0.111328125 0.091796875
2 0.4267578125 0.171875 0.048828125 0.041015625
3 0.6640625 0.3720703125 0.068359375 0.0654296875
3 0.439453125 0.3310546875 0.0595703125 0.0517578125
3 0.5107421875 0.345703125 0.0625 0.0546875
2 0.25 0.298828125 0.072265625 0.0673828125
3 0.7421875 0.3984375 0.060546875 0.0673828125
2 0.3857421875 0.173828125 0.0361328125 0.0283203125
3 0.369140625 0.322265625 0.064453125 0.052734375
3 0.6748046875 0.3017578125 0.0625 0.052734375
3 0.431640625 0.263671875 0.041015625 0.0439453125
3 0.845703125 0.828125 0.0703125 0.080078125
3 0.931640625 0.8203125 0.080078125 0.0908203125
3 0.544921875 0.275390625 0.0625 0.052734375
3 0.8720703125 0.4482421875 0.064453125 0.080078125
3 0.921875 0.466796875 0.052734375 0.0673828125