2 0.19979745370370372 0.4942708333333333 0.11859809027777779 0.17241753472222232
2 0.3089192708333333 0.5425564236111111 0.12109375 0.16076388888888893
2 0.5360966435185186 0.7749565972222222 0.0694082754629628 0.056184895833333304
2 0.7513382523148149 0.47432725694444444 0.19151475694444464 0.19160156250000004
2 0.6163194444444444 0.6225694444444445 0.15104166666666652 0.12630208333333348
2 0.29408998842592593 0.7217664930555556 0.06148726851851849 0.053081597222222054
2 0.6344039351851852 0.42586805555555557 0.2275390625 0.2421657986111111
2 0.5960286458333333 0.7860460069444444 0.0692997685185186 0.053255208333333304
2 0.1435546875 0.6618272569444444 0.07291666666666669 0.07187499999999991
2 0.8606047453703705 0.5528645833333333 0.12727864583333348 0.11699218749999996
2 0.20240162037037035 0.2747829861111111 0.17314091435185186 0.24876302083333335
2 0.3838252314814815 0.7471788194444444 0.06756365740740744 0.05907118055555571
2 0.6461226851851852 0.7949652777777778 0.05928096064814814 0.046202256944444464
2 0.21502459490740738 0.6946397569444445 0.06665943287037035 0.061002604166666696
3 0.515552662037037 0.5891059027777779 0.0722294560185186 0.05332031249999991
2 0.6954933449074074 0.6526258680555556 0.11773003472222232 0.09628906249999991
2 0.42151331018518523 0.5792100694444444 0.14435040509259256 0.15640190972222223
2 0.8195891203703705 0.6836805555555555 0.09118200231481488 0.0908203125
2 0.0791015625 0.2388671875 0.1232638888888889 0.21935763888888887
2 0.11317274305555555 0.4474609375 0.10510706018518517 0.17699652777777775
3 0.4953342013888889 0.3593532986111111 0.14095052083333337 0.14364149305555562
2 0.8814380787037037 0.6938368055555556 0.0790653935185186 0.07981770833333335
2 0.6949508101851852 0.7960503472222222 0.05331307870370372 0.04314236111111103
2 0.36027922453703703 0.32220052083333334 0.18471498842592593 0.2714626736111111
2 0.7710503472222223 0.7957899305555556 0.05815972222222232 0.04227430555555545
2 0.8409649884259259 0.7866102430555555 0.06206597222222232 0.04236111111111107
2 0.7335069444444444 0.6778645833333333 0.13440393518518512 0.0986111111111112
2 0.7316984953703703 0.787109375 0.04032841435185186 0.03504774305555558
2 0.06304253472222222 0.6219835069444444 0.08304398148148148 0.08185763888888875
2 0.9970793547453703 0.6986328125000001 0.0058412905092593 0.03483072916666652
3 0.9172453703703705 0.58046875 0.04029224537037024 0.03407118055555558
3 0.9433955439814814 0.6015407986111112 0.0341435185185186 0.026128472222222143
3 0.9624927662037037 0.6166015625 0.0209780092592593 0.013151041666666696
3 0.978443287037037 0.6257378472222223 0.01906105324074092 0.014084201388888884
3 0.9904604311342593 0.6338324652777778 0.0190791377314814 0.014127604166666696
3 0.8093171296296295 0.51171875 0.08843315972222232 0.06929253472222219