2 0.4507667824074074 0.5201244212962963 0.15028211805555558 0.16328848379629624
2 0.18563368055555557 0.4010127314814815 0.06676793981481477 0.0790798611111111
2 0.3534143518518519 0.3312644675925926 0.06630497685185177 0.0634548611111111
2 0.40752314814814816 0.31254340277777776 0.06722366898148147 0.0615162037037037
2 0.3021773726851852 0.3480758101851852 0.06745515046296302 0.0693287037037037
2 0.2472945601851852 0.3736183449074074 0.06759982638888884 0.0742115162037037
2 0.12787905092592594 0.42846498842592595 0.07309027777777777 0.09479166666666661
2 0.6034360532407408 0.6980902777777778 0.2602502893518519 0.2508174189814816
2 0.45689380787037037 0.29863281249999996 0.06426504629629626 0.060496238425926
2 0.7003833912037036 0.6097222222222223 0.2021122685185186 0.2323857060185186
2 0.5005787037037037 0.2904947916666667 0.06613136574074074 0.057595486111111205
2 0.5243995949074074 0.46850405092592595 0.09486400462962963 0.10487557870370368
2 0.7506510416666666 0.36252893518518514 0.0742042824074074 0.06650028935185182
2 0.9064453125 0.3824074074074074 0.09273003472222241 0.06579861111111107
2 0.8221354166666666 0.33723234953703707 0.0718460648148147 0.05279947916666661
2 0.9024305555555555 0.41163194444444445 0.08959780092592595 0.05891927083333337
2 0.7045572916666667 0.3882016782407407 0.09281684027777781 0.06872829861111107
2 0.877076099537037 0.4454210069444444 0.10648871527777781 0.06893084490740731
2 0.6463252314814815 0.4654296875 0.10658275462962963 0.1050491898148147
2 0.6709273726851852 0.40625 0.09545717592592595 0.059006076388888884
2 0.7076027199074074 0.2603732638888889 0.0498408564814814 0.03490306712962965
3 0.7963179976851851 0.35539641203703703 0.0689163773148147 0.052756076388888906
2 0.9300202546296297 0.3544487847222222 0.06397569444444429 0.050730613425926