2 0.744140625 0.5543402777777777 0.1357421875 0.1445601851851852
2 0.890625 0.6882378472222221 0.126953125 0.1728153935185186
2 0.2294921875 0.5544343171296295 0.166015625 0.12915943287037024
2 0.6591796875 0.5048828125 0.125 0.116160300925926
2 0.537109375 0.4102285879629629 0.1220703125 0.08391203703703698
2 0.3564453125 0.7448278356481481 0.275390625 0.21004774305555562
2 0.919921875 0.4599392361111111 0.0625 0.05808015046296289
3 0.439453125 0.8343098958333334 0.1357421875 0.08401331018518521
2 0.681640625 0.32047887731481484 0.064453125 0.04735243055555549
3 0.5859375 0.4594184027777778 0.0703125 0.047395833333333304
3 0.634765625 0.36895978009259256 0.0439453125 0.02376302083333326
2 0.9658203125 0.32453703703703707 0.033203125 0.025636574074074048
2 0.6376953125 0.30941116898148147 0.0498046875 0.03357204861111107
3 0.3017578125 0.6399305555555556 0.111328125 0.07113715277777777
3 0.8173828125 0.628125 0.0986328125 0.09741030092592595
3 0.8623046875 0.4380280671296296 0.046875 0.044292534722222276
3 0.8154296875 0.40252459490740744 0.046875 0.041362847222222276
3 0.7685546875 0.37483362268518516 0.0419921875 0.052068865740740655
3 0.7265625 0.35206163194444445 0.0341796875 0.03931568287037035
3 0.9638671875 0.5051866319444445 0.041015625 0.059874131944444464