2 0.5904513888888889 0.679296875 0.2104021990740741 0.193359375
2 0.20597511574074073 0.37968749999999996 0.07434895833333333 0.07513020833333339
2 0.42797309027777775 0.5158203125 0.13456307870370376 0.1337239583333334
2 0.4918330439814814 0.4740885416666667 0.12516637731481484 0.11263020833333326
2 0.5476779513888889 0.43867187500000004 0.11648582175925926 0.08281249999999996
2 0.23542390046296297 0.6076822916666667 0.15600405092592595 0.19947916666666665
2 0.6605541087962963 0.5919921875 0.1650679976851852 0.1435546875
2 0.2738498263888889 0.367578125 0.06119068287037033 0.05865885416666661
2 0.3705367476851852 0.34075520833333334 0.06388888888888888 0.05104166666666665
2 0.7461950231481481 0.5086588541666667 0.13271846064814818 0.10436197916666656
2 0.15826099537037036 0.4048828125 0.05855034722222219 0.06822916666666667
2 0.3183449074074074 0.351953125 0.06601562500000002 0.05703125000000009
2 0.6329644097222222 0.40032552083333334 0.09772858796296302 0.0747395833333333
2 0.5962528935185185 0.4174479166666667 0.09071903935185177 0.06842447916666661
2 0.41293402777777777 0.32988281249999996 0.058861400462962954 0.04583333333333339
2 0.3215133101851852 0.3110677083333333 0.0498119212962963 0.03645833333333326
2 0.4917534722222222 0.3116536458333333 0.04998553240740744 0.04231770833333326
2 0.45050636574074077 0.31673177083333337 0.06681857638888888 0.051236979166666696
2 0.28009259259259256 0.32200520833333335 0.0498408564814814 0.03743489583333326
3 0.4839626736111111 0.7397135416666667 0.10606192129629632 0.09283854166666661
2 0.7635850694444445 0.45013020833333334 0.1132667824074074 0.07285156250000002
3 0.7039351851851852 0.5479166666666666 0.08477285879629637 0.06510416666666652
2 0.35420283564814814 0.29759114583333335 0.055758101851851816 0.03977864583333335
2 0.3964265046296296 0.292578125 0.042918113425926 0.03404947916666656
2 0.07139033564814815 0.3315755208333333 0.04007523148148148 0.03678385416666674
2 0.6506510416666667 0.29876302083333334 0.04492910879629619 0.0361328125
2 0.022728587962962964 0.35572916666666665 0.04533420138888889 0.0498046875
2 0.666746238425926 0.3830078125 0.07968749999999991 0.05794270833333337
2 0.5230902777777777 0.31080729166666665 0.045847800925925775 0.03424479166666661
2 0.5545428240740741 0.3060546875 0.05291521990740744 0.042513020833333304
2 0.9138382523148147 0.4317708333333333 0.04820601851851869 0.048046875000000044
2 0.43181423611111114 0.287109375 0.04185474537037037 0.031054687499999956
3 0.383275462962963 0.8024739583333333 0.10221354166666674 0.09453124999999996
2 0.13802083333333334 0.3614583333333333 0.048119212962962954 0.045117187500000044
2 0.847410300925926 0.3950520833333333 0.037058738425925775 0.033658854166666696
2 0.6128833912037037 0.28548177083333337 0.036914062499999956 0.028776041666666696
2 0.8802083333333334 0.41093749999999996 0.05291521990740744 0.042513020833333304
2 0.45637297453703707 0.28385416666666663 0.03688512731481475 0.027799479166666696
2 0.19053096064814815 0.3395182291666667 0.04291811342592594 0.034049479166666674
2 0.492650462962963 0.2813802083333333 0.04567418981481475 0.028385416666666607
2 0.11384548611111112 0.31875 0.03998842592592594 0.03385416666666674
3 0.22766927083333333 0.341015625 0.045015914351851816 0.0390625
3 0.7192635995370371 0.45989583333333334 0.05403645833333348 0.04746093750000002