2 0.384765625 0.435546875 0.126953125 0.15625
2 0.5966796875 0.5439453125 0.1845703125 0.201171875
2 0.486328125 0.4013671875 0.125 0.1220703125
2 0.5654296875 0.3623046875 0.123046875 0.115234375
2 0.931640625 0.494140625 0.0966796875 0.134765625
2 0.638671875 0.34375 0.103515625 0.099609375
2 0.7158203125 0.4892578125 0.173828125 0.142578125
2 0.689453125 0.3232421875 0.0986328125 0.0810546875
2 0.3544921875 0.251953125 0.0673828125 0.060546875
2 0.734375 0.287109375 0.095703125 0.076171875
2 0.412109375 0.2392578125 0.068359375 0.0517578125
2 0.591796875 0.2080078125 0.072265625 0.044921875
2 0.2451171875 0.298828125 0.0576171875 0.0576171875
2 0.2998046875 0.2705078125 0.0654296875 0.0751953125
2 0.7294921875 0.2001953125 0.0546875 0.0361328125
2 0.126953125 0.3466796875 0.0576171875 0.064453125
2 0.1845703125 0.3173828125 0.060546875 0.076171875
2 0.3544921875 0.6875 0.1904296875 0.2841796875
2 0.7685546875 0.2158203125 0.0419921875 0.029296875
2 0.5048828125 0.234375 0.09375 0.041015625
2 0.080078125 0.375 0.056640625 0.068359375
2 0.9013671875 0.2939453125 0.048828125 0.037109375
2 0.2529296875 0.4716796875 0.142578125 0.1640625
2 0.796875 0.2314453125 0.044921875 0.029296875
2 0.6533203125 0.171875 0.0673828125 0.03125
2 0.642578125 0.166015625 0.0517578125 0.0234375
3 0.4736328125 0.6064453125 0.1376953125 0.1689453125