2 0.3511067708333333 0.6620442708333334 0.1626446759259259 0.22276475694444464
2 0.4151331018518518 0.2817491319444444 0.06900318287037033 0.05768229166666661
2 0.1733940972222222 0.3736545138888889 0.0988498263888889 0.07753906249999998
3 0.2816550925925926 0.5292100694444445 0.08184317129629637 0.06312934027777772
2 0.5265986689814814 0.24843749999999998 0.061646412037037024 0.039800347222222254
3 0.44828559027777776 0.44357638888888884 0.06569733796296295 0.04485677083333339
3 0.3741319444444444 0.4820746527777778 0.07480468749999991 0.05598958333333337
2 0.821484375 0.3331163194444444 0.10379050925925926 0.07970920138888893
2 0.966015625 0.3266927083333333 0.04809027777777786 0.04309895833333344
3 0.46693431712962963 0.6109375 0.10396412037037028 0.08556857638888893
2 0.5631872106481481 0.3612196180555556 0.13550347222222214 0.09672309027777781
3 0.6454499421296296 0.49739583333333337 0.07457320601851869 0.04817708333333326
2 0.8877965856481481 0.2939887152777778 0.049898726851851816 0.03830295138888884
3 0.6998408564814815 0.45195312499999996 0.05590277777777786 0.04344618055555549
3 0.20968605324074074 0.5754340277777777 0.07230902777777781 0.07050781250000004
3 0.5639467592592593 0.5518663194444444 0.08980034722222241 0.068359375
3 0.5185908564814815 0.4072048611111111 0.05389178240740744 0.04140625000000009
2 0.7718605324074074 0.2424262152777778 0.06388888888888888 0.04965277777777777
3 0.7367693865740741 0.41119791666666666 0.04785879629629619 0.035286458333333326
3 0.7702256944444444 0.3852647569444444 0.03993055555555558 0.03103298611111116
3 0.32274305555555555 0.3318142361111111 0.04188368055555558 0.031119791666666674
2 0.9959689670138889 0.34856770833333334 0.008062065972222143 0.04476996527777777
2 0.24246238425925926 0.7245659722222222 0.10377604166666665 0.1450520833333333
2 0.6979817708333333 0.22419704861111112 0.06072771990740744 0.04171006944444444
3 0.45721209490740744 0.2828125 0.02697482638888893 0.021679687500000044
3 0.49104456018518516 0.26957465277777776 0.028841145833333304 0.018836805555555558
3 0.668995949074074 0.33500434027777776 0.04176793981481497 0.027213541666666674
3 0.26668113425925927 0.3538628472222222 0.042773437499999956 0.028233506944444486
3 0.7978804976851852 0.3615451388888889 0.03780381944444455 0.025086805555555536
3 0.9245659722222221 0.3138671875 0.03194444444444455 0.024826388888888884
3 0.3692418981481482 0.3170355902777778 0.03389756944444444 0.024913194444444398
3 0.7007884837962963 0.3189236111111111 0.03472945601851851 0.02007378472222221
3 0.7395326967592593 0.3064453125 0.04171006944444455 0.025260416666666674
3 0.8561125578703703 0.2807291666666667 0.03774594907407414 0.023133680555555536
3 0.641941550925926 0.21397569444444445 0.04156539351851851 0.020377604166666674
3 0.6521122685185186 0.35922309027777777 0.047800925925925775 0.033333333333333326