2 0.1123046875 0.5966796875 0.119140625 0.1376953125
2 0.689453125 0.5205078125 0.181640625 0.1298828125
2 0.197265625 0.5439453125 0.138671875 0.1435546875
2 0.6044921875 0.6982421875 0.2548828125 0.181640625
2 0.337890625 0.4248046875 0.1298828125 0.099609375
2 0.267578125 0.4814453125 0.130859375 0.1220703125
2 0.435546875 0.3623046875 0.1201171875 0.083984375
2 0.908203125 0.517578125 0.0810546875 0.064453125
2 0.9296875 0.404296875 0.0576171875 0.0439453125
2 0.859375 0.466796875 0.087890625 0.0703125
2 0.505859375 0.318359375 0.09375 0.056640625
2 0.0458984375 0.6669921875 0.091796875 0.140625
2 0.181640625 0.2841796875 0.044921875 0.03125
2 0.5546875 0.291015625 0.087890625 0.048828125
2 0.7236328125 0.4267578125 0.140625 0.083984375
2 0.041015625 0.4296875 0.052734375 0.060546875
2 0.970703125 0.4375 0.052734375 0.048828125
2 0.171875 0.34375 0.0576171875 0.046875
2 0.125 0.3720703125 0.060546875 0.046875
2 0.0888671875 0.328125 0.041015625 0.0361328125
3 0.6279296875 0.6015625 0.1044921875 0.068359375
2 0.2607421875 0.251953125 0.0361328125 0.0234375
3 0.697265625 0.466796875 0.0966796875 0.052734375
2 0.326171875 0.2783203125 0.060546875 0.0341796875
2 0.873046875 0.3544921875 0.0546875 0.037109375
2 0.748046875 0.3779296875 0.107421875 0.0625
2 0.767578125 0.2861328125 0.0595703125 0.03125
2 0.7060546875 0.2529296875 0.0517578125 0.0263671875
2 0.8984375 0.380859375 0.0439453125 0.03125
2 0.1376953125 0.296875 0.0361328125 0.0283203125
3 0.392578125 0.4013671875 0.046875 0.033203125
2 0.505859375 0.2236328125 0.048828125 0.0234375
2 0.5986328125 0.2685546875 0.0732421875 0.037109375
2 0.740234375 0.2705078125 0.0517578125 0.0263671875
2 0.423828125 0.2392578125 0.060546875 0.033203125
3 0.4970703125 0.8203125 0.166015625 0.0986328125
2 0.8330078125 0.3330078125 0.0546875 0.0341796875
2 0.5546875 0.205078125 0.033203125 0.021484375
2 0.5810546875 0.203125 0.03125 0.017578125
2 0.1015625 0.28125 0.0283203125 0.025390625
2 0.03125 0.318359375 0.0341796875 0.033203125
3 0.4814453125 0.345703125 0.052734375 0.033203125
2 0.716796875 0.220703125 0.0439453125 0.025390625
2 0.291015625 0.234375 0.037109375 0.0205078125
3 0.287109375 0.296875 0.037109375 0.0205078125
3 0.2451171875 0.3154296875 0.0361328125 0.021484375
3 0.0830078125 0.404296875 0.0341796875 0.03125
3 0.203125 0.328125 0.0390625 0.0263671875
3 0.365234375 0.2626953125 0.0517578125 0.0283203125