2 0.2745225694444444 0.4161313657407407 0.11082899305555549 0.10020978009259252
2 0.8042534722222222 0.4620298032407407 0.16286892361111116 0.08536603009259269
2 0.5549262152777779 0.2829861111111111 0.07044270833333321 0.04788773148148151
2 0.24314236111111112 0.5016131365740741 0.12482638888888892 0.12969473379629637
2 0.18914930555555554 0.4300998263888889 0.060308159722222254 0.061400462962962976
2 0.9015190972222222 0.6276909722222223 0.15303819444444455 0.10571469907407405
2 0.7200520833333334 0.3704427083333333 0.12484809027777777 0.06430844907407407
2 0.15247395833333333 0.7922092013888888 0.17938368055555554 0.1714916087962961
2 0.7123263888888889 0.3285373263888889 0.10093315972222228 0.053219039351851904
3 0.1048828125 0.5349320023148147 0.07148437499999999 0.0713252314814814
3 0.16983506944444446 0.5232204861111112 0.07317708333333334 0.06549479166666661
2 0.03810763888888889 0.46165364583333335 0.03743489583333333 0.0737485532407407
3 0.04995659722222222 0.5523582175925925 0.05249565972222223 0.06128472222222214
3 0.13515625 0.44653501157407405 0.040364583333333315 0.02987557870370372
2 0.8270833333333334 0.2721137152777778 0.07964409722222232 0.03533709490740744
2 0.49153645833333337 0.15395688657407408 0.04507378472222223 0.02604166666666663
3 0.8432725694444445 0.5484230324074074 0.08509114583333321 0.04810474537037046
3 0.4931206597222222 0.29953703703703705 0.048046875000000044 0.027061631944444442
3 0.38502604166666665 0.7916956018518518 0.13927951388888893 0.1474754050925926
3 0.098046875 0.7549045138888889 0.08391927083333334 0.06565393518518525
3 0.08090277777777777 0.45711082175925927 0.056857638888888895 0.049638310185185164
3 0.4375 0.3013382523148148 0.051671006944444486 0.042730034722222254
3 0.3704644097222222 0.3101490162037037 0.04227430555555556 0.02892795138888893
3 0.2555121527777778 0.3401909722222222 0.032421875000000044 0.026830150462963
3 0.2062717013888889 0.3536241319444444 0.02949218749999999 0.026786747685185186
3 0.16484375 0.36694155092592595 0.029578993055555558 0.028739872685185186
3 0.7190755208333334 0.4144314236111111 0.06990017361111112 0.057638888888888906