2 0.6992476851851852 0.38310908564814816 0.09202112268518503 0.08240017361111107
2 0.5906105324074074 0.3349247685185185 0.09178964120370381 0.06677517361111107
2 0.4369140625 0.36258680555555556 0.1103732638888888 0.06900318287037033
2 0.6278645833333334 0.45641637731481477 0.11580584490740753 0.10618489583333335
2 0.7592881944444445 0.4163917824074074 0.08213975694444464 0.07444299768518525
2 0.7964988425925925 0.5408130787037038 0.1253906250000001 0.16002604166666679
2 0.2725622106481481 0.7799696180555555 0.22336516203703705 0.18295717592592586
2 0.1531105324074074 0.6050202546296297 0.1636357060185185 0.17133246527777768
2 0.20533130787037035 0.704810474537037 0.2085575810185185 0.17199797453703702
2 0.8862919560185185 0.4769965277777778 0.0776331018518519 0.09976128472222223
2 0.5080946180555556 0.3029513888888889 0.08679108796296298 0.05889033564814816
3 0.49393807870370376 0.4017722800925926 0.0522641782407407 0.03494646990740735
2 0.8431206597222223 0.359497974537037 0.05342881944444455 0.047656249999999956
2 0.08671875 0.4732204861111111 0.12334346064814813 0.08774594907407396
2 0.685083912037037 0.2847077546296296 0.05331307870370372 0.039843749999999956
2 0.7219618055555556 0.2997829861111111 0.05530960648148153 0.042802372685185164
3 0.5558738425925926 0.4389322916666667 0.05815248842592613 0.036986400462962976
3 0.7051793981481482 0.5099464699074074 0.07103587962962976 0.04986979166666661
2 0.6072337962962964 0.26731047453703705 0.05324074074074092 0.034960937499999956
2 0.30591724537037035 0.30789930555555556 0.06819299768518516 0.055685763888888906
3 0.7577184606481482 0.3246383101851852 0.033550347222222054 0.023929398148148096
2 0.4564959490740741 0.2929759837962963 0.06315104166666674 0.044871238425925886
2 0.8095630787037037 0.3180121527777778 0.03961226851851851 0.03768807870370372
2 0.3671657986111111 0.3255425347222222 0.08953269675925934 0.046238425925925974
2 0.7752025462962964 0.26482204861111114 0.031597222222222054 0.023900462962962887
2 0.8054325810185186 0.26730324074074074 0.026714409722222054 0.023828124999999978
2 0.8853009259259259 0.34618055555555555 0.03967013888888893 0.04159432870370372
2 0.08253038194444444 0.4264178240740741 0.10425347222222223 0.051338252314814814
3 0.6242404513888888 0.3715277777777778 0.04730902777777768 0.029991319444444442
2 0.6678240740740741 0.2634837962962963 0.03750000000000009 0.026916956018518512
2 0.7460358796296296 0.2564670138888889 0.03750000000000009 0.026916956018518512
2 0.2640407986111111 0.3007089120370371 0.07096354166666663 0.04498697916666661
3 0.8597656250000001 0.6199363425925926 0.0683955439814814 0.06935763888888902
3 0.8183666087962963 0.44871238425925924 0.058282696759259345 0.045775462962962976
3 0.9303891782407407 0.6638020833333333 0.06665943287037046 0.08397714120370381
2 0.08179976851851851 0.4098307291666667 0.09644097222222223 0.05122251157407409
3 0.5398003472222221 0.33763020833333335 0.036480034722222054 0.023972800925925908
2 0.6965205439814814 0.2376736111111111 0.033550347222222054 0.02392939814814815
3 0.8866030092592593 0.3900969328703704 0.0444516782407407 0.03483072916666674
2 0.07554253472222222 0.3708695023148148 0.07586082175925926 0.04603587962962963
3 0.3906756365740741 0.8475405092592593 0.09437210648148153 0.043381076388888884
2 0.9769892939814815 0.549855324074074 0.030613425925925863 0.08930121527777768
3 0.3950665509259259 0.35344328703703703 0.047366898148148096 0.03389756944444444
2 0.7227430555555556 0.2470486111111111 0.031597222222222054 0.023900462962963
3 0.9277054398148148 0.5154369212962963 0.06072771990740744 0.07900752314814818
3 0.16176938657407408 0.4818721064814815 0.07896412037037037 0.05779803240740744
3 0.7935474537037037 0.3446108217592593 0.03975694444444455 0.04745370370370372
3 0.7746238425925926 0.30388454861111114 0.0443648726851853 0.02897135416666674