2 0.611328125 0.6982421875 0.2294921875 0.203125
2 0.3310546875 0.8095703125 0.3330078125 0.1279296875
2 0.7080078125 0.5576171875 0.224609375 0.171875
2 0.7421875 0.470703125 0.173828125 0.1201171875
2 0.6171875 0.234375 0.1015625 0.064453125
2 0.791015625 0.3798828125 0.142578125 0.0703125
2 0.8203125 0.322265625 0.099609375 0.0546875
2 0.8388671875 0.279296875 0.078125 0.0439453125
2 0.6767578125 0.205078125 0.0859375 0.044921875
2 0.7626953125 0.4267578125 0.146484375 0.0859375
2 0.8388671875 0.2470703125 0.0732421875 0.037109375
2 0.044921875 0.2265625 0.0625 0.044921875
3 0.5830078125 0.2529296875 0.0595703125 0.0419921875
3 0.533203125 0.291015625 0.0732421875 0.044921875