2 0.6689453125 0.6767578125 0.15625 0.2158203125
2 0.59375 0.2998046875 0.0673828125 0.0546875
2 0.837890625 0.380859375 0.0966796875 0.0732421875
3 0.734375 0.541015625 0.080078125 0.0595703125
2 0.4814453125 0.271484375 0.060546875 0.037109375
3 0.5654296875 0.462890625 0.064453125 0.0419921875
3 0.640625 0.498046875 0.0732421875 0.052734375
2 0.189453125 0.369140625 0.1015625 0.0751953125
2 0.044921875 0.369140625 0.046875 0.041015625
3 0.5517578125 0.630859375 0.1015625 0.0810546875
2 0.4482421875 0.3857421875 0.1328125 0.0908203125
3 0.3701171875 0.525390625 0.0732421875 0.044921875
2 0.1220703125 0.3330078125 0.048828125 0.0361328125
3 0.314453125 0.482421875 0.0546875 0.041015625
3 0.8076171875 0.583984375 0.0703125 0.0673828125
3 0.453125 0.576171875 0.087890625 0.064453125
3 0.494140625 0.4296875 0.052734375 0.0390625
2 0.236328125 0.2763671875 0.0625 0.046875
3 0.2763671875 0.443359375 0.046875 0.033203125
3 0.2421875 0.4189453125 0.0390625 0.029296875
3 0.6875 0.345703125 0.041015625 0.029296875
2 0.009765625 0.392578125 0.0185546875 0.0439453125
2 0.779296875 0.734375 0.099609375 0.140625
2 0.3095703125 0.2548828125 0.0595703125 0.0390625
3 0.5517578125 0.302734375 0.0263671875 0.0205078125
3 0.517578125 0.291015625 0.0283203125 0.017578125
3 0.341796875 0.3642578125 0.041015625 0.025390625
3 0.744140625 0.365234375 0.0419921875 0.0263671875
3 0.2138671875 0.396484375 0.037109375 0.0234375
3 0.0859375 0.3544921875 0.03125 0.0234375
3 0.640625 0.3330078125 0.033203125 0.0234375
3 0.3095703125 0.349609375 0.0341796875 0.0185546875
3 0.2705078125 0.3388671875 0.041015625 0.0234375
3 0.1533203125 0.318359375 0.037109375 0.021484375
3 0.365234375 0.2421875 0.041015625 0.0185546875
3 0.359375 0.3876953125 0.046875 0.03125