2 0.255859375 0.353515625 0.125 0.095703125
2 0.8017578125 0.59375 0.212890625 0.146484375
2 0.705078125 0.3466796875 0.126953125 0.078125
2 0.474609375 0.6376953125 0.2548828125 0.216796875
2 0.2607421875 0.2919921875 0.076171875 0.0546875
2 0.1982421875 0.4013671875 0.087890625 0.0830078125
2 0.8388671875 0.451171875 0.1298828125 0.103515625
2 0.2763671875 0.7783203125 0.2373046875 0.2109375
2 0.6923828125 0.7919921875 0.2421875 0.1640625
2 0.3076171875 0.267578125 0.068359375 0.052734375
2 0.4326171875 0.2705078125 0.0908203125 0.052734375
2 0.8388671875 0.3935546875 0.123046875 0.060546875
2 0.0625 0.40625 0.072265625 0.076171875
2 0.3515625 0.248046875 0.060546875 0.037109375
3 0.5986328125 0.4873046875 0.078125 0.0498046875
2 0.865234375 0.3125 0.0888671875 0.0517578125
2 0.392578125 0.228515625 0.0703125 0.044921875
2 0.0888671875 0.478515625 0.068359375 0.09375
2 0.107421875 0.2998046875 0.048828125 0.046875
2 0.158203125 0.3486328125 0.0673828125 0.0546875
2 0.7861328125 0.255859375 0.0732421875 0.0390625
3 0.7158203125 0.6796875 0.103515625 0.0673828125
3 0.5361328125 0.5654296875 0.0986328125 0.0654296875
2 0.572265625 0.2109375 0.080078125 0.037109375
2 0.0224609375 0.451171875 0.044921875 0.0859375
2 0.4560546875 0.2080078125 0.064453125 0.037109375
2 0.7451171875 0.2783203125 0.0888671875 0.0546875
2 0.2578125 0.228515625 0.0361328125 0.0263671875
3 0.6455078125 0.4345703125 0.0703125 0.0498046875
3 0.796875 0.5126953125 0.0673828125 0.0419921875
2 0.1435546875 0.28125 0.052734375 0.0419921875
2 0.056640625 0.333984375 0.0419921875 0.046875
2 0.7314453125 0.314453125 0.0986328125 0.0625
3 0.669921875 0.3857421875 0.056640625 0.041015625
3 0.3154296875 0.333984375 0.0390625 0.029296875
2 0.318359375 0.2001953125 0.037109375 0.029296875
3 0.0419921875 0.533203125 0.0576171875 0.0517578125
3 0.375 0.3125 0.0517578125 0.0341796875
2 0.4033203125 0.177734375 0.033203125 0.021484375
2 0.4560546875 0.1611328125 0.041015625 0.0234375
2 0.0185546875 0.3642578125 0.0341796875 0.0498046875
2 0.287109375 0.2109375 0.041015625 0.029296875
2 0.5703125 0.171875 0.046875 0.0234375
2 0.349609375 0.193359375 0.041015625 0.025390625
3 0.4873046875 0.2470703125 0.0390625 0.0234375
3 0.5234375 0.236328125 0.0341796875 0.0205078125
2 0.4248046875 0.1669921875 0.0361328125 0.025390625
2 0.375 0.1845703125 0.0390625 0.025390625
3 0.1591796875 0.8388671875 0.1015625 0.0732421875
3 0.5498046875 0.2236328125 0.025390625 0.0283203125
3 0.837890625 0.3623046875 0.046875 0.046875
3 0.8486328125 0.3408203125 0.037109375 0.0390625
3 0.2236328125 0.255859375 0.0419921875 0.025390625