2 0.4111328125 0.560546875 0.1953125 0.0986328125
2 0.4189453125 0.3623046875 0.1015625 0.0673828125
2 0.482421875 0.3857421875 0.107421875 0.076171875
2 0.7998046875 0.5078125 0.1015625 0.146484375
2 0.572265625 0.3173828125 0.083984375 0.060546875
2 0.6748046875 0.3544921875 0.076171875 0.0576171875
2 0.3408203125 0.3408203125 0.099609375 0.060546875
2 0.8720703125 0.431640625 0.072265625 0.0908203125
2 0.2890625 0.3154296875 0.0732421875 0.0517578125
2 0.3408203125 0.7998046875 0.1796875 0.1484375
2 0.1611328125 0.572265625 0.150390625 0.15625
2 0.8798828125 0.5498046875 0.0751953125 0.1328125
2 0.25 0.712890625 0.1875 0.197265625
2 0.4638671875 0.291015625 0.083984375 0.0517578125
2 0.720703125 0.2841796875 0.048828125 0.0361328125
2 0.7421875 0.376953125 0.068359375 0.060546875
2 0.087890625 0.4375 0.0859375 0.072265625
2 0.705078125 0.466796875 0.1142578125 0.119140625
2 0.662109375 0.2626953125 0.041015625 0.0263671875
2 0.0517578125 0.373046875 0.060546875 0.037109375
2 0.9638671875 0.421875 0.0654296875 0.064453125
2 0.8671875 0.34375 0.0439453125 0.0341796875
2 0.0498046875 0.7783203125 0.0888671875 0.1669921875
2 0.732421875 0.248046875 0.029296875 0.021484375
2 0.119140625 0.5078125 0.0986328125 0.078125
2 0.9169921875 0.3623046875 0.0439453125 0.0439453125
2 0.2421875 0.3076171875 0.0673828125 0.0439453125
2 0.087890625 0.84375 0.158203125 0.0595703125
3 0.619140625 0.341796875 0.046875 0.0234375
3 0.0673828125 0.40625 0.0498046875 0.0283203125
2 0.208984375 0.306640625 0.0576171875 0.0390625
3 0.689453125 0.283203125 0.03125 0.0185546875
3 0.212890625 0.6328125 0.091796875 0.0625
2 0.697265625 0.2109375 0.0234375 0.013671875
2 0.384765625 0.2919921875 0.041015625 0.021484375
3 0.5361328125 0.4111328125 0.041015625 0.095703125
3 0.619140625 0.453125 0.048828125 0.099609375
3 0.498046875 0.8310546875 0.1220703125 0.087890625
3 0.375 0.349609375 0.0517578125 0.0576171875
3 0.509765625 0.314453125 0.0498046875 0.0439453125
3 0.615234375 0.2607421875 0.0498046875 0.025390625
3 0.5654296875 0.251953125 0.0361328125 0.03125
3 0.638671875 0.2314453125 0.037109375 0.0185546875