2 0.13407841435185186 0.6078920717592593 0.08930121527777779 0.09591290509259265
2 0.20012297453703703 0.6480179398148148 0.09389467592592593 0.08838975694444451
2 0.46064814814814814 0.45792824074074073 0.22048611111111116 0.21769386574074068
2 0.21632667824074076 0.7125940393518518 0.08622685185185186 0.06552372685185182
2 0.27238859953703703 0.6787254050925926 0.08355034722222221 0.07218605324074079
2 0.5439814814814814 0.5333333333333333 0.18706597222222232 0.1572482638888888
2 0.28125 0.22806712962962963 0.16514756944444442 0.17056568287037038
2 0.7792607060185186 0.39068287037037036 0.22826244212962976 0.1908709490740741
2 0.32884837962962965 0.7133897569444445 0.0912905092592593 0.0706958912037039
2 0.7911241319444444 0.4931712962962963 0.18120659722222232 0.13059172453703694
2 0.6987485532407407 0.29195601851851855 0.2786820023148149 0.23673321759259258
2 0.8062065972222222 0.561595775462963 0.1518373842592593 0.10059317129629619
2 0.6040943287037037 0.601490162037037 0.14001012731481488 0.12327835648148167
2 0.06792534722222221 0.7028211805555555 0.045392071759259245 0.04166666666666652
2 0.6716941550925926 0.6788990162037036 0.14095052083333348 0.09605034722222205
2 0.1802300347222222 0.7623263888888889 0.05602575231481477 0.039373553240740655
2 0.09497974537037036 0.7386791087962963 0.03515625 0.02839265046296302
2 0.12366174768518519 0.7570167824074074 0.04322193287037038 0.03569155092592591
2 0.38458478009259256 0.741160300925926 0.08308015046296302 0.059490740740740566
2 0.8216507523148149 0.6466796875 0.10680700231481488 0.06869212962962967
3 0.3930121527777778 0.3286458333333333 0.11451099537037035 0.09253472222222214
2 0.0763527199074074 0.5545572916666667 0.07718460648148148 0.11078559027777768
2 0.8202763310185186 0.6045138888888889 0.12955729166666652 0.07783564814814814
2 0.4057074652777778 0.8050491898148149 0.06872106481481488 0.040125868055555625
2 0.45384837962962965 0.7736472800925926 0.0800419560185186 0.05638744212962976
2 0.6029007523148149 0.2109157986111111 0.21252893518518512 0.13439670138888893
2 0.6448206018518519 0.6381582754629629 0.15505642361111116 0.10857928240740744
2 0.8337673611111112 0.6894820601851852 0.0908926504629628 0.059953703703703676
2 0.5368561921296295 0.8049913194444445 0.06998697916666652 0.04799623842592604
2 0.49037905092592593 0.7914713541666667 0.07002314814814814 0.04897280092592604
2 0.27705439814814814 0.8169994212962963 0.04615162037037035 0.035865162037036935
2 0.6161024305555556 0.8321976273148148 0.05602575231481488 0.039373553240740655
3 0.2647569444444444 0.7262297453703703 0.03985821759259256 0.02379918981481488
3 0.30591724537037035 0.7511791087962962 0.03493923611111116 0.0225332754629628
2 0.15596064814814814 0.8098234953703703 0.02926070601851849 0.027068865740740744
2 0.3183232060185185 0.8390190972222222 0.04503038194444442 0.03190104166666674
2 0.5783781828703703 0.8201750578703704 0.06094473379629628 0.040639467592592515
2 0.5482132523148149 0.8418764467592592 0.0449942129629628 0.03092447916666652
2 0.19958043981481483 0.821216724537037 0.04600694444444442 0.031958912037036935
2 0.07183159722222222 0.7559027777777778 0.027126736111111105 0.02207031249999991
2 0.5033998842592593 0.8362847222222223 0.06383825231481488 0.03983651620370354
2 0.7449363425925926 0.7625144675925926 0.07400173611111116 0.05115740740740726
2 0.04123263888888888 0.7364728009259259 0.034252025462962965 0.030287905092592604
3 0.42643229166666663 0.7475549768518519 0.04011140046296302 0.03063512731481488
2 0.5059678819444444 0.8726490162037037 0.04969618055555558 0.0263310185185186
2 0.7084418402777778 0.7437138310185185 0.08600983796296302 0.059664351851851816
2 0.24439380787037035 0.8003833912037037 0.0502748842592593 0.0419560185185186
3 0.33951822916666663 0.7688295717592593 0.03700086805555558 0.02557870370370363
2 0.6703920717592593 0.8461805555555555 0.04810474537037024 0.03598090277777777
3 0.10362413194444445 0.6374059606481481 0.06553819444444442 0.033116319444444375
3 0.15715422453703703 0.6718967013888889 0.0380859375 0.028566261574074048
3 0.3812210648148148 0.7791304976851852 0.0322265625 0.028219039351851993
3 0.45818865740740744 0.8150101273148148 0.03200954861111116 0.02235966435185177
3 0.21694155092592593 0.775267650462963 0.03993055555555558 0.02575231481481488
3 0.10362413194444443 0.7166811342592592 0.03707320601851852 0.02753182870370363
3 0.13910590277777776 0.736400462962963 0.032009548611111105 0.022359664351851993