2 0.6220703125 0.529296875 0.134765625 0.1611328125
2 0.509765625 0.486328125 0.1171875 0.1142578125
2 0.4404296875 0.4453125 0.1220703125 0.1201171875
2 0.361328125 0.4189453125 0.109375 0.091796875
2 0.1064453125 0.7841796875 0.1923828125 0.177734375
2 0.3076171875 0.3876953125 0.0986328125 0.0654296875
2 0.826171875 0.619140625 0.1064453125 0.1904296875
2 0.263671875 0.369140625 0.091796875 0.0546875
2 0.1640625 0.3310546875 0.068359375 0.0419921875
2 0.4169921875 0.279296875 0.0830078125 0.037109375
3 0.7109375 0.587890625 0.091796875 0.068359375
2 0.0703125 0.703125 0.1220703125 0.1748046875
2 0.646484375 0.25 0.044921875 0.0283203125
3 0.216796875 0.845703125 0.1015625 0.0517578125
3 0.9033203125 0.6875 0.078125 0.095703125
2 0.6142578125 0.2451171875 0.041015625 0.0234375
2 0.568359375 0.2392578125 0.0576171875 0.0263671875
2 0.041015625 0.587890625 0.0732421875 0.1142578125
2 0.2236328125 0.3515625 0.083984375 0.041015625
2 0.0185546875 0.443359375 0.033203125 0.048828125
3 0.970703125 0.712890625 0.056640625 0.1123046875
2 0.6845703125 0.255859375 0.037109375 0.0234375
2 0.4921875 0.2294921875 0.048828125 0.0234375
2 0.025390625 0.544921875 0.046875 0.076171875
3 0.185546875 0.34375 0.03125 0.0205078125
2 0.5263671875 0.232421875 0.048828125 0.0234375
2 0.462890625 0.2265625 0.048828125 0.021484375
3 0.0625 0.6201171875 0.1123046875 0.0390625
3 0.025390625 0.4609375 0.0439453125 0.03125
3 0.181640625 0.3720703125 0.041015625 0.025390625
3 0.71875 0.271484375 0.052734375 0.0283203125
3 0.7939453125 0.291015625 0.0498046875 0.0361328125