2 0.47641059027777777 0.6236979166666667 0.20625000000000004 0.18891059027777768
2 0.3411892361111111 0.4798828125 0.13464988425925928 0.13270399305555558
2 0.24672309027777778 0.5393880208333333 0.12569444444444444 0.14615885416666652
2 0.5077546296296296 0.4082899305555555 0.1288917824074074 0.10136718749999996
2 0.6324291087962963 0.4990668402777778 0.15216290509259256 0.11553819444444446
2 0.37613570601851853 0.6987196180555556 0.20034722222222223 0.22096354166666665
2 0.7827763310185185 0.7341579861111112 0.1625000000000001 0.24060329861111107
2 0.42312644675925926 0.43378906250000004 0.13740596064814814 0.1298394097222222
2 0.6185908564814815 0.3530598958333333 0.09274450231481479 0.0674045138888888
2 0.4165147569444444 0.3143446180555556 0.0942346643518519 0.05963541666666661
2 0.7859230324074074 0.3675347222222222 0.08320312499999982 0.05451388888888886
3 0.5627170138888888 0.5698784722222222 0.09642650462962976 0.08016493055555562
2 0.6728370949074074 0.31221788194444444 0.07941261574074066 0.05638020833333335
2 0.6503110532407408 0.3293185763888889 0.07814670138888902 0.05147569444444444
2 0.7151186342592593 0.30826822916666663 0.057638888888888795 0.05101996527777786
3 0.5843967013888889 0.385546875 0.04677372685185177 0.032248263888888906
2 0.954275173611111 0.5463107638888889 0.033116319444444375 0.06510416666666674
2 0.6955295138888888 0.4408203125 0.14629629629629637 0.09882812500000004
2 0.7303602430555556 0.3975911458333333 0.10819589120370376 0.06482204861111107
3 0.7664930555555556 0.39839409722222224 0.05924479166666652 0.04520399305555556
2 0.32374855324074076 0.16365017361111112 0.1552445023148148 0.06879340277777779
3 0.8279875578703704 0.33424479166666665 0.03574218749999991 0.02712673611111116
3 0.23680555555555555 0.75625 0.13343460648148153 0.11219618055555558