2 0.2998046875 0.4892578125 0.1279296875 0.15625
2 0.2060546875 0.5546875 0.123046875 0.1376953125
2 0.650390625 0.6376953125 0.154296875 0.1640625
2 0.3828125 0.455078125 0.138671875 0.125
2 0.458984375 0.423828125 0.1201171875 0.0908203125
2 0.5107421875 0.390625 0.099609375 0.0703125
2 0.115234375 0.59375 0.1220703125 0.1669921875
2 0.740234375 0.505859375 0.0908203125 0.087890625
2 0.572265625 0.3779296875 0.0908203125 0.0546875
2 0.04296875 0.646484375 0.0859375 0.208984375
2 0.7685546875 0.353515625 0.046875 0.0390625
2 0.78125 0.439453125 0.0576171875 0.0498046875
2 0.666015625 0.333984375 0.0859375 0.0546875
2 0.6328125 0.3486328125 0.0810546875 0.0517578125
2 0.7109375 0.3232421875 0.0654296875 0.044921875
3 0.5078125 0.775390625 0.1796875 0.1298828125
2 0.234375 0.306640625 0.078125 0.0439453125
2 0.140625 0.3310546875 0.087890625 0.046875
2 0.046875 0.3720703125 0.076171875 0.044921875
2 0.330078125 0.279296875 0.0625 0.0390625
2 0.609375 0.3671875 0.064453125 0.048828125