2 0.4969907407407408 0.6191261574074074 0.1553530092592592 0.09681712962962963
2 0.7200593171296297 0.4212601273148148 0.17694589120370363 0.15554832175925926
2 0.07192563657407407 0.6837745949074074 0.044017650462962965 0.039373553240740655
2 0.7096209490740741 0.6790509259259259 0.07792968750000018 0.0532913773148147
2 0.6678240740740741 0.7320746527777777 0.05172887731481479 0.03747829861111107
3 0.4520688657407408 0.3558883101851852 0.12683015046296298 0.09270109953703709
2 0.5419126157407408 0.7505787037037037 0.0830801504629628 0.039662905092592515
3 0.5570457175925926 0.25163483796296293 0.12970920138888897 0.091746238425926
3 0.38697916666666665 0.4627748842592593 0.09724392361111112 0.06807725694444444
2 0.44840856481481484 0.8030092592592593 0.05327690972222232 0.029680266203703676
3 0.5785590277777778 0.5521412037037037 0.08055555555555549 0.04745370370370372
2 0.747316261574074 0.7051287615740741 0.07469618055555571 0.04741030092592591
2 0.14411892361111112 0.7222873263888889 0.05193142361111114 0.04138454861111107
3 0.6333912037037037 0.4736400462962963 0.09513888888888888 0.06513310185185195
3 0.6219111689814815 0.7138671875 0.03216145833333339 0.017809606481481444
2 0.7560329861111111 0.7441116898148148 0.05070167824074079 0.03649450231481488
3 0.3452473958333333 0.5333695023148148 0.07772714120370372 0.0493851273148147
2 0.7928747106481482 0.7301721643518518 0.05337818287037033 0.031633391203703676
3 0.11448929398148149 0.6912688078703704 0.03539496527777777 0.02369068287037046
3 0.31809895833333335 0.5862847222222223 0.05656105324074079 0.03653790509259247
2 0.7002821180555556 0.7650245949074075 0.04644097222222232 0.029629629629629672
3 0.6591579861111111 0.692115162037037 0.03431712962962963 0.021730324074074048
2 0.8510850694444445 0.6994791666666667 0.045666956018518334 0.03352864583333326
2 0.5472294560185185 0.7798249421296297 0.05019531250000009 0.02672887731481488
2 0.32331452546296297 0.749269386574074 0.10368923611111114 0.04176793981481497
3 0.046202256944444436 0.6527271412037037 0.03564814814814815 0.02857349537037024
2 0.6560474537037038 0.7897569444444444 0.04042968750000009 0.02665653935185186
3 0.41391059027777777 0.6587890625 0.04824218749999998 0.026714409722222276
3 0.40987413194444444 0.6236762152777777 0.04874855324074079 0.036480034722222054
3 0.7493272569444445 0.6475188078703704 0.05435474537037033 0.03164062500000009
3 0.578855613425926 0.7346860532407407 0.045413773148148096 0.02864583333333348
3 0.4916521990740741 0.7597366898148148 0.027430555555555625 0.020703125000000044