2 0.4876374421296296 0.6555338541666667 0.20820312499999993 0.2240885416666667
2 0.2016999421296296 0.46438802083333336 0.19712818287037037 0.2544921875
2 0.36668836805555555 0.5857421875 0.23087384259259258 0.2859375000000002
2 0.027490234375 0.17272135416666667 0.05498046875 0.06373697916666665
2 0.08828124999999999 0.36197916666666663 0.16263744212962963 0.1899088541666667
3 0.6407696759259259 0.1421875 0.08640046296296289 0.07096354166666669
2 0.02070493344907407 0.7484375 0.04140986689814814 0.16621093750000004
3 0.11331018518518518 0.42356770833333335 0.11016348379629631 0.11634114583333333
3 0.7434534143518519 0.1888671875 0.09266493055555558 0.07916666666666666
3 0.9591652199074074 0.3642578125 0.04014756944444442 0.061067708333333304
3 0.9015914351851853 0.2921875 0.07062355324074066 0.06699218750000002
3 0.028763382523148147 0.34908854166666664 0.057526765046296294 0.0830078125
3 0.830881076388889 0.2482421875 0.06558883101851842 0.06373697916666665
3 0.2509403935185185 0.5282552083333334 0.13899016203703707 0.1279947916666666
3 0.5326099537037037 0.12604166666666666 0.09395978009259265 0.06660156249999999
3 0.049160879629629624 0.8161458333333333 0.0777271412037037 0.053841145833333215