2 0.5564742476851852 0.6338107638888889 0.10862268518518503 0.08662471064814814
2 0.33794849537037036 0.5413628472222223 0.11115451388888886 0.12578848379629637
2 0.42932581018518523 0.5744429976851853 0.12366174768518512 0.11375144675925908
2 0.4743995949074074 0.3686125578703704 0.17255497685185184 0.1865451388888888
2 0.34728009259259257 0.7031032986111111 0.05538194444444444 0.049710648148148184
2 0.3959201388888889 0.7183304398148148 0.05236545138888893 0.04369936342592595
2 0.6127821180555555 0.6592086226851852 0.08877314814814818 0.06412760416666652
2 0.29961660879629626 0.6879267939814815 0.052539062499999956 0.05541811342592595
2 0.3339265046296296 0.28509837962962964 0.16483651620370376 0.2583550347222222
2 0.470826099537037 0.7417607060185185 0.05815248842592591 0.039120370370370416
2 0.7083695023148148 0.5400462962962963 0.13743489583333335 0.12129629629629624
2 0.9100405092592593 0.3188802083333333 0.14718605324074074 0.25256076388888893
2 0.7557146990740741 0.5767071759259259 0.12927517361111107 0.09745370370370354
2 0.2500144675925926 0.6716724537037038 0.053616898148148184 0.06230468750000018
2 0.18828848379629629 0.6821542245370371 0.04163773148148148 0.04411892361111125
3 0.5725405092592593 0.40692997685185184 0.10065104166666661 0.07547743055555556
2 0.8145182291666666 0.6315538194444444 0.09688946759259265 0.08504050925925921
2 0.2679325810185185 0.7156032986111112 0.042411747685185186 0.03049768518518503
2 0.3467013888888889 0.7421657986111112 0.04531250000000009 0.028696469907407263
3 0.6448567708333333 0.4732277199074074 0.07293113425925934 0.048668981481481466
2 0.44694010416666663 0.7708188657407408 0.047251157407407485 0.02782118055555549
3 0.25382667824074073 0.48031684027777777 0.07408130787037037 0.06043836805555558
3 0.4330584490740741 0.7183015046296297 0.026642071759259256 0.01992187500000009
2 0.644603587962963 0.6882233796296295 0.07291666666666652 0.04769241898148158
2 0.3856336805555556 0.752980324074074 0.044292534722222276 0.02571614583333348
3 0.1988353587962963 0.6299262152777778 0.045428240740740755 0.03650896990740726
3 0.48859230324074077 0.5980396412037037 0.05026765046296289 0.033832465277777946
3 0.30689380787037035 0.7244646990740741 0.028551793981481444 0.017093460648148096
3 0.22907262731481481 0.6999059606481481 0.036436631944444464 0.02238136574074079