2 0.5625 0.42063802083333335 0.10802228009259252 0.08582899305555558
2 0.3421730324074074 0.49192708333333335 0.11026475694444438 0.12497829861111098
2 0.4341796875 0.46768663194444443 0.12286603009259256 0.11284722222222221
2 0.4746310763888889 0.6775607638888889 0.17123842592592586 0.18528645833333335
2 0.3550853587962963 0.33131510416666665 0.055034722222222276 0.04930555555555549
2 0.40400752314814814 0.3207899305555556 0.052061631944444464 0.043315972222222276
2 0.6193070023148148 0.40069444444444446 0.08833188657407409 0.0634765625
2 0.30713975694444445 0.3418836805555555 0.05214843749999998 0.055034722222222276
2 0.3324652777777778 0.7474392361111111 0.16298466435185188 0.2571614583333335
2 0.47934751157407407 0.3046006944444445 0.057884837962963065 0.03869357638888893
2 0.7121383101851853 0.5288845486111111 0.13658854166666679 0.12029079861111103
2 0.908666087962963 0.769140625 0.14537037037037037 0.2514973958333333
2 0.7602430555555555 0.4968315972222222 0.12860243055555554 0.09650607638888886
2 0.2572337962962963 0.35334201388888886 0.05317563657407409 0.06191406250000009
2 0.19581163194444445 0.3369357638888889 0.041326678240740766 0.043815104166666674
3 0.573509837962963 0.6487413194444445 0.1001302083333333 0.0747395833333333
2 0.8201967592592593 0.4477213541666667 0.09629629629629632 0.08433159722222228
2 0.27610677083333335 0.31119791666666663 0.04220196759259265 0.030186631944444375
2 0.3553747106481482 0.29225260416666665 0.045117187500000044 0.028363715277777812
3 0.647214988425926 0.5894965277777777 0.07259837962962967 0.04813368055555545
2 0.45613425925925927 0.27328559027777777 0.04706307870370374 0.027473958333333326
3 0.25679253472222224 0.5447916666666667 0.07366174768518519 0.05989583333333326
3 0.44110243055555554 0.32439236111111114 0.026504629629629628 0.019726562500000044
2 0.6517361111111111 0.3747829861111111 0.07259114583333348 0.04715711805555556
2 0.3945023148148148 0.28519965277777776 0.04411892361111103 0.025390625
3 0.20518663194444445 0.3901041666666667 0.04517505787037035 0.03617621527777781
3 0.49390190972222225 0.4498263888888889 0.050036168981481444 0.03346354166666665
3 0.3152199074074074 0.3060980902777778 0.028436053240740722 0.016883680555555558
3 0.23694299768518517 0.3231336805555556 0.03628472222222223 0.022113715277777724