2 0.220703125 0.5625 0.1455078125 0.173828125
2 0.146484375 0.3623046875 0.046875 0.046875
2 0.3154296875 0.2734375 0.056640625 0.041015625
2 0.2607421875 0.3388671875 0.0673828125 0.0576171875
2 0.4423828125 0.2607421875 0.0625 0.0419921875
2 0.78125 0.2392578125 0.0625 0.0341796875
2 0.708984375 0.2734375 0.087890625 0.0419921875
3 0.556640625 0.576171875 0.1064453125 0.0830078125
3 0.4814453125 0.6953125 0.109375 0.0830078125
2 0.357421875 0.259765625 0.0439453125 0.041015625
2 0.685546875 0.1953125 0.048828125 0.03125
3 0.486328125 0.419921875 0.0732421875 0.048828125
3 0.107421875 0.4423828125 0.0419921875 0.033203125
3 0.2138671875 0.375 0.041015625 0.025390625
2 0.0732421875 0.3408203125 0.0341796875 0.03125
3 0.3232421875 0.5126953125 0.0830078125 0.0703125
2 0.2548828125 0.259765625 0.046875 0.03125
2 0.0986328125 0.3232421875 0.033203125 0.029296875
3 0.4169921875 0.466796875 0.0732421875 0.0546875
3 0.3154296875 0.328125 0.0439453125 0.0283203125
3 0.158203125 0.4091796875 0.0419921875 0.0341796875
2 0.1279296875 0.3095703125 0.033203125 0.03125
3 0.396484375 0.28125 0.0361328125 0.0205078125
2 0.154296875 0.2919921875 0.029296875 0.0283203125
2 0.6220703125 0.1982421875 0.078125 0.0439453125
3 0.7841796875 0.357421875 0.037109375 0.025390625
3 0.626953125 0.5078125 0.068359375 0.056640625
3 0.359375 0.306640625 0.0361328125 0.0234375
2 0.705078125 0.4169921875 0.189453125 0.1923828125
3 0.1064453125 0.396484375 0.0361328125 0.03125
2 0.291015625 0.2421875 0.03125 0.0234375
3 0.271484375 0.3017578125 0.03125 0.017578125
2 0.8125 0.21875 0.048828125 0.0283203125
3 0.7626953125 0.384765625 0.03125 0.03125
3 0.1923828125 0.3408203125 0.0390625 0.0283203125
3 0.580078125 0.216796875 0.0439453125 0.029296875
3 0.0595703125 0.4736328125 0.0390625 0.041015625
3 0.7919921875 0.3310546875 0.0283203125 0.0185546875
3 0.8046875 0.318359375 0.0390625 0.0234375
3 0.064453125 0.427734375 0.041015625 0.041015625
3 0.0205078125 0.462890625 0.0341796875 0.029296875
3 0.017578125 0.5126953125 0.033203125 0.037109375