2 0.5266927083333333 0.6187499999999999 0.15319010416666679 0.12493489583333339
2 0.43020833333333336 0.6829427083333333 0.11731770833333333 0.08268229166666652
2 0.6697265625 0.7538411458333334 0.05501302083333348 0.03769531249999991
2 0.27024739583333335 0.7429036458333333 0.07799479166666667 0.047005208333333215
2 0.23001302083333333 0.7578776041666666 0.07467447916666664 0.04095052083333339
3 0.6824869791666667 0.5182942708333333 0.09824218749999991 0.07363281250000009
2 0.9307291666666666 0.37005208333333334 0.11041666666666661 0.21250000000000002
3 0.6074869791666666 0.5692057291666667 0.08320312499999982 0.052213541666666696
2 0.06145833333333334 0.7260416666666667 0.053841145833333326 0.034700520833333304
3 0.6241536458333333 0.6723307291666667 0.05989583333333326 0.03802083333333339
3 0.5630208333333333 0.691796875 0.05364583333333339 0.031770833333333304
3 0.7414713541666667 0.6193359375 0.07649739583333348 0.0537109375
2 0.5203776041666667 0.8164713541666666 0.0517578125 0.03261718750000009
3 0.32096354166666663 0.7178385416666666 0.04029947916666665 0.02115885416666652
3 0.25410156250000004 0.2788411458333333 0.13248697916666674 0.09147135416666674
3 0.8489583333333333 0.4048177083333333 0.08509114583333321 0.0805338541666667
2 0.6543619791666666 0.8224609375 0.03261718750000009 0.022591145833333215
3 0.4748046875 0.6466796875 0.06282552083333337 0.038216145833333215
3 0.5969401041666667 0.7715494791666666 0.03248697916666665 0.020638020833333215
3 0.5145833333333334 0.712109375 0.04570312500000018 0.029296875
3 0.6740885416666667 0.6442708333333333 0.057161458333333304 0.04075520833333335
3 0.4829427083333333 0.7305989583333333 0.04335937500000009 0.023307291666666563
3 0.3684895833333333 0.6817708333333334 0.04355468750000002 0.026236979166666785
3 0.3607421875 0.1947265625 0.13606770833333326 0.08684895833333334
3 0.9352213541666666 0.4939453125 0.06419270833333335 0.058723958333333326
3 0.12864583333333335 0.498046875 0.10214843750000002 0.05930989583333335
2 0.7320963541666667 0.7599609375 0.04915364583333348 0.03730468749999982
2 0.2879557291666667 0.7862630208333333 0.06178385416666665 0.03717447916666661
2 0.13645833333333335 0.733984375 0.03932291666666665 0.035677083333333304
3 0.6263020833333333 0.7578125 0.03750000000000009 0.022916666666666696
3 0.11106770833333333 0.541015625 0.084375 0.055208333333333304
2 0.42408854166666665 0.8188802083333333 0.06282552083333326 0.038216145833333215
2 0.628125 0.7893229166666667 0.04388020833333339 0.031119791666666785
3 0.5679036458333333 0.7804036458333333 0.03424479166666661 0.017838541666666652
3 0.34739583333333335 0.70390625 0.03411458333333339 0.015885416666666652
3 0.8737630208333333 0.5182942708333333 0.0708333333333333 0.05624999999999991
3 0.3077473958333333 0.7248046875 0.04355468750000002 0.026236979166666785
3 0.15872395833333333 0.444140625 0.12200520833333334 0.080078125
3 0.4266276041666667 0.7366536458333333 0.042447916666666696 0.024218750000000178
3 0.1857421875 0.36256510416666665 0.12812500000000004 0.08437499999999998
2 0.17044270833333333 0.7833333333333333 0.0537109375 0.032747395833333304
3 0.10572916666666667 0.576953125 0.05690104166666668 0.03684895833333335
3 0.09114583333333333 0.6044270833333334 0.03854166666666667 0.023958333333333304
3 0.08203125 0.6234375 0.022851562500000006 0.021940104166666696
3 0.076953125 0.6407552083333333 0.026757812500000006 0.022200520833333348
3 0.07115885416666667 0.6541015625 0.021549479166666663 0.01699218750000009
3 0.39134114583333335 0.7509765625 0.022721354166666652 0.019986979166666696
3 0.7902994791666667 0.6961588541666667 0.04746093749999991 0.0556640625
3 0.8322265625 0.6705078125 0.05084635416666661 0.06269531250000004
3 0.8800130208333334 0.6452473958333333 0.05332031249999991 0.05605468750000009
3 0.9216145833333333 0.6244791666666667 0.04615885416666665 0.06529947916666679
3 0.8184244791666666 0.5832682291666667 0.07460937500000009 0.06914062499999996
2 0.7729166666666667 0.48606770833333335 0.1322916666666667 0.20520833333333321