2 0.9086082175925927 0.4033203125 0.13449797453703694 0.1455078125
2 0.3354094328703704 0.4794921875 0.17990451388888884 0.1171875
2 0.8263816550925926 0.4560546875 0.13995225694444446 0.1376953125
2 0.4111545138888889 0.3017578125 0.2505425347222221 0.1611328125
2 0.6919343171296297 0.5751953125 0.13294270833333321 0.0966796875
2 0.7593098958333333 0.5185546875 0.1279947916666666 0.1142578125
2 0.5975188078703704 0.6376953125 0.12133969907407405 0.080078125
2 0.1168113425925926 0.482421875 0.08136574074074071 0.0625
2 0.1012008101851852 0.595703125 0.056712962962962965 0.0390625
2 0.16827256944444444 0.533203125 0.09153645833333335 0.0703125
2 0.5294849537037036 0.681640625 0.09668692129629619 0.056640625
2 0.9609628182870371 0.333984375 0.07807436342592577 0.138671875
2 0.8554759837962963 0.7158203125 0.04654224537037033 0.03125
2 0.4820746527777777 0.708984375 0.09057436342592595 0.0517578125
2 0.3060908564814815 0.5732421875 0.14831452546296298 0.091796875
2 0.9790382667824074 0.5703125 0.0419234664351853 0.064453125
2 0.05846354166666667 0.5625 0.05418836805555556 0.046875
2 0.8621527777777778 0.65625 0.05891927083333326 0.0439453125
2 0.9075593171296297 0.6279296875 0.06508246527777795 0.0498046875
2 0.9459707754629629 0.671875 0.042889178240740566 0.0361328125
3 0.39273003472222223 0.3984375 0.10798611111111112 0.0673828125
2 0.7780454282407407 0.748046875 0.03744936342592586 0.025390625
3 0.33038194444444446 0.533203125 0.09838686342592595 0.0517578125
2 0.7112485532407408 0.7216796875 0.06437355324074079 0.0361328125
2 0.16042390046296298 0.6455078125 0.056712962962962965 0.0390625
2 0.2842086226851852 0.6220703125 0.10624999999999996 0.052734375
2 0.26943721064814813 0.7138671875 0.06108940972222221 0.029296875
2 0.33268229166666663 0.7470703125 0.05112123842592586 0.025390625
2 0.13366608796296298 0.619140625 0.04556568287037033 0.03125
2 0.8987630208333333 0.703125 0.03862847222222232 0.029296875
3 0.6384620949074074 0.5986328125 0.046643518518518334 0.033203125
2 0.5343967013888888 0.7763671875 0.05019531250000009 0.0263671875
2 0.43929398148148147 0.7314453125 0.07526765046296302 0.0390625
2 0.29759114583333335 0.7294921875 0.05112123842592586 0.025390625
2 0.6156177662037037 0.7607421875 0.06231915509259256 0.0341796875
3 0.5122468171296296 0.1796875 0.17118055555555567 0.099609375
2 0.20157696759259258 0.6669921875 0.05450665509259256 0.0341796875
2 0.48653067129629635 0.794921875 0.032212094907407396 0.0185546875
2 0.46026475694444446 0.796875 0.032212094907407396 0.0185546875
2 0.9357060185185185 0.71875 0.029636863425925863 0.025390625
2 0.9933412905092592 0.681640625 0.013317418981481532 0.03125
3 0.5524811921296297 0.654296875 0.05337818287037033 0.03125
2 0.32361111111111107 0.779296875 0.04330873842592586 0.025390625
2 0.748683449074074 0.765625 0.03822337962962963 0.021484375
3 0.7493489583333334 0.703125 0.04017650462962963 0.021484375
3 0.790379050925926 0.6845703125 0.03724681712962963 0.021484375
3 0.9478804976851851 0.595703125 0.032718460648148096 0.0283203125
3 0.8317129629629629 0.671875 0.042484085648148096 0.0283203125
3 0.6729962384259259 0.7373046875 0.05117187500000009 0.0263671875