2 0.4926866319444444 0.20607638888888888 0.06529224537037037 0.059982638888888884
2 0.6338252314814815 0.43135850694444444 0.1304036458333333 0.17362557870370376
2 0.15788483796296296 0.4980613425925926 0.15579427083333336 0.17494212962962963
2 0.4518012152777778 0.6128038194444445 0.17072482638888886 0.2606119791666668
2 0.8750217013888889 0.2859375 0.07342303240740744 0.08187210648148147
2 0.7719039351851852 0.25219184027777775 0.06061197916666661 0.07340133101851853
2 0.7208912037037036 0.23919994212962964 0.06061197916666661 0.07340133101851853
2 0.43368055555555557 0.37918836805555556 0.1489438657407408 0.17361111111111116
2 0.26058304398148147 0.3715494791666667 0.13443287037037033 0.116261574074074
2 0.5553168402777777 0.21162471064814814 0.060380497685185386 0.057776331018518534
2 0.8445601851851852 0.6706235532407407 0.15802951388888875 0.25995370370370363
3 0.5252387152777778 0.4242838541666667 0.09194878472222223 0.08088107638888897
3 0.34184751157407406 0.5794126157407407 0.10099826388888888 0.09891493055555545
3 0.728342013888889 0.4782552083333333 0.09522569444444429 0.1044704861111111
3 0.7166304976851852 0.6772569444444444 0.10360243055555562 0.14296151620370368
3 0.34204282407407405 0.39469039351851853 0.06535011574074079 0.06388888888888888
2 0.6660445601851852 0.23129340277777777 0.060380497685185164 0.057776331018518534
3 0.825245949074074 0.2904730902777778 0.03461371527777768 0.03106915509259256
3 0.58828125 0.6555700231481482 0.12715567129629624 0.15198929398148153
2 0.9043113425925926 0.4818359375 0.12582465277777777 0.1938802083333333
3 0.23768084490740743 0.5408347800925926 0.08509837962962963 0.0795500578703705
2 0.9715096932870371 0.5269675925925926 0.05698061342592586 0.14884982638888888
2 0.9606770833333333 0.32840711805555556 0.060496238425926 0.06558883101851853
3 0.8226273148148149 0.5095269097222221 0.07947048611111107 0.09487123842592604
3 0.9175781249999999 0.3218460648148148 0.028783275462962887 0.032718460648148096
3 0.920435474537037 0.7126229745370369 0.07688802083333335 0.11815682870370381
3 0.9761555989583333 0.7191984953703704 0.04768880208333348 0.13580005787037042
3 0.6006148726851852 0.23468605324074074 0.053616898148148184 0.06230468750000001