2 0.30598958333333337 0.4331597222222222 0.1298611111111112 0.09652777777777777
2 0.3735170717592593 0.3778862847222222 0.11903211805555558 0.07580295138888893
2 0.8125940393518518 0.587131076388889 0.12079716435185173 0.1850911458333333
2 0.23856336805555556 0.49038628472222223 0.14383680555555556 0.10269097222222223
2 0.801027199074074 0.32634548611111114 0.06331741898148158 0.07358940972222228
2 0.6610532407407408 0.28546006944444446 0.07909432870370381 0.07686631944444444
2 0.9184027777777778 0.6101996527777778 0.10877459490740748 0.17897135416666665
2 0.7326822916666667 0.30928819444444444 0.07924623842592604 0.07979600694444444
2 0.49855324074074076 0.2626736111111111 0.07890625000000007 0.05442708333333335
2 0.9138093171296295 0.37076822916666663 0.07143373842592604 0.0796223958333333
2 0.45149739583333337 0.29793836805555557 0.11564670138888888 0.06694878472222221
2 0.6930121527777777 0.43042534722222225 0.16902488425925943 0.09934895833333335
2 0.14195601851851852 0.6636284722222222 0.15345775462962963 0.15655381944444446
2 0.4102502893518518 0.33209635416666666 0.10439814814814818 0.056944444444444464
2 0.5900318287037037 0.27335069444444443 0.06210214120370372 0.050151909722222276
2 0.859302662037037 0.3377604166666667 0.06835214120370381 0.0766276041666667
2 0.973509837962963 0.6369574652777779 0.05298032407407405 0.15993923611111116
2 0.9917371961805556 0.4117838541666667 0.016525607638888884 0.07406684027777777
2 0.9730305989583333 0.40264756944444446 0.05393880208333335 0.06664496527777786
3 0.20754484953703706 0.5898220486111111 0.1108000578703704 0.08634982638888888
3 0.0998263888888889 0.7750434027777777 0.08803530092592593 0.07999131944444438
3 0.699291087962963 0.8154947916666666 0.14558738425925943 0.09882812499999982