2 0.3466796875 0.34375 0.1123046875 0.0888671875
2 0.2890625 0.4951171875 0.1533203125 0.142578125
2 0.5830078125 0.4375 0.1201171875 0.1357421875
2 0.6171875 0.689453125 0.189453125 0.302734375
2 0.4970703125 0.595703125 0.1640625 0.166015625
2 0.6845703125 0.283203125 0.0546875 0.052734375
2 0.6923828125 0.482421875 0.095703125 0.1376953125
2 0.2138671875 0.453125 0.1328125 0.126953125
2 0.734375 0.3017578125 0.060546875 0.064453125
2 0.802734375 0.3310546875 0.0654296875 0.0703125
2 0.4169921875 0.3671875 0.1044921875 0.09375
2 0.287109375 0.3154296875 0.095703125 0.0703125
2 0.4794921875 0.201171875 0.095703125 0.0673828125
2 0.626953125 0.2529296875 0.064453125 0.0654296875
3 0.3876953125 0.568359375 0.0908203125 0.076171875
2 0.107421875 0.3798828125 0.09375 0.087890625
2 0.3671875 0.2001953125 0.0625 0.041015625
2 0.529296875 0.228515625 0.056640625 0.0439453125
3 0.5078125 0.3984375 0.0703125 0.068359375
2 0.796875 0.533203125 0.1064453125 0.1533203125
2 0.7548828125 0.7421875 0.1328125 0.234375
2 0.6826171875 0.1923828125 0.03125 0.0283203125
2 0.591796875 0.1689453125 0.037109375 0.029296875
3 0.568359375 0.251953125 0.0341796875 0.03125
3 0.140625 0.4091796875 0.0517578125 0.0390625
3 0.244140625 0.298828125 0.041015625 0.0283203125
2 0.71875 0.2060546875 0.03125 0.0283203125
3 0.1513671875 0.451171875 0.0439453125 0.041015625
3 0.068359375 0.349609375 0.041015625 0.025390625
3 0.412109375 0.216796875 0.0439453125 0.041015625