2 0.8586154513888888 0.3701171875 0.08933738425925908 0.09497974537037035
2 0.7898943865740742 0.3364800347222222 0.09487123842592604 0.0864076967592593
2 0.5445601851851852 0.5509259259259259 0.21542245370370372 0.20789930555555558
2 0.7689887152777778 0.27369068287037035 0.08514178240740744 0.06069155092592593
2 0.7156756365740741 0.3128255208333333 0.08239293981481488 0.06546585648148151
2 0.45601851851851855 0.4837962962962963 0.1830512152777778 0.15013744212962976
2 0.7401620370370371 0.7627314814814814 0.18135127314814814 0.18323206018518512
2 0.23231336805555558 0.6485460069444444 0.24667245370370372 0.20905671296296302
2 0.6569010416666667 0.2837094907407407 0.09020543981481488 0.06575520833333326
2 0.21292679398148148 0.5475622106481481 0.18127893518518517 0.12861689814814814
2 0.3197699652777778 0.739185474537037 0.28682002314814814 0.23980034722222232
2 0.19285300925925927 0.4808304398148148 0.15183738425925924 0.09729456018518523
2 0.3911313657407407 0.4216579861111111 0.14713541666666674 0.12832754629629628
2 0.9174623842592593 0.2691695601851852 0.04636863425925908 0.04072627314814814
2 0.31810619212962965 0.3510199652777778 0.14095052083333326 0.09299045138888884
2 0.8012514467592593 0.22066695601851852 0.05797887731481488 0.03823061342592593
2 0.8878761574074074 0.23603877314814814 0.03515625 0.02763310185185186
2 0.8579644097222223 0.2205222800925926 0.04322193287037024 0.03475839120370372
2 0.5993561921296297 0.26139322916666663 0.08308015046296302 0.05768952546296302
2 0.17118778935185186 0.39753327546296297 0.10894097222222221 0.07132523148148151
3 0.6214554398148149 0.6732494212962963 0.11762152777777768 0.09505208333333326
2 0.9200303819444444 0.41771556712962965 0.08412905092592604 0.1123408564814814
2 0.17567274305555555 0.4394169560185185 0.13277633101851855 0.08293547453703698
2 0.5736038773148148 0.1997612847222222 0.06973379629629628 0.03964120370370372
2 0.5279947916666666 0.23567708333333331 0.07790798611111116 0.04969618055555558
2 0.42118778935185186 0.8107277199074074 0.2104673032407407 0.12677228009259256
2 0.34787326388888884 0.38903356481481477 0.16022858796296302 0.11320891203703698
2 0.15596064814814814 0.3560474537037037 0.09096498842592593 0.05993200231481488
2 0.44303385416666663 0.21242042824074076 0.0668764467592593 0.0414858217592593
2 0.490306712962963 0.22142650462962965 0.07002314814814814 0.04745370370370372
2 0.7008101851851851 0.17549189814814814 0.04607928240740744 0.03291377314814814
2 0.36212384259259256 0.1929253472222222 0.05389178240740744 0.033203125
3 0.7197627314814815 0.2647569444444444 0.03982204861111116 0.0219545717592593
3 0.6769386574074074 0.24385127314814814 0.03493923611111116 0.02177372685185186
2 0.8219039351851851 0.17100694444444445 0.029188368055555358 0.024486400462962965
2 0.6580946180555556 0.15751591435185186 0.04296875 0.02792245370370372
2 0.40057146990740744 0.20128038194444445 0.05787037037037046 0.03530092592592593
2 0.42900028935185186 0.1767578125 0.04600694444444442 0.03096064814814814
2 0.7776331018518519 0.1638454861111111 0.04600694444444442 0.03096064814814814
2 0.9096498842592593 0.21665219907407407 0.02911603009259256 0.022533275462962965
2 0.4740306712962963 0.17802372685185186 0.06188512731481488 0.03837528935185186
2 0.23900462962962962 0.2747395833333333 0.0740017361111111 0.04955150462962965
2 0.9415509259259259 0.23307291666666666 0.0321903935185186 0.026548032407407385
3 0.5572193287037037 0.25904224537037035 0.04217303240740744 0.03276909722222221
2 0.4687861689814815 0.1420355902777778 0.04962384259259256 0.02329282407407407
2 0.2767288773148148 0.28996672453703703 0.08611834490740744 0.06072771990740744
2 0.7345558449074074 0.1889105902777778 0.05338541666666652 0.04586226851851849
3 0.6421802662037037 0.2294921875 0.03497540509259256 0.02275028935185186
2 0.3070384837962963 0.18420862268518517 0.04803240740740744 0.032986111111111105
3 0.8867549189814815 0.3377821180555556 0.06550202546296302 0.03070746527777768
3 0.8309100115740741 0.3085575810185185 0.0380859375 0.02774160879629628
3 0.5998987268518519 0.22323495370370372 0.0321903935185186 0.02654803240740744
3 0.5206163194444444 0.1948784722222222 0.03193721064814814 0.01971209490740744
3 0.763744212962963 0.21129918981481483 0.0400028935185186 0.0268373842592593
3 0.8808955439814815 0.2587890625 0.03815827546296302 0.02969473379629628
3 0.8441116898148149 0.24254918981481483 0.03399884259259256 0.02271412037037035