2 0.34781539351851853 0.32569444444444445 0.1654875578703704 0.21696325231481484
2 0.44255642361111114 0.7032045717592592 0.07129629629629619 0.05714699074074092
2 0.19421296296296298 0.6203414351851853 0.09934895833333335 0.07102141203703694
3 0.2894241898148148 0.4609519675925926 0.08316695601851853 0.060163483796296324
2 0.5563295717592592 0.7323567708333334 0.06257233796296302 0.039510995370370505
3 0.4624204282407407 0.5403284143518519 0.06770833333333326 0.044429976851851904
3 0.385402199074074 0.504615162037037 0.07597656249999996 0.0532769097222221
2 0.8432581018518519 0.6368634259259259 0.10325520833333313 0.07105034722222214
2 0.9821831597222221 0.6379340277777777 0.03563368055555571 0.03744212962962967
3 0.4673828125 0.3724609375 0.10253182870370359 0.07592592592592595
2 0.5836082175925926 0.6183449074074074 0.13546730324074074 0.08983651620370381
3 0.6544921875 0.4792751736111111 0.07777777777777795 0.050361689814814814
2 0.9125144675925926 0.6734953703703703 0.04864728009259256 0.034526909722222054
3 0.7123842592592593 0.52265625 0.05881799768518503 0.0424117476851853
3 0.21395399305555557 0.4174406828703704 0.07380642361111112 0.0679036458333333
3 0.5688512731481481 0.42787905092592593 0.08707320601851842 0.06019241898148153
3 0.5354311342592593 0.5740596064814815 0.05378327546296302 0.039445891203703676
2 0.8011935763888889 0.7292896412037038 0.06493055555555549 0.04733796296296289
3 0.7524956597222222 0.5620008680555555 0.05060040509259256 0.03454137731481488
3 0.7879412615740741 0.586668113425926 0.04068287037037033 0.03153935185185186
3 0.34642650462962965 0.6566116898148148 0.04253472222222221 0.029600694444444464
2 0.23447627314814817 0.267259837962963 0.11691984953703705 0.14631799768518516
2 0.7290653935185185 0.7502314814814814 0.06149450231481479 0.03755063657407409
3 0.4843967013888889 0.7005859375 0.027430555555555625 0.020703125000000044
3 0.5191840277777777 0.7125578703703703 0.029130497685185386 0.01583478009259265
3 0.6911675347222223 0.6406177662037037 0.04212962962962963 0.021788194444444464
3 0.28877314814814814 0.6366608796296296 0.04238281249999998 0.026671006944444464
3 0.8174262152777778 0.6093388310185185 0.03832465277777786 0.023712384259259256
3 0.947533275462963 0.6522786458333334 0.03246527777777786 0.023668981481481666
3 0.3939597800925926 0.669654224537037 0.03441840277777786 0.023683449074074048
3 0.7241536458333333 0.6555049189814814 0.03509114583333339 0.01783130787037024
3 0.7637731481481481 0.6665364583333333 0.04212962962962963 0.021788194444444464
3 0.8820240162037036 0.6879123263888889 0.038172743055555625 0.020782696759259256
3 0.6740596064814814 0.7625144675925926 0.04320746527777786 0.023748553240740655
3 0.6723741319444445 0.6170500578703704 0.05060040509259256 0.03454137731481488