2 0.680859375 0.6485026041666666 0.07500000000000018 0.07343749999999982
2 0.3109375 0.6238064236111112 0.08684895833333339 0.06130642361111116
2 0.8882161458333333 0.35034722222222225 0.13398437500000004 0.1695312499999999
2 0.20924479166666665 0.552907986111111 0.08847656250000002 0.07111545138888875
2 0.9606770833333333 0.31221788194444444 0.0786458333333333 0.15761718749999998
2 0.8486328125 0.5940321180555556 0.07239583333333321 0.07819010416666661
2 0.9498697916666667 0.5405598958333333 0.07747395833333348 0.08133680555555545
2 0.6220052083333333 0.6618923611111112 0.07591145833333335 0.05789930555555545
3 0.7284505208333333 0.6130859375 0.0439453125 0.031163194444444375
3 0.7861328125 0.5968098958333333 0.041145833333333215 0.03298611111111116
2 0.9893229166666666 0.5144748263888889 0.021354166666666785 0.05907118055555549
3 0.5927083333333334 0.45750868055555555 0.08177083333333313 0.05815972222222221
3 0.6841796875 0.4191623263888889 0.0922526041666667 0.0693359375
3 0.7777994791666667 0.3836588541666667 0.0991536458333333 0.08522135416666665
3 0.8930989583333333 0.5558159722222222 0.04134114583333348 0.03591579861111116
3 0.16217447916666666 0.4786024305555555 0.06848958333333333 0.06341145833333339
3 0.2703776041666667 0.5736979166666667 0.04908854166666665 0.035286458333333215
3 0.5097005208333334 0.6668836805555556 0.04550781249999991 0.025390625
3 0.07864583333333333 0.3275607638888889 0.07792968750000001 0.07356770833333337
3 0.43867187500000004 0.6592664930555556 0.05364583333333339 0.030620659722222054
3 0.11009114583333332 0.4025607638888889 0.07988281250000001 0.07365451388888888
3 0.37135416666666665 0.6338541666666666 0.04062499999999991 0.02517361111111116
3 0.5708333333333333 0.6582899305555555 0.03847656250000009 0.022157118055555536
3 0.04772135416666666 0.23098958333333333 0.06985677083333333 0.08391927083333334
3 0.484375 0.30169270833333334 0.11822916666666661 0.1376736111111111
3 0.49635416666666665 0.15815972222222222 0.1572916666666666 0.11019965277777777