2 0.7817129629629629 0.29075520833333335 0.08187210648148158 0.06173321759259265
2 0.4741174768518519 0.5175419560185186 0.1840856481481481 0.15109953703703694
2 0.8045717592592592 0.5351273148148148 0.15036892361111098 0.16621817129629624
2 0.9020688657407407 0.5970920138888889 0.1441406249999999 0.18662471064814823
2 0.7115813078703703 0.4605396412037037 0.14789496527777768 0.14861111111111103
2 0.5522931134259259 0.6192418981481481 0.2109519675925926 0.20128038194444442
2 0.6803313078703703 0.7236328125 0.21997974537037024 0.24241174768518525
2 0.62109375 0.40453559027777775 0.13852719907407418 0.1289496527777778
2 0.6353443287037037 0.29249131944444445 0.11746238425925926 0.07690248842592595
2 0.5433883101851852 0.3516493055555555 0.13935908564814814 0.12408130787037042
2 0.3931351273148148 0.45289351851851856 0.14906684027777772 0.12227285879629624
2 0.8990017361111111 0.3617983217592593 0.07230902777777781 0.06842447916666661
2 0.23040364583333334 0.2318287037037037 0.045160590277777746 0.041666666666666685
2 0.18899016203703706 0.25073784722222225 0.04524739583333337 0.04459635416666674
2 0.6659505208333333 0.23828125 0.06974826388888888 0.04788773148148151
2 0.8120659722222223 0.7880570023148148 0.1800781250000001 0.21351273148148153
2 0.6138165509259259 0.2248191550925926 0.07667100694444451 0.05091869212962963
2 0.43914207175925923 0.16073495370370372 0.05371817129629619 0.033984374999999956
2 0.2737702546296297 0.21294849537037036 0.05785590277777786 0.04185474537037037
2 0.8344545717592593 0.3247251157407407 0.06429398148148158 0.061472800925926
2 0.32299623842592595 0.1941550925925926 0.0478877314814814 0.03487413194444444
2 0.7212745949074074 0.26057581018518516 0.08155381944444451 0.05099103009259265
2 0.9565755208333333 0.6868995949074075 0.08684895833333339 0.2222366898148147
2 0.13603153935185186 0.27533275462962964 0.04625289351851852 0.045587384259259234
2 0.3926142939814815 0.17175925925925928 0.044871238425926 0.03190104166666663
2 0.912232349537037 0.8412760416666667 0.12200520833333339 0.09844473379629637
2 0.750853587962963 0.23758680555555556 0.05403645833333326 0.044726562499999956
2 0.5497902199074074 0.20532407407407408 0.0854311342592593 0.050072337962962954
2 0.9909197771990741 0.3300419560185185 0.018160445601851816 0.04433593750000009
2 0.3617693865740741 0.18496817129629628 0.04176793981481475 0.02599826388888893
2 0.9788917824074075 0.8590494791666667 0.04221643518518503 0.05762442129629619