2 0.6453993055555556 0.6841290509259259 0.0849247685185186 0.06661603009259265
2 0.49623842592592593 0.4013382523148148 0.12814670138888884 0.18919270833333335
2 0.3999565972222222 0.5397135416666666 0.11046006944444442 0.12162181712962972
2 0.6335358796296297 0.39555121527777776 0.16521990740740744 0.20242332175925926
2 0.25947627314814814 0.5356770833333333 0.11979166666666663 0.11590711805555554
2 0.7078269675925926 0.6596354166666667 0.07508680555555558 0.06549479166666661
2 0.18232783564814814 0.5345341435185185 0.09125434027777779 0.11255787037037024
2 0.4477719907407407 0.7124855324074074 0.06163194444444442 0.06822193287037037
2 0.2926070601851852 0.6955222800925926 0.05620659722222221 0.04765625000000018
2 0.841724537037037 0.5941623263888889 0.06188512731481488 0.058470775462962976
2 0.3389756944444444 0.703052662037037 0.05606192129629628 0.04570312500000018
2 0.12915943287037038 0.5396122685185185 0.07783564814814814 0.07626591435185182
2 0.14861834490740738 0.6728587962962963 0.05230034722222221 0.04759837962962954
2 0.038628472222222224 0.6399450231481482 0.05291521990740741 0.04273003472222214
3 0.38371672453703703 0.3498119212962963 0.11628327546296291 0.13438946759259263
2 0.2131076388888889 0.6865234375 0.060546875 0.05357349537037037
2 0.08163339120370369 0.6532913773148148 0.031611689814814825 0.03168402777777768
3 0.5119357638888888 0.6909505208333333 0.04759837962962976 0.036798321759259345
2 0.10763888888888888 0.6585648148148149 0.03392650462962962 0.03659577546296289
2 0.7714482060185185 0.6322265625000001 0.07049334490740744 0.06932870370370381
2 0.08199508101851852 0.5428240740740741 0.06434461805555555 0.06533564814814818
3 0.5731336805555556 0.6830584490740741 0.05233651620370372 0.03491753472222214
2 0.036241319444444434 0.5401909722222222 0.06575520833333334 0.07120949074074079
2 0.013364438657407406 0.633666087962963 0.02672887731481481 0.03656684027777768
3 0.9205729166666666 0.5327618634259259 0.08025896990740744 0.06947337962962963
3 0.2529658564814815 0.6763599537037037 0.04904513888888884 0.029991319444444553
3 0.17918113425925924 0.6694010416666667 0.04503038194444442 0.04163773148148131