2 0.220703125 0.44892216435185184 0.0859375 0.11485098379629632
2 0.8125 0.5924334490740741 0.1845703125 0.1431640624999999
2 0.296875 0.4072337962962963 0.091796875 0.10135271990740735
2 0.3642578125 0.3721209490740741 0.0966796875 0.09075520833333339
2 0.072265625 0.5285083912037037 0.103515625 0.12025462962962963
2 0.4375 0.35378327546296295 0.095703125 0.08584346064814818
2 0.9033203125 0.4593822337962963 0.1123046875 0.09121817129629628
2 0.8466796875 0.5328993055555555 0.150390625 0.11090133101851851
2 0.587890625 0.30355179398148147 0.0810546875 0.05513599537037028
2 0.501953125 0.32932581018518514 0.087890625 0.06315104166666674
3 0.158203125 0.49199218749999996 0.068359375 0.06745515046296302
3 0.7080078125 0.6537905092592593 0.115234375 0.0864221643518519
2 0.0234375 0.5690538194444444 0.046875 0.10881076388888888
2 0.9111328125 0.3297309027777777 0.068359375 0.04890046296296302
2 0.7138671875 0.23990162037037036 0.0390625 0.032407407407407385
2 0.779296875 0.23598090277777778 0.048828125 0.0346498842592593
2 0.7939453125 0.21883680555555557 0.0283203125 0.024276620370370372
3 0.552734375 0.3269241898148148 0.0517578125 0.045478877314814814
3 0.8486328125 0.48315248842592595 0.072265625 0.03632089120370363