2 0.7921730324074074 0.6196614583333333 0.09309895833333348 0.11623263888888902
2 0.4547526041666667 0.7577907986111111 0.08091001157407407 0.07693142361111116
2 0.5631148726851851 0.6820095486111111 0.09993489583333348 0.11638454861111125
2 0.7466001157407407 0.24040798611111114 0.15802228009259256 0.20939670138888888
2 0.7105758101851851 0.7116753472222221 0.0732060185185186 0.07968749999999991
2 0.2816478587962963 0.7080078125 0.11273871527777779 0.09325086805555549
2 0.3960865162037037 0.8376085069444444 0.05038339120370372 0.04307725694444442
3 0.6408058449074074 0.6426866319444444 0.07584635416666652 0.07194010416666652
3 0.4146773726851852 0.6787109375 0.06141493055555558 0.051128472222222276
3 0.4865089699074074 0.6656467013888889 0.06752748842592593 0.05809461805555571
2 0.2240306712962963 0.7067274305555555 0.07779947916666669 0.07198350694444455
3 0.7199074074074074 0.6180555555555556 0.06304253472222232 0.06872829861111107
2 0.35514322916666663 0.8347439236111112 0.03718171296296302 0.02912326388888875
3 0.34403935185185186 0.6859375 0.06948061342592593 0.058138020833333304
3 0.6489438657407407 0.7132378472222223 0.05935329861111116 0.048155381944444464
3 0.40436921296296297 0.7459201388888889 0.04058159722222221 0.04188368055555558
3 0.8393373842592593 0.19066840277777777 0.0712528935185186 0.07964409722222221
3 0.9249855324074074 0.200390625 0.08336950231481488 0.09064670138888886
3 0.5180844907407407 0.73671875 0.0624638310185186 0.05310329861111107
3 0.851634837962963 0.5711371527777778 0.0684317129629628 0.08250868055555549
3 0.9021267361111112 0.5536892361111111 0.06022135416666652 0.07159288194444446