2 0.71875 0.4580078125 0.0888671875 0.1171875
2 0.494140625 0.380859375 0.1044921875 0.0986328125
3 0.630859375 0.4580078125 0.080078125 0.052734375
2 0.423828125 0.369140625 0.09375 0.080078125
2 0.806640625 0.484375 0.095703125 0.1513671875
2 0.197265625 0.318359375 0.087890625 0.0625
2 0.138671875 0.314453125 0.068359375 0.046875
3 0.5498046875 0.431640625 0.0810546875 0.0517578125
2 0.880859375 0.5283203125 0.0732421875 0.0966796875
2 0.974609375 0.791015625 0.0498046875 0.1064453125
2 0.2548828125 0.326171875 0.0830078125 0.0673828125
2 0.939453125 0.556640625 0.0810546875 0.119140625
2 0.0234375 0.52734375 0.046875 0.076171875
3 0.3671875 0.3720703125 0.0498046875 0.0419921875
2 0.2939453125 0.3359375 0.068359375 0.068359375
2 0.095703125 0.302734375 0.060546875 0.041015625
2 0.9853515625 0.564453125 0.029296875 0.12109375
2 0.3486328125 0.341796875 0.0498046875 0.0625