2 0.244140625 0.2841796875 0.0419921875 0.03125
2 0.759765625 0.34375 0.1044921875 0.0654296875
3 0.2734375 0.5625 0.0751953125 0.0595703125
3 0.3466796875 0.513671875 0.0732421875 0.056640625
3 0.482421875 0.625 0.0966796875 0.0732421875
3 0.171875 0.419921875 0.041015625 0.029296875
3 0.6123046875 0.4951171875 0.0625 0.0439453125
3 0.3955078125 0.703125 0.0986328125 0.0810546875
3 0.4794921875 0.427734375 0.052734375 0.033203125
3 0.5546875 0.5498046875 0.0810546875 0.0595703125
3 0.4091796875 0.462890625 0.0595703125 0.0390625
3 0.5625 0.369140625 0.0419921875 0.0283203125
3 0.5205078125 0.3955078125 0.046875 0.03125
3 0.6640625 0.4560546875 0.0498046875 0.0361328125
3 0.220703125 0.3955078125 0.041015625 0.029296875
3 0.6875 0.421875 0.0390625 0.0283203125
3 0.3486328125 0.326171875 0.0341796875 0.017578125
3 0.2607421875 0.369140625 0.0390625 0.0283203125
3 0.712890625 0.392578125 0.0361328125 0.0234375
3 0.1201171875 0.455078125 0.041015625 0.03125
3 0.609375 0.3486328125 0.041015625 0.025390625
2 0.322265625 0.2529296875 0.0390625 0.0283203125
3 0.275390625 0.28125 0.0234375 0.015625
3 0.427734375 0.296875 0.0341796875 0.0185546875
3 0.3046875 0.3466796875 0.037109375 0.021484375
3 0.384765625 0.310546875 0.03125 0.015625
3 0.9814453125 0.6298828125 0.037109375 0.044921875
3 0.7314453125 0.369140625 0.0341796875 0.0283203125
2 0.3515625 0.244140625 0.041015625 0.0263671875
3 0.1875 0.3154296875 0.0263671875 0.017578125
3 0.9638671875 0.509765625 0.0361328125 0.033203125
3 0.9638671875 0.4736328125 0.029296875 0.0283203125
3 0.9814453125 0.712890625 0.037109375 0.052734375
3 0.458984375 0.287109375 0.03125 0.015625
3 0.2109375 0.2998046875 0.025390625 0.015625
3 0.9736328125 0.8076171875 0.052734375 0.064453125
3 0.9638671875 0.4482421875 0.0283203125 0.0283203125
3 0.349609375 0.298828125 0.03125 0.013671875
3 0.6513671875 0.322265625 0.0390625 0.0390625
3 0.6845703125 0.3076171875 0.0234375 0.0361328125
3 0.9609375 0.5576171875 0.0498046875 0.0517578125
3 0.146484375 0.390625 0.0517578125 0.029296875
3 0.1904296875 0.369140625 0.0546875 0.025390625
3 0.2314453125 0.3466796875 0.048828125 0.0361328125
3 0.271484375 0.328125 0.033203125 0.033203125
3 0.3095703125 0.310546875 0.03125 0.025390625
3 0.376953125 0.287109375 0.025390625 0.015625
2 0.029296875 0.3564453125 0.0419921875 0.044921875