2 0.3388671875 0.4609375 0.1513671875 0.0810546875
2 0.3935546875 0.333984375 0.1171875 0.060546875
2 0.2236328125 0.8408203125 0.240234375 0.072265625
3 0.3095703125 0.6376953125 0.1376953125 0.0859375
3 0.328125 0.544921875 0.1201171875 0.0703125
3 0.275390625 0.759765625 0.1533203125 0.0986328125
3 0.689453125 0.423828125 0.083984375 0.041015625
3 0.111328125 0.6171875 0.087890625 0.052734375
3 0.7392578125 0.5390625 0.126953125 0.0703125
3 0.791015625 0.6298828125 0.1279296875 0.072265625
2 0.021484375 0.484375 0.0419921875 0.0546875
3 0.3798828125 0.3935546875 0.0830078125 0.046875
3 0.7138671875 0.4716796875 0.115234375 0.0595703125
2 0.2158203125 0.3984375 0.0654296875 0.044921875
3 0.810546875 0.7421875 0.1357421875 0.0888671875
3 0.0556640625 0.708984375 0.111328125 0.123046875
3 0.9501953125 0.6015625 0.076171875 0.0830078125
3 0.908203125 0.53125 0.076171875 0.0810546875
3 0.857421875 0.4716796875 0.0810546875 0.060546875
3 0.826171875 0.4248046875 0.076171875 0.056640625
3 0.783203125 0.3876953125 0.064453125 0.0419921875
3 0.6611328125 0.3828125 0.0859375 0.046875
3 0.6435546875 0.3515625 0.0673828125 0.041015625
3 0.6279296875 0.326171875 0.0576171875 0.03125
3 0.611328125 0.3076171875 0.046875 0.0205078125
3 0.1845703125 0.4873046875 0.0908203125 0.0654296875
3 0.208984375 0.4375 0.064453125 0.0517578125
3 0.076171875 0.4267578125 0.060546875 0.0341796875
3 0.1044921875 0.396484375 0.0439453125 0.03125
3 0.1328125 0.375 0.0283203125 0.0263671875
3 0.2783203125 0.3466796875 0.037109375 0.029296875
3 0.306640625 0.3251953125 0.037109375 0.0205078125
3 0.412109375 0.2998046875 0.033203125 0.0205078125
3 0.857421875 0.841796875 0.1611328125 0.0673828125