2 0.6923828125 0.4296875 0.1328125 0.158203125
2 0.623046875 0.509765625 0.1357421875 0.169921875
2 0.5263671875 0.6044921875 0.1669921875 0.216796875
2 0.7314453125 0.3203125 0.1123046875 0.0732421875
2 0.767578125 0.25 0.052734375 0.033203125
2 0.416015625 0.703125 0.1455078125 0.263671875
2 0.630859375 0.2080078125 0.0673828125 0.033203125
2 0.751953125 0.28125 0.095703125 0.048828125
3 0.505859375 0.2685546875 0.0361328125 0.0185546875
2 0.6689453125 0.1982421875 0.0517578125 0.0283203125
2 0.9169921875 0.369140625 0.048828125 0.044921875
2 0.7607421875 0.2626953125 0.072265625 0.0439453125
3 0.533203125 0.2529296875 0.0419921875 0.0185546875
3 0.560546875 0.244140625 0.0263671875 0.0185546875
3 0.4892578125 0.291015625 0.0439453125 0.0263671875
2 0.4404296875 0.2939453125 0.087890625 0.056640625