2 0.5732421875 0.4345703125 0.109375 0.1044921875
3 0.2783203125 0.501953125 0.087890625 0.080078125
3 0.1904296875 0.5205078125 0.0751953125 0.083984375
3 0.373046875 0.484375 0.09375 0.0810546875
3 0.4716796875 0.4658203125 0.0830078125 0.064453125
3 0.109375 0.53125 0.076171875 0.0830078125
3 0.654296875 0.4404296875 0.0576171875 0.0517578125
3 0.708984375 0.423828125 0.041015625 0.033203125
3 0.755859375 0.4140625 0.041015625 0.03125
3 0.7392578125 0.8046875 0.1171875 0.1171875
3 0.599609375 0.8310546875 0.1123046875 0.080078125
3 0.845703125 0.7578125 0.0888671875 0.0830078125
3 0.9140625 0.708984375 0.068359375 0.0703125
2 0.5078125 0.759765625 0.052734375 0.0439453125
3 0.0439453125 0.5341796875 0.0546875 0.0625
3 0.9638671875 0.6767578125 0.0517578125 0.056640625