2 0.5676649305555556 0.3236255787037037 0.09618055555555549 0.07012442129629637
2 0.6277994791666667 0.6392578125 0.22353153935185177 0.2631365740740741
2 0.2031177662037037 0.7796079282407407 0.14476996527777775 0.17256944444444455
2 0.43464988425925927 0.3588396990740741 0.0893880208333333 0.07557870370370368
2 0.8788266782407408 0.7493272569444445 0.20910734953703702 0.16076388888888893
2 0.3431712962962963 0.3213107638888889 0.06294126157407409 0.06327401620370376
2 0.49772858796296293 0.2770109953703704 0.07071759259259269 0.05885416666666665
2 0.10152633101851852 0.3941984953703704 0.06595052083333336 0.07418981481481479
2 0.280150462962963 0.3953269675925926 0.07579571759259252 0.08551070601851851
2 0.5446614583333333 0.26642071759259256 0.053045428240740655 0.045117187500000044
2 0.5886646412037038 0.25600405092592593 0.06773003472222205 0.050868055555555514
2 0.20183738425925926 0.4253472222222222 0.07577401620370372 0.08258101851851851
2 0.06867766203703704 0.4800925925925926 0.08464265046296296 0.09384403935185182
2 0.6644603587962963 0.302271412037037 0.08632812500000009 0.05782696759259265
2 0.15923032407407406 0.37906539351851853 0.0678891782407407 0.07235243055555562
2 0.4478443287037037 0.29070457175925923 0.05798611111111107 0.053219039351851904
2 0.401880787037037 0.3022135416666667 0.05703125000000009 0.05609085648148149
2 0.779976851851852 0.5209129050925926 0.1781828703703705 0.20285734953703716
2 0.2737991898148148 0.33030237268518514 0.060930266203703676 0.05534577546296293
2 0.510915798611111 0.20985243055555555 0.047142650462963065 0.03891059027777777
2 0.46498842592592593 0.216478587962963 0.04904513888888884 0.03219039351851849
2 0.16176938657407408 0.2998480902777778 0.036400462962962954 0.03827401620370363
2 0.2189597800925926 0.3540509259259259 0.05511429398148149 0.060857928240740655
3 0.3612123842592593 0.3895471643518519 0.05794270833333326 0.047359664351851904
2 0.40632957175925927 0.2287398726851852 0.045153356481481444 0.033912037037037046
2 0.25766059027777777 0.2687861689814815 0.04521122685185186 0.041724537037037046
2 0.30854311342592594 0.25210503472222223 0.03736255787037035 0.03637876157407405
2 0.6533564814814815 0.35173611111111114 0.08357204861111112 0.0810908564814814
2 0.5509837962962962 0.20357349537037037 0.052025462962963065 0.03919994212962963
2 0.11969762731481481 0.3130787037037037 0.05009403935185186 0.042013888888888906
2 0.8306351273148148 0.2709490740740741 0.08046151620370368 0.05650318287037037
2 0.08540219907407406 0.33072916666666663 0.034447337962962954 0.03815827546296302
3 0.49152922453703707 0.7185908564814815 0.12286603009259256 0.11465567129629628
2 0.6326027199074074 0.2543764467592593 0.05790653935185164 0.042476851851851904
3 0.35161313657407406 0.7629991319444445 0.12291666666666667 0.12149160879629628
2 0.9714409722222221 0.36997974537037037 0.05030381944444429 0.0703342013888889
2 0.028587962962962964 0.3575231481481481 0.053125 0.055859375000000044
2 0.026605902777777777 0.8000217013888888 0.053211805555555554 0.15386284722222232
3 0.1478949652777778 0.45978009259259256 0.04923321759259258 0.0575810185185186
3 0.4952473958333333 0.3484157986111111 0.044176793981481444 0.03385416666666663
3 0.700462962962963 0.5812644675925926 0.08854166666666674 0.09309895833333348
2 0.8911820023148148 0.2673611111111111 0.05200376157407405 0.03627025462962963
2 0.7586443865740741 0.23812210648148147 0.05493344907407405 0.036443865740740766
3 0.10033275462962962 0.8188874421296297 0.08365885416666669 0.0928096064814814
3 0.9654513888888889 0.6514612268518518 0.05811631944444429 0.0707971643518519
3 0.9113932291666667 0.7015190972222223 0.06018518518518512 0.08653790509259274
2 0.5939453125 0.20200376157407407 0.04220920138888884 0.03178530092592591
2 0.7055338541666667 0.2920283564814815 0.06579137731481488 0.05270543981481479
2 0.01164822048611111 0.5118851273148148 0.02329644097222222 0.06601562499999991
3 0.8377314814814815 0.49894386574074073 0.06794704861111112 0.08016493055555551
3 0.032798032407407404 0.4480541087962963 0.045167824074074076 0.035865162037037046
3 0.05694444444444445 0.3509620949074074 0.041290509259259256 0.03953993055555549
3 0.20378327546296296 0.29442997685185185 0.04999999999999999 0.029318576388888906