2 0.34055266203703705 0.45583043981481486 0.11990740740740735 0.09787326388888884
2 0.1839916087962963 0.5572554976851851 0.1344545717592593 0.161031539351852
2 0.2562427662037037 0.4954716435185185 0.14246238425925928 0.13512008101851858
2 0.7183883101851851 0.7756872106481482 0.2537760416666668 0.20622106481481484
2 0.25945457175925923 0.3870732060185185 0.1117766203703704 0.08672598379629626
2 0.5090711805555556 0.31394675925925924 0.07968749999999991 0.05678530092592593
2 0.5613425925925926 0.33230613425925926 0.08267505787037033 0.05889033564814816
2 0.6773148148148148 0.37939814814814815 0.08216145833333344 0.07446469907407405
2 0.6174045138888888 0.35477430555555556 0.08187210648148158 0.06469907407407405
2 0.7389756944444444 0.41095920138888886 0.07405960648148158 0.06429398148148158
2 0.4326171875 0.2865089699074074 0.06667390046296295 0.04538483796296289
2 0.18791956018518519 0.325658275462963 0.060959201388888884 0.04996383101851842
2 0.798654513888889 0.4433955439814815 0.0697554976851853 0.08357204861111112
2 0.29756944444444444 0.25603298611111114 0.06546585648148151 0.037521701388888884
2 0.13644386574074074 0.3464626736111111 0.052973090277777746 0.04369936342592595
2 0.47334346064814814 0.2984013310185185 0.07350983796296306 0.045739293981481466
2 0.035393156828703705 0.6791883680555556 0.07078631365740741 0.17031973379629628
2 0.9440393518518518 0.8842158564814815 0.06010561342592591 0.08697193287037042
2 0.38801359953703707 0.2734375 0.057566550925926 0.0341869212962963
3 0.10036168981481482 0.37588975694444443 0.04194155092592591 0.03337673611111114
2 0.13483796296296297 0.4666811342592593 0.08038194444444446 0.08022280092592582
2 0.010785590277777778 0.42473958333333334 0.021571180555555555 0.06412037037037033
3 0.1984375 0.4328125 0.09531250000000002 0.057595486111111094
3 0.023243995949074073 0.5593388310185186 0.046487991898148145 0.07037037037037042