2 0.2763671875 0.2998046875 0.099609375 0.0830078125
2 0.8720703125 0.423828125 0.0966796875 0.0810546875
3 0.333984375 0.3935546875 0.078125 0.0576171875
3 0.412109375 0.361328125 0.064453125 0.041015625
3 0.478515625 0.3388671875 0.056640625 0.0390625
3 0.2451171875 0.431640625 0.083984375 0.064453125
3 0.154296875 0.46875 0.0859375 0.0673828125
3 0.3388671875 0.2919921875 0.052734375 0.029296875
3 0.3955078125 0.2734375 0.046875 0.025390625
3 0.533203125 0.318359375 0.0439453125 0.0283203125
3 0.6201171875 0.7578125 0.1064453125 0.076171875
3 0.203125 0.337890625 0.0595703125 0.041015625
2 0.7265625 0.220703125 0.056640625 0.0361328125
3 0.25 0.2138671875 0.033203125 0.021484375
3 0.203125 0.228515625 0.033203125 0.021484375
3 0.7060546875 0.6826171875 0.0859375 0.0595703125
3 0.130859375 0.3701171875 0.068359375 0.0517578125
3 0.158203125 0.2421875 0.0361328125 0.0263671875
3 0.447265625 0.263671875 0.0419921875 0.021484375
3 0.2939453125 0.203125 0.03125 0.017578125
3 0.576171875 0.306640625 0.0361328125 0.0234375
3 0.7578125 0.6123046875 0.064453125 0.0517578125
3 0.4970703125 0.826171875 0.1279296875 0.1064453125
3 0.3388671875 0.1953125 0.029296875 0.017578125
3 0.3720703125 0.1904296875 0.0263671875 0.013671875
3 0.611328125 0.291015625 0.0341796875 0.021484375
3 0.109375 0.2607421875 0.033203125 0.0234375
3 0.4921875 0.248046875 0.0361328125 0.0185546875
3 0.443359375 0.181640625 0.0263671875 0.013671875
3 0.412109375 0.1826171875 0.0283203125 0.013671875
3 0.9345703125 0.638671875 0.0390625 0.0439453125
3 0.529296875 0.2421875 0.029296875 0.017578125
3 0.841796875 0.4814453125 0.0361328125 0.029296875
3 0.646484375 0.287109375 0.0283203125 0.017578125
3 0.796875 0.5654296875 0.0517578125 0.041015625
3 0.8125 0.509765625 0.037109375 0.029296875
3 0.9169921875 0.6923828125 0.037109375 0.0439453125
3 0.6767578125 0.279296875 0.0205078125 0.015625
3 0.888671875 0.7734375 0.0703125 0.064453125
3 0.830078125 0.828125 0.0810546875 0.080078125
3 0.5830078125 0.244140625 0.0283203125 0.0185546875
3 0.705078125 0.279296875 0.0283203125 0.013671875
3 0.931640625 0.5751953125 0.044921875 0.0390625
3 0.931640625 0.533203125 0.033203125 0.0341796875
3 0.955078125 0.521484375 0.025390625 0.0263671875
3 0.947265625 0.484375 0.0205078125 0.0205078125