2 0.5107421875 0.4580078125 0.0986328125 0.091796875
2 0.6015625 0.484375 0.099609375 0.1044921875
2 0.8544921875 0.515625 0.0966796875 0.0908203125
2 0.2939453125 0.447265625 0.103515625 0.0908203125
2 0.3701171875 0.373046875 0.068359375 0.056640625
2 0.892578125 0.359375 0.056640625 0.0439453125
2 0.8798828125 0.4345703125 0.126953125 0.1142578125
2 0.3701171875 0.4501953125 0.0908203125 0.078125
2 0.474609375 0.3798828125 0.0732421875 0.072265625
2 0.6015625 0.388671875 0.0908203125 0.0810546875
2 0.240234375 0.4375 0.0673828125 0.064453125
2 0.197265625 0.4345703125 0.0908203125 0.0703125
3 0.765625 0.517578125 0.0654296875 0.052734375
3 0.673828125 0.412109375 0.0498046875 0.0390625
3 0.736328125 0.427734375 0.0576171875 0.037109375
3 0.330078125 0.3876953125 0.033203125 0.0283203125
2 0.224609375 0.822265625 0.353515625 0.1064453125
3 0.705078125 0.34375 0.0361328125 0.0205078125
3 0.908203125 0.537109375 0.052734375 0.048828125
3 0.783203125 0.349609375 0.03125 0.0205078125
3 0.4267578125 0.3876953125 0.0283203125 0.029296875
3 0.8232421875 0.3544921875 0.0361328125 0.021484375
3 0.685546875 0.5029296875 0.078125 0.068359375
3 0.958984375 0.5517578125 0.046875 0.0439453125
3 0.4423828125 0.4638671875 0.0625 0.0439453125
3 0.291015625 0.3779296875 0.029296875 0.025390625
3 0.25 0.3828125 0.0341796875 0.021484375
3 0.458984375 0.3154296875 0.0263671875 0.013671875
3 0.5830078125 0.3203125 0.0361328125 0.0185546875
3 0.6591796875 0.3232421875 0.029296875 0.015625
3 0.4140625 0.3154296875 0.025390625 0.015625
3 0.3828125 0.3154296875 0.025390625 0.0185546875