2 0.9111328125 0.78515625 0.177734375 0.185546875
2 0.759765625 0.474609375 0.119140625 0.1123046875
2 0.2548828125 0.6201171875 0.1533203125 0.224609375
2 0.505859375 0.552734375 0.1533203125 0.181640625
2 0.828125 0.466796875 0.1044921875 0.1142578125
3 0.6044921875 0.546875 0.09375 0.0732421875
2 0.537109375 0.251953125 0.0517578125 0.041015625
3 0.6845703125 0.5234375 0.0751953125 0.064453125
2 0.046875 0.4267578125 0.09375 0.0546875
2 0.033203125 0.642578125 0.064453125 0.1689453125
2 0.0859375 0.3720703125 0.0751953125 0.0498046875
2 0.033203125 0.4716796875 0.0654296875 0.060546875
2 0.498046875 0.2529296875 0.052734375 0.0419921875
3 0.3955078125 0.619140625 0.1171875 0.109375
3 0.5107421875 0.353515625 0.060546875 0.0517578125
3 0.087890625 0.392578125 0.0517578125 0.052734375