2 0.6429976851851852 0.4111689814814815 0.08207465277777781 0.07675057870370372
2 0.18754340277777776 0.452734375 0.06043836805555558 0.07366174768518519
2 0.6981481481481482 0.08234953703703704 0.20917245370370363 0.15578703703703706
2 0.6941984953703704 0.4222945601851852 0.08202401620370381 0.07577401620370372
2 0.5814091435185185 0.3931278935185185 0.09950086805555536 0.07395109953703705
2 0.4027199074074074 0.48559027777777775 0.051663773148148184 0.05504918981481488
2 0.44801070601851856 0.4976490162037037 0.06368634259259265 0.06099537037037028
2 0.24968894675925926 0.46003327546296297 0.06296296296296294 0.06587094907407409
2 0.12256944444444445 0.4434606481481481 0.045536747685185175 0.06867042824074066
2 0.30551938657407407 0.4760778356481482 0.07451533564814816 0.0815755208333333
2 0.3579499421296296 0.4823278356481482 0.06404079861111112 0.06783130787037028
2 0.6430338541666667 0.5235170717592592 0.059628182870370416 0.0580367476851853
2 0.19384403935185185 0.2935402199074074 0.10389901620370368 0.10229311342592595
2 0.5985170717592592 0.5153718171296297 0.03923611111111125 0.041290509259259256
2 0.5305627893518519 0.5070529513888888 0.06543692129629619 0.05710358796296289
2 0.7769892939814815 0.5401403356481481 0.07289496527777795 0.050325520833333304
2 0.7514105902777777 0.4305338541666667 0.09569589120370381 0.07587528935185184
2 0.6934100115740741 0.5317057291666667 0.05428964120370372 0.049211516203703676
2 0.5695240162037036 0.5092954282407407 0.0381582754629628 0.039330150462963065
3 0.4927662037037037 0.4823495370370371 0.03342737268518525 0.042223668981481444
2 0.722605613425926 0.5338758680555555 0.05711805555555571 0.04728009259259247
2 0.3003833912037037 0.3490379050925926 0.13985098379629624 0.1367259837962963