2 0.6640625 0.59375 0.0751953125 0.0732421875
2 0.2109375 0.548828125 0.0595703125 0.0751953125
2 0.701171875 0.9189453125 0.2109375 0.162109375
2 0.7158203125 0.5830078125 0.0751953125 0.0703125
2 0.6015625 0.611328125 0.095703125 0.0732421875
2 0.427734375 0.517578125 0.046875 0.0546875
2 0.4736328125 0.505859375 0.060546875 0.0595703125
2 0.2734375 0.5419921875 0.0576171875 0.0625
2 0.1455078125 0.5576171875 0.044921875 0.0703125
2 0.330078125 0.5263671875 0.0673828125 0.078125
2 0.3828125 0.5205078125 0.0625 0.068359375
2 0.669921875 0.4814453125 0.052734375 0.056640625
2 0.208984375 0.7080078125 0.0908203125 0.095703125
2 0.625 0.4892578125 0.0390625 0.041015625
2 0.556640625 0.4970703125 0.0625 0.056640625
2 0.8046875 0.4658203125 0.0732421875 0.056640625
2 0.7734375 0.5751953125 0.087890625 0.068359375
2 0.720703125 0.4736328125 0.0517578125 0.048828125
2 0.595703125 0.4951171875 0.0361328125 0.037109375
3 0.517578125 0.521484375 0.03125 0.0419921875
2 0.75 0.4716796875 0.056640625 0.046875
2 0.318359375 0.6533203125 0.1455078125 0.146484375