2 0.33134403935185186 0.33417968750000004 0.06901765046296293 0.09342447916666674
2 0.9417968750000001 0.148046875 0.08190104166666679 0.11966145833333336
2 0.8020471643518519 0.30279947916666666 0.09924768518518512 0.08958333333333335
2 0.7324508101851852 0.47434895833333335 0.060134548611111116 0.08014322916666661
2 0.6429832175925926 0.29778645833333334 0.05826822916666674 0.09173177083333328
2 0.42996961805555556 0.3285807291666667 0.06315827546296293 0.09303385416666665
2 0.7006221064814815 0.291015625 0.06022135416666674 0.09186197916666661
2 0.05543981481481482 0.29010416666666666 0.06508969907407408 0.09023437499999998
2 0.09638310185185185 0.42890625 0.0814453125 0.058138020833333304
2 0.3339554398148148 0.5087239583333334 0.050325520833333304 0.07363281250000009
2 0.3808666087962963 0.5007161458333333 0.057204861111111116 0.07994791666666656
2 0.2871021412037037 0.5089192708333333 0.060163483796296324 0.08404947916666661
2 0.5891927083333333 0.312109375 0.04946469907407414 0.08919270833333326
2 0.12077546296296296 0.5619791666666667 0.08922887731481483 0.05475260416666661
2 0.9066189236111111 0.28509114583333334 0.08958333333333335 0.10260416666666672
2 0.21132812500000003 0.5920572916666667 0.08438946759259258 0.06028645833333335
2 0.5345196759259259 0.31380208333333337 0.052430555555555536 0.0942708333333333
2 0.21812065972222222 0.33391927083333334 0.06799768518518523 0.08750000000000002
2 0.6816333912037037 0.4826171875 0.049348958333333304 0.07356770833333337
2 0.4257740162037037 0.49967447916666663 0.047359664351851904 0.06855468750000004
2 0.8531467013888889 0.38821614583333336 0.11985677083333335 0.10462239583333333
2 0.7434823495370371 0.17102864583333333 0.07604166666666679 0.11927083333333333
2 0.5084780092592593 0.6669270833333334 0.07062355324074066 0.04667968750000018
2 0.6858434606481482 0.17779947916666666 0.06524160879629637 0.11074218749999998
2 0.8138310185185185 0.16145833333333331 0.07893518518518539 0.11458333333333337
2 0.8705656828703704 0.14498697916666667 0.08096064814814818 0.12447916666666664
2 0.20373987268518517 0.6940755208333333 0.07256944444444446 0.04583333333333339
2 0.4755714699074074 0.49733072916666665 0.0493344907407407 0.07161458333333326
2 0.48370949074074077 0.32109374999999996 0.04159432870370372 0.08085937499999996
2 0.5932725694444445 0.6837239583333333 0.07357494212962967 0.0498046875
2 0.16219618055555557 0.241015625 0.07098524305555554 0.09550781249999996
2 0.4295572916666667 0.6477864583333334 0.06275318287037035 0.03834635416666665
2 0.27271412037037035 0.34296875 0.06512586805555554 0.09511718749999998
2 0.08864293981481482 0.683203125 0.08431712962962964 0.05052083333333335
2 0.02296730324074074 0.6721354166666667 0.04593460648148148 0.042447916666666696
2 0.4805049189814815 0.7537109375 0.04911747685185186 0.04231770833333348
2 0.21498119212962963 0.2306640625 0.06809895833333335 0.10117187500000002
2 0.27162181712962963 0.22688802083333331 0.08092447916666667 0.1195963541666667
2 0.569408275462963 0.4793619791666667 0.05323350694444429 0.07089843749999991
2 0.034693287037037036 0.14609375 0.06938657407407407 0.05156250000000001
2 0.9415364583333333 0.7102864583333334 0.07351707175925926 0.0419921875
2 0.522533275462963 0.4824869791666667 0.05225694444444429 0.0708333333333333
3 0.6445601851851852 0.48020833333333335 0.03765190972222232 0.0757161458333333
3 0.6074508101851852 0.48268229166666665 0.0444516782407407 0.0712890625
3 0.38210358796296295 0.33372395833333335 0.07286603009259263 0.08587239583333339
3 0.2980902777777778 0.6067708333333333 0.05009403935185186 0.04238281250000009
3 0.36041666666666666 0.6260416666666666 0.056944444444444464 0.044791666666666785