2 0.2844111689814815 0.4028862847222222 0.0839771412037037 0.0678891782407407
2 0.4457465277777778 0.4117838541666667 0.08999565972222223 0.07880497685185184
2 0.4598668981481482 0.30975839120370374 0.06814959490740735 0.05375434027777781
2 0.7378472222222223 0.21261574074074074 0.04730902777777768 0.030685763888888884
2 0.8287109374999999 0.21285445601851852 0.04433593750000009 0.027669270833333315
2 0.21008391203703702 0.3318142361111111 0.07593315972222225 0.052032696759259256
2 0.41099537037037037 0.308275462962963 0.057306134259259234 0.046600115740740744
2 0.5048611111111112 0.31331018518518516 0.05835503472222214 0.05151186342592595
2 0.1884476273148148 0.3881438078703704 0.06804832175925923 0.04691840277777781
2 0.6845920138888889 0.4428096064814815 0.118113425925926 0.06597222222222221
2 0.7523220486111111 0.33235677083333337 0.08835358796296289 0.03385416666666674
2 0.7866753472222223 0.2111689814814815 0.04730902777777768 0.030685763888888884
2 0.33268229166666663 0.2978949652777778 0.06316550925925934 0.04677372685185177
2 0.952734375 0.34107349537037035 0.08904803240740744 0.08072916666666674
2 0.23055555555555557 0.39471209490740744 0.07307581018518516 0.05682870370370363
2 0.6568214699074073 0.2169704861111111 0.0375289351851853 0.029419849537037024
2 0.37667100694444444 0.29952256944444444 0.060235821759259234 0.04668692129629626
2 0.5461877893518519 0.2671440972222222 0.05523726851851851 0.03872974537037033
2 0.8545355902777778 0.37329282407407405 0.09223090277777768 0.03201678240740735
2 0.8687499999999999 0.21166811342592592 0.03748553240740726 0.026490162037037024
2 0.9156684027777777 0.21320891203703704 0.04535590277777768 0.030627893518518523
2 0.8579716435185185 0.40738570601851853 0.11987847222222214 0.053334780092592515
2 0.7725549768518518 0.31319444444444444 0.08046875000000009 0.028739872685185186
2 0.7908058449074074 0.29213686342592593 0.07261284722222205 0.025578703703703742
2 0.8148582175925926 0.2669994212962963 0.06296296296296289 0.03310185185185177
3 0.4759186921296297 0.27215711805555554 0.02655526620370363 0.013476562499999956
2 0.7370008680555555 0.3533275462962963 0.08925781250000009 0.029000289351851838
2 0.730541087962963 0.3789207175925926 0.10699508101851851 0.04026331018518525
2 0.8589988425925925 0.3448278356481481 0.08930121527777768 0.03192997685185195
2 0.6236617476851851 0.2208839699074074 0.04144965277777768 0.0305121527777778
3 0.3373336226851852 0.4140190972222222 0.045384837962963 0.03258101851851847
2 0.7123770254629629 0.4058376736111111 0.09613715277777768 0.032132523148148184
2 0.9890661168981482 0.22269965277777778 0.021867766203703676 0.029072627314814803
3 0.5120949074074074 0.2740162037037037 0.028580729166666652 0.018417245370370372
3 0.3843822337962963 0.4243489583333333 0.04440827546296289 0.03255208333333326
3 0.6959707754629629 0.2216724537037037 0.029528356481481444 0.01649305555555558
2 0.5624348958333334 0.30867332175925927 0.07612123842592577 0.06472800925925926
2 0.8798321759259259 0.3002459490740741 0.08061342592592591 0.038505497685185186
3 0.4339265046296296 0.2734013310185185 0.02553530092592593 0.010517939814814747
3 0.587644675925926 0.22976707175925926 0.025593171296296457 0.014424189814814803
3 0.8253472222222222 0.44743200231481484 0.06596498842592591 0.038071469907407396
3 0.814207175925926 0.48684172453703706 0.08151765046296289 0.033651620370370394
2 0.8186921296296297 0.5257884837962963 0.12127459490740744 0.08168402777777772
3 0.951902488425926 0.2189742476851852 0.03650896990740726 0.026461226851851816
3 0.4006076388888889 0.2665726273148148 0.034454571759259256 0.0195674189814814
2 0.12476851851851853 0.3763527199074074 0.12136140046296295 0.08754340277777772
2 0.04574652777777778 0.45001446759259256 0.07958622685185185 0.10094762731481488