2 0.2783203125 0.4111328125 0.0859375 0.0703125
2 0.439453125 0.4248046875 0.0859375 0.072265625
2 0.455078125 0.3232421875 0.068359375 0.052734375
2 0.734375 0.234375 0.048828125 0.03125
2 0.8251953125 0.2373046875 0.044921875 0.029296875
2 0.205078125 0.337890625 0.0751953125 0.0498046875
2 0.40625 0.3203125 0.0546875 0.0419921875
2 0.5 0.328125 0.0625 0.0546875
2 0.1826171875 0.3935546875 0.0673828125 0.0439453125
2 0.677734375 0.462890625 0.1171875 0.060546875
2 0.7470703125 0.3544921875 0.087890625 0.03125
2 0.783203125 0.234375 0.046875 0.03125
2 0.328125 0.3076171875 0.0654296875 0.048828125
2 0.947265625 0.369140625 0.083984375 0.0751953125
2 0.224609375 0.4013671875 0.068359375 0.0498046875
2 0.6533203125 0.236328125 0.0390625 0.029296875
2 0.3720703125 0.310546875 0.0576171875 0.0439453125
2 0.5419921875 0.283203125 0.0546875 0.0361328125
2 0.8486328125 0.3984375 0.091796875 0.033203125
2 0.865234375 0.2373046875 0.0390625 0.0283203125
2 0.912109375 0.240234375 0.044921875 0.03125
2 0.8515625 0.4326171875 0.119140625 0.0498046875
2 0.767578125 0.3359375 0.080078125 0.0234375
2 0.7861328125 0.3154296875 0.072265625 0.0205078125
2 0.810546875 0.291015625 0.0654296875 0.0361328125
3 0.4716796875 0.2861328125 0.0263671875 0.0126953125
2 0.7314453125 0.375 0.0888671875 0.0283203125
2 0.724609375 0.400390625 0.1064453125 0.03125
2 0.853515625 0.3701171875 0.0888671875 0.029296875
2 0.6201171875 0.2392578125 0.041015625 0.029296875
3 0.3310546875 0.423828125 0.044921875 0.029296875
2 0.7060546875 0.4267578125 0.09375 0.0263671875
2 0.986328125 0.2509765625 0.0263671875 0.029296875
3 0.5078125 0.2890625 0.0283203125 0.017578125
3 0.3779296875 0.435546875 0.0439453125 0.029296875
3 0.6923828125 0.2421875 0.0283203125 0.013671875
2 0.5576171875 0.3251953125 0.080078125 0.068359375
2 0.875 0.326171875 0.080078125 0.0341796875
3 0.4296875 0.2861328125 0.025390625 0.0107421875
3 0.583984375 0.2470703125 0.025390625 0.0126953125
3 0.818359375 0.4716796875 0.064453125 0.033203125
3 0.806640625 0.5107421875 0.0810546875 0.0283203125
2 0.810546875 0.5498046875 0.1201171875 0.078125
3 0.9482421875 0.2470703125 0.0341796875 0.0234375
3 0.396484375 0.2783203125 0.0341796875 0.0185546875
2 0.119140625 0.3798828125 0.119140625 0.0830078125
2 0.0400390625 0.451171875 0.080078125 0.0986328125