2 0.2726417824074074 0.4521701388888889 0.16829427083333337 0.10026041666666674
2 0.5460069444444444 0.5523654513888889 0.16612413194444442 0.09728732638888893
2 0.3994502314814815 0.5039496527777778 0.1616030092592593 0.10206163194444429
2 0.8166594328703703 0.2811631944444445 0.14189091435185186 0.08602430555555562
2 0.15943287037037035 0.24312065972222222 0.12821903935185186 0.0857204861111111
2 0.18189380787037038 0.4268880208333333 0.14937789351851855 0.09496527777777775
2 0.25405092592592593 0.5715277777777779 0.15932436342592593 0.11078559027777768
2 0.09262876157407407 0.2631293402777778 0.11284722222222221 0.07562934027777779
2 0.04992223668981481 0.2954861111111111 0.09984447337962962 0.08843315972222221
2 0.11675347222222222 0.5297309027777778 0.14149305555555555 0.09381510416666661
2 0.38013599537037035 0.6330729166666667 0.1904658564814814 0.12317708333333321
2 0.9394169560185185 0.3349826388888889 0.0737123842592593 0.07378472222222221
2 0.054985894097222224 0.4932725694444444 0.10997178819444445 0.09934895833333335
2 0.7006293402777778 0.6103515625 0.17668547453703698 0.10824652777777777
3 0.48267505787037035 0.6834418402777778 0.08116319444444442 0.04275173611111116
2 0.2381004050925926 0.2208984375 0.1345486111111111 0.052712673611111094
3 0.5660807291666667 0.7157118055555556 0.07591869212962976 0.03776041666666652
3 0.7109013310185186 0.36638454861111114 0.07005931712962976 0.037630208333333304
2 0.017957899305555552 0.3235894097222222 0.035915798611111105 0.09012586805555556
3 0.7822627314814815 0.39014756944444445 0.064453125 0.027756076388888884
3 0.5111762152777778 0.29867621527777777 0.0630063657407407 0.03454861111111107
3 0.8903356481481481 0.32632378472222223 0.05490451388888884 0.030468750000000044
3 0.6343315972222222 0.5972005208333333 0.07501446759259256 0.038715277777777946
3 0.5797526041666667 0.32055121527777775 0.06969762731481488 0.032747395833333304
2 0.035400390625 0.7641710069444444 0.07080078125 0.05735677083333335
3 0.6454716435185185 0.34151475694444444 0.0595703125 0.027647569444444464
3 0.47001591435185186 0.5384548611111111 0.05736400462962965 0.03734809027777786
3 0.9347511574074074 0.43745659722222224 0.0653935185185186 0.040451388888888884
3 0.6325231481481481 0.7532335069444445 0.0888310185185186 0.04097222222222219
3 0.17802372685185186 0.5712673611111111 0.06036603009259256 0.038389756944444464
3 0.7887369791666667 0.6581163194444445 0.08430989583333348 0.04574652777777777
3 0.8537688078703703 0.41195746527777777 0.08043981481481488 0.03298611111111116
3 0.3363715277777778 0.48682725694444445 0.06286168981481488 0.03259548611111118
3 0.8587239583333333 0.7004340277777779 0.07729311342592604 0.05631510416666652
3 0.6109302662037037 0.24186197916666669 0.05801504629629628 0.046137152777777746
3 0.6766493055555556 0.2628255208333333 0.0595341435185186 0.04032118055555556
3 0.7414641203703703 0.2828342013888889 0.05291521990740744 0.043098958333333326