2 0.2862413194444444 0.4521701388888889 0.16343315972222228 0.09924045138888893
2 0.5627604166666667 0.5523654513888889 0.16538628472222228 0.09928385416666652
2 0.41467013888888893 0.5039496527777778 0.1586805555555555 0.10206163194444429
2 0.8255425347222223 0.2811631944444445 0.13934461805555554 0.08407118055555562
2 0.16675347222222223 0.24312065972222222 0.12358940972222221 0.08079427083333329
2 0.19468315972222222 0.4268880208333333 0.1424913194444445 0.08901909722222223
2 0.27118055555555554 0.5715277777777779 0.16145833333333337 0.12065972222222232
2 0.10049913194444444 0.2631293402777778 0.11590711805555556 0.08355034722222221
2 0.05417209201388889 0.2954861111111111 0.10834418402777778 0.08847656250000002
2 0.13255208333333335 0.5297309027777778 0.14296874999999998 0.09976128472222223
2 0.3991753472222222 0.6330729166666667 0.1880425347222222 0.12612847222222223
2 0.9499348958333333 0.3359592013888889 0.0717447916666667 0.07769097222222221
2 0.06239149305555555 0.4932725694444444 0.1247829861111111 0.10429687499999996
2 0.7192057291666667 0.6103515625 0.17465277777777777 0.11022135416666656
3 0.5032769097222223 0.6834418402777778 0.07999131944444438 0.04372829861111116
2 0.24481336805555554 0.2208984375 0.1318359375 0.04683159722222219
3 0.5876953125 0.7157118055555556 0.07706163194444438 0.04366319444444455
3 0.7222439236111111 0.36638454861111114 0.06885850694444451 0.034700520833333304
2 0.022102864583333333 0.3235894097222222 0.044205729166666666 0.09012586805555556
3 0.7943576388888889 0.39014756944444445 0.06575520833333326 0.030729166666666696
3 0.5203776041666667 0.29867621527777777 0.0640190972222221 0.035568576388888884
3 0.9006076388888888 0.32632378472222223 0.05305989583333348 0.030447048611111138
3 0.6524739583333333 0.5972005208333333 0.07510850694444438 0.04361979166666652
3 0.5896484375 0.32055121527777775 0.06877170138888888 0.032747395833333304
2 0.046061197916666664 0.7641710069444445 0.09212239583333333 0.05440538194444455
3 0.6560329861111112 0.34151475694444444 0.05874565972222223 0.026671006944444464
3 0.4863064236111111 0.5384548611111111 0.058246527777777724 0.03739149305555545
3 0.9483506944444444 0.43745659722222224 0.06423611111111116 0.040451388888888884
3 0.6552951388888888 0.7532335069444445 0.08780381944444438 0.04390190972222219
3 0.1950954861111111 0.5712673611111112 0.05824652777777778 0.03739149305555545
3 0.8087890625 0.6581163194444444 0.08190104166666679 0.04279513888888875
3 0.8665581597222223 0.41195746527777777 0.0795138888888891 0.03298611111111116
3 0.3510416666666667 0.4868272569444444 0.060959201388888884 0.032573784722222276
3 0.880078125 0.7004340277777779 0.07567274305555571 0.05631510416666652
3 0.6185112847222223 0.24186197916666669 0.058723958333333215 0.04813368055555556
3 0.6848958333333333 0.2628255208333333 0.05642361111111116 0.040277777777777746
3 0.7503472222222223 0.28283420138888893 0.050651041666666785 0.04210069444444442