2 0.6899594907407407 0.4949363425925926 0.16184895833333335 0.10503472222222221
2 0.40792100694444444 0.5867983217592593 0.15987413194444444 0.10200376157407409
2 0.5586950231481481 0.5428385416666667 0.15502748842592595 0.10663339120370363
2 0.15891203703703705 0.3081597222222222 0.13635706018518517 0.09004629629629624
2 0.820435474537037 0.2897063078703703 0.12268518518518512 0.0893373842592593
2 0.7829354745370369 0.47240306712962965 0.14325810185185173 0.0991898148148147
2 0.6988425925925926 0.6145833333333333 0.15216290509259256 0.1152705439814814
2 0.8857277199074074 0.3116536458333333 0.10796440972222232 0.07881221064814814
2 0.935300925925926 0.3454861111111111 0.11294126157407414 0.09176070601851849
2 0.8398003472222222 0.576953125 0.13543836805555554 0.09780815972222223
2 0.567505787037037 0.6722511574074075 0.18252314814814818 0.12855902777777795
2 0.03299334490740741 0.35821759259259256 0.06598668981481481 0.07581018518518512
2 0.9133246527777777 0.5426649305555555 0.12083333333333335 0.10290798611111107
2 0.24828559027777777 0.6400679976851852 0.1697193287037037 0.11325231481481479
3 0.46066984953703705 0.7194661458333333 0.07842881944444446 0.04506655092592604
2 0.7434389467592593 0.2651982060185185 0.13122829861111107 0.056589988425926
3 0.3744791666666667 0.7491898148148148 0.07350983796296306 0.03993055555555558
3 0.25790653935185187 0.39633246527777777 0.06765046296296295 0.039626736111111116
2 0.9692780671296296 0.3746021412037037 0.05729890046296293 0.0918041087962963
3 0.18447627314814816 0.4179253472222222 0.06269531249999999 0.029607928240740655
3 0.4635199652777778 0.33470052083333335 0.06079282407407405 0.03634259259259265
3 0.08141637731481481 0.3510344328703704 0.052951388888888895 0.032031249999999956
3 0.3157769097222222 0.6289134837962963 0.07254050925925926 0.04085648148148158
3 0.3930338541666667 0.3544921875 0.06761429398148144 0.034743923611111116
2 0.9288990162037036 0.8140842013888889 0.12052228009259247 0.06091579861111107
3 0.32548466435185186 0.3734592013888889 0.057812500000000044 0.029354745370370416
3 0.48518518518518516 0.5751736111111111 0.054955150462963065 0.038968460648148184
3 0.029622395833333332 0.4606047453703704 0.059244791666666664 0.042303240740740766
3 0.30485387731481484 0.7846571180555556 0.08622685185185186 0.04351851851851851
3 0.7750289351851852 0.6165798611111111 0.057892071759259256 0.040096932870370416
3 0.15611979166666667 0.6851128472222223 0.08138020833333331 0.04814814814814827
3 0.11106047453703703 0.43756510416666666 0.07835648148148147 0.03530092592592593
3 0.6232855902777777 0.5276258680555556 0.060778356481481444 0.03438946759259265
3 0.08255208333333333 0.7252604166666666 0.07364728009259258 0.05848524305555558
3 0.3682219328703704 0.2750506365740741 0.05502025462962967 0.047757523148148184
3 0.3006727430555556 0.29401765046296297 0.05692997685185186 0.0419994212962963
3 0.23410734953703705 0.3120587384259259 0.050115740740740766 0.044574652777777724