2 0.6101851851851852 0.46360677083333335 0.06838107638888902 0.0688802083333333
2 0.42545572916666663 0.4487630208333333 0.06632667824074079 0.06200086805555549
2 0.7503616898148148 0.5682508680555556 0.05229311342592591 0.03728298611111125
2 0.19605034722222223 0.44952256944444446 0.0771267361111111 0.06614583333333335
2 0.5707609953703704 0.5701171875 0.05335648148148153 0.04316406249999982
2 0.4583839699074074 0.5627387152777779 0.05237991898148153 0.04314236111111125
2 0.24738859953703704 0.5541449652777778 0.06312210648148148 0.043381076388888884
2 0.49285300925925923 0.45123697916666666 0.07435619212962963 0.07682291666666663
2 0.6756148726851852 0.4650607638888889 0.07154224537037024 0.08457031250000002
2 0.780078125 0.46542968749999997 0.08107638888888902 0.06916232638888886
2 0.6849464699074074 0.5677734375 0.0473813657407407 0.03522135416666661
2 0.8269820601851852 0.4684244791666667 0.07119502314814818 0.06113281250000002
2 0.8128616898148148 0.5696397569444445 0.04545717592592591 0.03713107638888902
2 0.11605902777777777 0.45360243055555555 0.04275896990740741 0.05269097222222219
2 0.10954861111111111 0.5413194444444445 0.02978877314814815 0.03385416666666652
2 0.37333622685185186 0.5549913194444445 0.045587384259259234 0.04592013888888902
2 0.6517433449074074 0.5670355902777777 0.04455295138888893 0.0419921875
3 0.7843967013888888 0.5592447916666667 0.033550347222222054 0.024175347222222143
2 0.8489945023148149 0.5704427083333334 0.05042679398148131 0.043098958333333215
2 0.8709273726851852 0.4694010416666667 0.050614872685185164 0.055794270833333326
2 0.1408420138888889 0.5449435763888889 0.03959780092592591 0.03700086805555558
2 0.4163483796296297 0.5588758680555556 0.0376157407407407 0.03500434027777777
3 0.5315682870370371 0.5604600694444444 0.04171006944444455 0.04778645833333339
2 0.1521339699074074 0.45049913194444446 0.05545428240740741 0.05297309027777786
2 0.34211516203703707 0.55625 0.04459635416666674 0.044921875
2 0.3079499421296297 0.556467013888889 0.05729166666666674 0.04520399305555545
2 0.6098090277777778 0.5700086805555555 0.04259982638888893 0.04194878472222219
2 0.16142216435185186 0.5502821180555555 0.05230758101851851 0.03825954861111125
3 0.5554253472222221 0.4575086805555556 0.04782986111111098 0.06549479166666661
3 0.39133391203703705 0.45190972222222225 0.03392650462962965 0.04956597222222214
3 0.34441550925925923 0.44793836805555554 0.047757523148148184 0.06061197916666661
3 0.28971354166666663 0.4457465277777778 0.041898148148148184 0.06048177083333339
3 0.24288194444444444 0.44763454861111107 0.03689959490740746 0.05256076388888897
3 0.27958622685185186 0.552907986111111 0.029918981481481532 0.04264322916666652
3 0.49442997685185186 0.5576822916666666 0.03776041666666674 0.04476996527777777
3 0.7161385995370371 0.5645616319444444 0.03971354166666652 0.04481336805555558
3 0.7175636574074074 0.46306423611111114 0.049681712962962976 0.05870225694444442