2 0.4290653935185185 0.5498046875 0.07137586805555551 0.0673828125
2 0.6142722800925926 0.560546875 0.06901765046296293 0.060546875
2 0.284375 0.4482421875 0.05389901620370374 0.0361328125
2 0.8434172453703703 0.5546875 0.07677228009259274 0.0595703125
2 0.46371527777777777 0.4423828125 0.05522280092592591 0.0419921875
2 0.5763093171296296 0.447265625 0.05418836805555549 0.041015625
2 0.7874782986111111 0.451171875 0.06286168981481488 0.0390625
2 0.5468315972222222 0.5595703125 0.07154947916666665 0.0703125
2 0.36363570601851847 0.5498046875 0.08126446759259265 0.0859375
2 0.25925925925925924 0.5517578125 0.08510561342592593 0.068359375
2 0.34974681712962963 0.447265625 0.04890046296296302 0.0341796875
2 0.21226851851851852 0.5498046875 0.07579571759259263 0.0595703125
2 0.221875 0.4482421875 0.045970775462962965 0.0341796875
2 0.9231481481481482 0.548828125 0.04701244212962963 0.0517578125
2 0.9257523148148148 0.4609375 0.033217592592592604 0.033203125
2 0.6616174768518519 0.453125 0.04654947916666652 0.0439453125
2 0.38294994212962963 0.447265625 0.04321469907407405 0.037109375
3 0.2507740162037037 0.4580078125 0.03252314814814816 0.021484375
2 0.1857421875 0.4482421875 0.04918981481481477 0.0390625
2 0.16832320601851852 0.5498046875 0.05316116898148149 0.056640625
2 0.8943287037037038 0.4580078125 0.04120370370370363 0.0361328125
2 0.6184751157407408 0.4501953125 0.03913483796296302 0.0341796875
3 0.5032986111111111 0.451171875 0.0448857060185186 0.048828125
2 0.8872468171296297 0.552734375 0.06281105324074066 0.0546875
2 0.6927517361111111 0.451171875 0.04448061342592591 0.0419921875
2 0.7268735532407407 0.4501953125 0.0624638310185186 0.048828125
2 0.4247106481481482 0.443359375 0.04643373842592591 0.0419921875
2 0.8735315393518519 0.453125 0.05522280092592613 0.0419921875
3 0.4840422453703704 0.5546875 0.044545717592592626 0.0595703125
3 0.6482204861111112 0.556640625 0.03908420138888902 0.0498046875
3 0.6952690972222222 0.5595703125 0.05546151620370354 0.0625
3 0.7500144675925926 0.560546875 0.050694444444444375 0.064453125
3 0.7967158564814815 0.5576171875 0.04017650462962963 0.0517578125
3 0.7553674768518519 0.453125 0.03385416666666652 0.0439453125
3 0.5405237268518519 0.453125 0.041724537037036935 0.044921875
3 0.31872829861111107 0.451171875 0.03959780092592591 0.0419921875
3 0.3218171296296296 0.552734375 0.055287905092592515 0.0595703125