2 0.3731409143518518 0.4501953125 0.07190393518518512 0.068359375
2 0.5582682291666667 0.439453125 0.06867042824074066 0.0625
2 0.22920283564814814 0.5517578125 0.05465856481481479 0.037109375
2 0.7874565972222223 0.4453125 0.07525318287037042 0.0576171875
2 0.4085865162037037 0.5576171875 0.05491174768518525 0.0419921875
2 0.521144386574074 0.552734375 0.05183015046296302 0.0390625
2 0.7322844328703704 0.548828125 0.06149450231481479 0.037109375
2 0.49083478009259257 0.4404296875 0.0761646412037037 0.0751953125
2 0.30771122685185187 0.4501953125 0.07451533564814816 0.0810546875
2 0.2033203125 0.4482421875 0.08459924768518523 0.068359375
2 0.294581886574074 0.552734375 0.05070167824074079 0.0361328125
2 0.15634403935185184 0.4501953125 0.07648292824074077 0.0625
2 0.16670283564814814 0.5517578125 0.04879918981481479 0.037109375
2 0.8672309027777778 0.451171875 0.04467592592592595 0.0517578125
2 0.8704861111111111 0.5390625 0.03302228009259256 0.0341796875
2 0.6064091435185186 0.546875 0.04930555555555571 0.046875
2 0.3277850115740741 0.552734375 0.04293981481481479 0.037109375
3 0.1955295138888889 0.5419921875 0.034519675925925974 0.025390625
2 0.13057002314814814 0.5517578125 0.050853587962962965 0.0390625
2 0.11239872685185184 0.4501953125 0.0546947337962963 0.056640625
2 0.8390842013888888 0.5419921875 0.04293981481481479 0.037109375
2 0.5632884837962963 0.5498046875 0.03790509259259256 0.0341796875
3 0.44810474537037037 0.548828125 0.04452401620370372 0.048828125
2 0.831300636574074 0.447265625 0.060452835648148184 0.0546875
2 0.6375578703703704 0.548828125 0.04416956018518525 0.0419921875
2 0.6716869212962964 0.5498046875 0.06004774305555571 0.046875
2 0.3695746527777778 0.556640625 0.04622395833333326 0.0439453125
2 0.8183232060185186 0.546875 0.05486111111111125 0.041015625
3 0.4280815972222222 0.4453125 0.04513165509259254 0.060546875
3 0.5922453703703704 0.443359375 0.03573495370370372 0.048828125
3 0.6392722800925925 0.4404296875 0.04996383101851842 0.0595703125
3 0.6940104166666667 0.439453125 0.047186053240740655 0.0625
3 0.7407335069444445 0.4423828125 0.03881655092592595 0.0517578125
3 0.7001591435185186 0.546875 0.03049768518518503 0.0419921875
3 0.4853153935185185 0.546875 0.041391782407407485 0.044921875
3 0.26353443287037037 0.548828125 0.03630642361111114 0.041015625
3 0.26587094907407405 0.447265625 0.051815682870370416 0.0576171875