2 0.603515625 0.4099609375 0.068359375 0.07291666666666663
2 0.4189453125 0.4115234375 0.0654296875 0.0668619791666667
2 0.7421875 0.5022786458333333 0.052734375 0.04062499999999991
2 0.189453125 0.4326822916666667 0.072265625 0.06243489583333339
2 0.5625 0.5201171875 0.052734375 0.04550781249999991
2 0.4501953125 0.5227213541666667 0.0498046875 0.04238281250000009
2 0.2392578125 0.5328776041666667 0.0595703125 0.04108072916666661
2 0.486328125 0.40800781249999996 0.072265625 0.08001302083333339
2 0.6689453125 0.40559895833333337 0.0703125 0.08574218749999996
2 0.7734375 0.39667968750000004 0.0810546875 0.0737630208333333
2 0.6767578125 0.5076171875 0.048828125 0.03938802083333348
2 0.8203125 0.3955078125 0.0732421875 0.0673828125
2 0.8046875 0.49811197916666666 0.046875 0.04023437499999993
2 0.109375 0.4438802083333333 0.0419921875 0.05455729166666656
2 0.1015625 0.5322916666666666 0.03125 0.036263020833333215
2 0.365234375 0.5225260416666666 0.046875 0.04999999999999982
2 0.6435546875 0.5098307291666667 0.041015625 0.039843749999999956
3 0.7763671875 0.490234375 0.033203125 0.027604166666666652
2 0.8408203125 0.495703125 0.048828125 0.04231770833333326
2 0.8642578125 0.392578125 0.0517578125 0.060091145833333304
2 0.1328125 0.5331380208333334 0.041015625 0.03984375000000018
2 0.408203125 0.5225911458333333 0.0361328125 0.036588541666666696
3 0.5234375 0.5139322916666667 0.0419921875 0.051627604166666785
2 0.1455078125 0.4375651041666667 0.0576171875 0.05852864583333339
2 0.333984375 0.5265625 0.0419921875 0.044791666666666785
2 0.2998046875 0.5298177083333333 0.0576171875 0.05071614583333339
2 0.6015625 0.5165364583333334 0.0439453125 0.046875
2 0.1533203125 0.5366536458333333 0.052734375 0.04453124999999991
3 0.548828125 0.40872395833333336 0.0419921875 0.06334635416666667
3 0.384765625 0.41770833333333335 0.033203125 0.05104166666666665
3 0.337890625 0.41790364583333334 0.046875 0.06269531250000004
3 0.283203125 0.4205729166666667 0.0439453125 0.0654296875
3 0.236328125 0.4266276041666667 0.0361328125 0.054166666666666696
3 0.271484375 0.5287760416666667 0.0283203125 0.04388020833333339
3 0.486328125 0.514453125 0.0390625 0.04752604166666652
3 0.7080078125 0.5016276041666667 0.0341796875 0.04329427083333348
3 0.7109375 0.3998697916666667 0.048828125 0.06087239583333326