2 0.6074869791666666 0.4404296875 0.08749999999999991 0.0673828125
2 0.7944010416666667 0.548828125 0.0630208333333333 0.037109375
2 0.3194661458333333 0.4560546875 0.08001302083333339 0.072265625
2 0.6979817708333333 0.552734375 0.05605468750000009 0.0498046875
2 0.5709635416666666 0.5517578125 0.047330729166666696 0.0361328125
2 0.23411458333333332 0.552734375 0.052083333333333315 0.0341796875
2 0.5259114583333333 0.5498046875 0.04654947916666652 0.0390625
2 0.4546223958333333 0.447265625 0.0746744791666667 0.0654296875
3 0.7413411458333333 0.5439453125 0.048828125 0.029296875
2 0.8276692708333333 0.5498046875 0.059114583333333304 0.037109375
2 0.878125 0.544921875 0.047330729166666696 0.0361328125
2 0.44016927083333335 0.552734375 0.052539062499999956 0.041015625
3 0.5215494791666666 0.4404296875 0.07070312500000009 0.0498046875
3 0.673046875 0.4423828125 0.046354166666666696 0.0654296875
2 0.6177083333333333 0.5498046875 0.05240885416666652 0.0390625
2 0.2897135416666667 0.5517578125 0.041145833333333326 0.03125
2 0.875390625 0.4453125 0.11419270833333339 0.072265625
2 0.6203776041666667 0.677734375 0.16386718749999996 0.0703125
3 0.3921875 0.4482421875 0.05970052083333344 0.0751953125
3 0.26927083333333335 0.4501953125 0.05104166666666665 0.0625
3 0.3626302083333333 0.546875 0.0419921875 0.0439453125
3 0.48470052083333337 0.546875 0.04427083333333326 0.0341796875
3 0.8546223958333333 0.5439453125 0.03580729166666674 0.0390625
3 0.91484375 0.451171875 0.04238281250000009 0.0498046875
3 0.7095052083333333 0.447265625 0.05410156250000009 0.064453125
2 0.7694661458333334 0.453125 0.07792968750000018 0.0703125
2 0.8300130208333334 0.453125 0.07675781249999991 0.0673828125
2 0.22259114583333334 0.453125 0.06998697916666663 0.068359375
2 0.1841796875 0.462890625 0.05279947916666666 0.0595703125
2 0.15572916666666667 0.4609375 0.043619791666666685 0.068359375
2 0.18502604166666667 0.548828125 0.039192708333333326 0.03125
3 0.2583333333333333 0.5498046875 0.03190104166666674 0.0390625
3 0.208203125 0.544921875 0.031054687499999956 0.041015625