2 0.396484375 0.5498046875 0.068359375 0.068359375
2 0.5810546875 0.560546875 0.0654296875 0.0625
2 0.2578125 0.4482421875 0.052734375 0.037109375
2 0.810546875 0.5546875 0.072265625 0.0576171875
2 0.4375 0.4423828125 0.052734375 0.0419921875
2 0.5498046875 0.447265625 0.0498046875 0.0390625
2 0.7607421875 0.451171875 0.0595703125 0.037109375
2 0.513671875 0.5595703125 0.072265625 0.0751953125
2 0.3310546875 0.5498046875 0.0703125 0.0810546875
2 0.2265625 0.5517578125 0.0810546875 0.068359375
2 0.3232421875 0.447265625 0.048828125 0.0361328125
2 0.1796875 0.5498046875 0.0732421875 0.0625
2 0.1953125 0.4482421875 0.046875 0.037109375
2 0.890625 0.548828125 0.0419921875 0.0517578125
2 0.8984375 0.4609375 0.03125 0.0341796875
2 0.634765625 0.453125 0.046875 0.046875
2 0.3564453125 0.447265625 0.041015625 0.037109375
3 0.2236328125 0.4580078125 0.033203125 0.025390625
2 0.1591796875 0.4482421875 0.048828125 0.0390625
2 0.1357421875 0.5498046875 0.0517578125 0.056640625
2 0.8671875 0.4580078125 0.041015625 0.037109375
2 0.591796875 0.4501953125 0.0361328125 0.0341796875
3 0.4765625 0.451171875 0.0419921875 0.048828125
2 0.8544921875 0.552734375 0.0576171875 0.0546875
2 0.666015625 0.451171875 0.0419921875 0.0419921875
2 0.7001953125 0.4501953125 0.0576171875 0.046875
2 0.3984375 0.443359375 0.0439453125 0.0439453125
2 0.8466796875 0.453125 0.052734375 0.041015625
3 0.451171875 0.5546875 0.0419921875 0.060546875
3 0.615234375 0.556640625 0.033203125 0.048828125
3 0.662109375 0.5595703125 0.046875 0.0595703125
3 0.716796875 0.560546875 0.0439453125 0.0625
3 0.763671875 0.5576171875 0.0361328125 0.0517578125
3 0.728515625 0.453125 0.0283203125 0.0419921875
3 0.513671875 0.453125 0.0390625 0.044921875
3 0.2919921875 0.451171875 0.0341796875 0.041015625
3 0.2890625 0.552734375 0.048828125 0.0576171875