2 0.208984375 0.5503761574074074 0.0517578125 0.050188078703703676
2 0.7158203125 0.5619429976851852 0.0517578125 0.033586516203703676
2 0.673828125 0.5596788194444444 0.056640625 0.0414351851851853
2 0.421875 0.55 0.041015625 0.044249131944444464
2 0.34375 0.5464916087962963 0.041015625 0.042296006944444464
2 0.2685546875 0.5488642939814814 0.0439453125 0.04524739583333348
2 0.228515625 0.29270833333333335 0.1201171875 0.030186631944444375
2 0.4169921875 0.44254195601851853 0.072265625 0.06791811342592591
2 0.375 0.5516059027777778 0.046875 0.036480034722222276
3 0.1455078125 0.5420934606481481 0.033203125 0.05005063657407405
2 0.748046875 0.5602285879629629 0.048828125 0.03649450231481488
2 0.177734375 0.5462384259259259 0.033203125 0.03735532407407405
2 0.8125 0.5626591435185185 0.0595703125 0.03755063657407409
2 0.775390625 0.5604311342592593 0.0517578125 0.034563078703703676
2 0.572265625 0.4495515046296296 0.0546875 0.08145978009259258
2 0.6484375 0.45206886574074073 0.060546875 0.0863859953703704
2 0.7080078125 0.45641637731481477 0.0654296875 0.0786096643518519
2 0.7626953125 0.4538917824074074 0.056640625 0.07561487268518519
2 0.810546875 0.46108217592592593 0.064453125 0.07078993055555549
2 0.873046875 0.46447482638888893 0.03125 0.051989293981481444
2 0.642578125 0.557494212962963 0.0419921875 0.047186053240740655
2 0.6015625 0.5562138310185185 0.041015625 0.047178819444444464
2 0.5126953125 0.5536024305555556 0.037109375 0.045196759259259256
2 0.470703125 0.5552445023148148 0.0361328125 0.049095775462963065
2 0.1142578125 0.5447916666666667 0.0517578125 0.06776620370370368
2 0.1484375 0.449341724537037 0.056640625 0.059989872685185186
2 0.189453125 0.4515986689814815 0.0654296875 0.0678674768518519
2 0.2373046875 0.44999999999999996 0.0654296875 0.0737268518518519
2 0.2998046875 0.44948640046296295 0.068359375 0.0757016782407407
2 0.353515625 0.45086082175925923 0.072265625 0.08158998842592591
3 0.4970703125 0.4470413773148148 0.060546875 0.0785734953703704
3 0.849609375 0.4613715277777778 0.0390625 0.05497685185185186
3 0.556640625 0.5461154513888888 0.0341796875 0.04908130787037024
3 0.310546875 0.5462456597222223 0.037109375 0.047149884259259256
3 0.2392578125 0.5408347800925926 0.037109375 0.041290509259259256
3 0.1171875 0.4481336805555556 0.044921875 0.05306712962962967
3 0.833984375 0.5510995370370371 0.0341796875 0.04419849537037024