2 0.6100694444444444 0.24609375 0.06675347222222228 0.0610243055555556
2 0.7440972222222222 0.28229166666666666 0.06877170138888888 0.0639973958333333
2 0.5557074652777778 0.4500651041666667 0.13910590277777768 0.15438368055555562
3 0.6758680555555556 0.27491319444444445 0.05060763888888875 0.037239583333333326
3 0.8188802083333333 0.30251736111111116 0.04752604166666652 0.030338541666666607
3 0.0837673611111111 0.36336805555555557 0.037760416666666685 0.030121527777777768
3 0.7384982638888888 0.5342447916666666 0.12185329861111116 0.08079427083333335
2 0.8845269097222221 0.7338758680555555 0.20130208333333321 0.1421006944444443
3 0.8886935763888888 0.3265407986111111 0.05831163194444455 0.032530381944444464
3 0.5396050347222222 0.2513671875 0.05729166666666674 0.030555555555555558
3 0.403125 0.23758680555555556 0.05733506944444444 0.03250868055555556
3 0.13038194444444445 0.37612847222222223 0.04578993055555558 0.040060763888888906
3 0.05002170138888889 0.34307725694444446 0.0366970486111111 0.026193576388888973
3 0.020811631944444447 0.3385199652777778 0.02384982638888889 0.019075520833333304
2 0.34097222222222223 0.22057291666666667 0.06961805555555556 0.05815972222222221
2 0.07540147569444444 0.5779730902777778 0.15080295138888888 0.13836805555555554
3 0.20601128472222224 0.2263671875 0.039583333333333304 0.02430555555555558
3 0.1640407986111111 0.22445746527777777 0.026757812499999978 0.018164062500000022