2 0.8308810763888889 0.631640625 0.09071180555555558 0.08564091435185173
2 0.3965060763888889 0.49580439814814814 0.058246527777777724 0.07394386574074074
2 0.29733072916666664 0.3806351273148148 0.03487413194444444 0.03226273148148151
2 0.5619791666666667 0.6958912037037037 0.07836371527777786 0.10088975694444446
2 0.8060980902777778 0.5264829282407407 0.09813368055555549 0.06829427083333339
2 0.7024522569444445 0.4297236689814815 0.04463975694444455 0.03255208333333326
2 0.49288194444444444 0.48499710648148153 0.058138020833333304 0.06906105324074074
2 0.6222439236111111 0.6849898726851852 0.07734375000000004 0.09890769675925926
2 0.44698350694444444 0.7032190393518518 0.11180555555555549 0.11261574074074066
2 0.36254340277777775 0.37280815972222225 0.04181857638888897 0.03734809027777786
3 0.7739583333333333 0.661183449074074 0.05859375 0.04565248842592595
2 0.6600477430555556 0.45384114583333335 0.05549045138888875 0.03775318287037033
2 0.7172960069444445 0.6585286458333334 0.08808593749999982 0.09922598379629632
2 0.3284722222222222 0.37667824074074074 0.03786892361111116 0.035279224537037024
2 0.7411024305555556 0.4123263888888889 0.041644965277777724 0.029535590277777746
2 0.6813585069444444 0.6662471064814814 0.08543836805555549 0.11183449074074092
2 0.6244357638888889 0.47620804398148153 0.05590277777777786 0.05630787037037033
2 0.41911892361111114 0.32764033564814815 0.052387152777777724 0.029853877314814814
2 0.2763454861111111 0.49029224537037036 0.11881510416666674 0.07671440972222221
2 0.2603949652777778 0.3873480902777778 0.03682725694444444 0.032320601851851816
2 0.7710720486111111 0.39955150462962963 0.033723958333333304 0.024421296296296302
2 0.7469618055555556 0.3685836226851852 0.037738715277777724 0.029419849537037024
2 0.48843315972222223 0.32871817129629627 0.052322048611111116 0.026924189814814814
2 0.6689453125 0.3711516203703704 0.04557291666666674 0.030627893518518468
2 0.5367187499999999 0.4814163773148148 0.06710069444444455 0.0771339699074074
2 0.8118489583333333 0.3461082175925926 0.028667534722222054 0.016464120370370372
2 0.8431640625 0.3499638310185185 0.03465711805555549 0.02249710648148151
2 0.58359375 0.4828052662037037 0.050217013888888884 0.0639467592592593
2 0.708984375 0.37233796296296295 0.03661024305555549 0.022554976851851816
3 0.34889322916666665 0.505128761574074 0.05381944444444442 0.05039062499999991
3 0.4404513888888889 0.49710648148148145 0.05084635416666661 0.0483506944444444
3 0.4996527777777777 0.7018518518518518 0.06629774305555558 0.08491753472222219
3 0.7893663194444445 0.38838252314814814 0.026888020833333304 0.024218749999999956
3 0.3607421875 0.33566984953703705 0.042513020833333304 0.024681712962962954