2 0.16012008101851852 0.6114800347222222 0.09389467592592593 0.08502604166666661
2 0.5963179976851851 0.4980251736111111 0.06032986111111116 0.07452256944444446
2 0.6971571180555556 0.38786892361111114 0.03739872685185186 0.03498263888888897
2 0.4279513888888889 0.6897569444444445 0.08980758101851849 0.10640190972222219
2 0.18645109953703703 0.5074869791666667 0.09794560185185186 0.06267361111111125
2 0.29148582175925924 0.4159939236111111 0.04814091435185186 0.03522135416666661
2 0.5001446759259259 0.4822048611111111 0.0591362847222221 0.06864149305555556
2 0.36787471064814814 0.6757161458333334 0.07581018518518512 0.09730902777777795
2 0.5427879050925926 0.7030598958333334 0.1083622685185186 0.10681423611111107
2 0.6320891203703703 0.37664930555555554 0.03826678240740744 0.03207465277777777
3 0.2165798611111111 0.6440104166666667 0.06235532407407407 0.05017361111111107
2 0.33351417824074076 0.44233940972222224 0.05815972222222221 0.04227430555555556
2 0.2732566550925926 0.6442925347222221 0.09458188657407407 0.10358072916666661
2 0.6660879629629629 0.3822916666666667 0.03837528935185186 0.03500434027777777
2 0.25311053240740744 0.3965711805555555 0.04206452546296302 0.029231770833333393
2 0.30906394675925924 0.6538845486111111 0.09505208333333337 0.11627604166666661
2 0.3687789351851852 0.4665798611111111 0.05873842592592593 0.05789930555555556
2 0.5762080439814815 0.32849392361111107 0.05284288194444442 0.030447048611111027
2 0.7165075231481481 0.49874131944444444 0.11675347222222232 0.06992187499999991
2 0.7339771412037037 0.3965060763888889 0.03526475694444442 0.03005642361111116
2 0.22334346064814814 0.3822265625 0.03512008101851849 0.02615017361111116
2 0.24790219907407407 0.35247395833333334 0.037109375 0.027170138888888862
2 0.5069082754629629 0.3259765625 0.05067274305555558 0.024544270833333326
2 0.3258463541666667 0.35909288194444444 0.0458984375 0.027365451388888906
2 0.4563802083333333 0.47634548611111116 0.07016782407407407 0.0766927083333333
2 0.1833767361111111 0.3266059027777778 0.02889901620370372 0.016254340277777724
2 0.15201822916666669 0.32884114583333335 0.03497540509259256 0.02224392361111116
2 0.40950520833333337 0.47530381944444444 0.0551576967592593 0.06660156250000004
2 0.28580729166666663 0.358203125 0.0370732060185186 0.026193576388888862
3 0.6437717013888888 0.5098307291666666 0.05342158564814814 0.04607204861111125
3 0.5523726851851851 0.49704861111111115 0.05356626157407396 0.04997829861111114
3 0.49016203703703703 0.6989583333333333 0.07555700231481477 0.09047309027777772
3 0.20522280092592593 0.3700954861111111 0.02723524305555558 0.02402343749999991
3 0.6344401041666666 0.33956163194444444 0.04278790509259256 0.022417534722222188