2 0.1826171875 0.607421875 0.0888671875 0.0830078125
2 0.6142578125 0.484375 0.056640625 0.072265625
2 0.7109375 0.3720703125 0.0341796875 0.03125
2 0.453125 0.6796875 0.076171875 0.0986328125
2 0.205078125 0.5029296875 0.0966796875 0.0654296875
2 0.306640625 0.4091796875 0.0439453125 0.03125
2 0.517578125 0.470703125 0.056640625 0.0673828125
2 0.392578125 0.6669921875 0.0751953125 0.0966796875
2 0.568359375 0.6904296875 0.109375 0.109375
2 0.6455078125 0.3623046875 0.041015625 0.0361328125
3 0.240234375 0.638671875 0.0576171875 0.0439453125
2 0.349609375 0.4345703125 0.0546875 0.0361328125
2 0.296875 0.6376953125 0.0859375 0.0966796875
2 0.6796875 0.3671875 0.037109375 0.0341796875
2 0.267578125 0.390625 0.041015625 0.0283203125
2 0.3330078125 0.646484375 0.0830078125 0.109375
2 0.3857421875 0.4580078125 0.0546875 0.0546875
2 0.587890625 0.3154296875 0.0517578125 0.0283203125
2 0.734375 0.482421875 0.1171875 0.0732421875
2 0.748046875 0.3798828125 0.0361328125 0.03125
2 0.2373046875 0.376953125 0.033203125 0.0234375
2 0.2607421875 0.3466796875 0.037109375 0.0283203125
2 0.5185546875 0.314453125 0.0517578125 0.025390625
2 0.3388671875 0.3515625 0.044921875 0.029296875
2 0.4736328125 0.4658203125 0.0654296875 0.0751953125
2 0.1953125 0.322265625 0.0283203125 0.015625
2 0.1640625 0.3251953125 0.0341796875 0.021484375
2 0.4267578125 0.4658203125 0.048828125 0.0625
2 0.298828125 0.3515625 0.0361328125 0.021484375
3 0.662109375 0.4951171875 0.052734375 0.048828125
3 0.5703125 0.484375 0.0498046875 0.046875
3 0.515625 0.6875 0.064453125 0.0830078125
3 0.21875 0.365234375 0.0263671875 0.0234375
3 0.646484375 0.3251953125 0.0419921875 0.0234375