2 0.8173828125 0.607421875 0.087890625 0.0810546875
2 0.3857421875 0.484375 0.056640625 0.072265625
2 0.2890625 0.3720703125 0.037109375 0.0361328125
2 0.546875 0.6796875 0.0810546875 0.1015625
2 0.794921875 0.5029296875 0.095703125 0.0625
2 0.693359375 0.4091796875 0.0439453125 0.03125
2 0.482421875 0.470703125 0.0546875 0.0673828125
2 0.607421875 0.6669921875 0.0751953125 0.0966796875
2 0.431640625 0.6904296875 0.109375 0.109375
2 0.3544921875 0.3623046875 0.0390625 0.03125
3 0.759765625 0.638671875 0.060546875 0.0498046875
2 0.650390625 0.4345703125 0.056640625 0.041015625
2 0.703125 0.6376953125 0.0830078125 0.09375
2 0.3203125 0.3671875 0.0361328125 0.0341796875
2 0.732421875 0.390625 0.0419921875 0.029296875
2 0.6669921875 0.646484375 0.078125 0.1064453125
2 0.6142578125 0.4580078125 0.056640625 0.056640625
2 0.412109375 0.3154296875 0.0517578125 0.0263671875
2 0.265625 0.482421875 0.115234375 0.0703125
2 0.251953125 0.3798828125 0.0361328125 0.029296875
2 0.7626953125 0.376953125 0.0341796875 0.025390625
2 0.7392578125 0.3466796875 0.0361328125 0.0263671875
2 0.4814453125 0.314453125 0.0498046875 0.0234375
2 0.6611328125 0.3515625 0.046875 0.029296875
2 0.5263671875 0.4658203125 0.060546875 0.0703125
2 0.8046875 0.322265625 0.0283203125 0.015625
2 0.8359375 0.3251953125 0.0361328125 0.0234375
2 0.5732421875 0.4658203125 0.048828125 0.064453125
2 0.701171875 0.3515625 0.0361328125 0.0234375
3 0.337890625 0.4951171875 0.052734375 0.046875
3 0.4296875 0.484375 0.048828125 0.046875
3 0.484375 0.6875 0.0673828125 0.083984375
3 0.78125 0.365234375 0.0263671875 0.0234375
3 0.353515625 0.3251953125 0.041015625 0.0205078125