2 0.34893663194444446 0.46567563657407407 0.0634765625 0.04626012731481488
2 0.3899956597222222 0.4691478587962963 0.047612847222222254 0.03493923611111116
2 0.8743489583333333 0.5739293981481481 0.04613715277777786 0.05635127314814814
2 0.47686631944444446 0.47041377314814814 0.049457465277777724 0.03012876157407407
2 0.27569444444444446 0.46296296296296297 0.05349392361111116 0.0361328125
2 0.20542534722222222 0.4623119212962963 0.06134982638888886 0.03837528935185186
2 0.30885416666666665 0.46223958333333337 0.04752604166666674 0.03103298611111116
2 0.12452256944444445 0.5539641203703703 0.03997395833333334 0.0424623842592593
2 0.8226996527777778 0.5768952546296295 0.06562500000000004 0.05512152777777768
2 0.30151909722222225 0.5712528935185186 0.08226996527777786 0.0576895254629628
2 0.5904513888888889 0.576099537037037 0.06354166666666661 0.04918981481481488
2 0.15666232638888888 0.4634331597222222 0.04752604166666663 0.03103298611111116
2 0.24448784722222222 0.4637586805555556 0.05355902777777777 0.0390625
2 0.11961805555555556 0.46498842592592593 0.04774305555555555 0.04079861111111116
2 0.5178819444444445 0.47193287037037035 0.045551215277777724 0.02998408564814814
3 0.7779079861111111 0.5810908564814815 0.05394965277777786 0.056640625
3 0.7184461805555555 0.5837673611111112 0.04809027777777786 0.05642361111111116
3 0.37669270833333335 0.5730613425925926 0.051128472222222276 0.06141493055555558
3 0.26243489583333335 0.5688295717592593 0.042296006944444464 0.05913628472222232
3 0.21345486111111112 0.5601851851851852 0.05405815972222222 0.0615234375
2 0.6605902777777778 0.5708912037037037 0.06716579861111116 0.0805483217592593
2 0.5142361111111111 0.5713252314814814 0.07387152777777772 0.07494212962962976
2 0.43628472222222225 0.576244212962963 0.0639973958333333 0.06969762731481488
2 0.16651475694444445 0.5555193865740741 0.06866319444444446 0.06011284722222232
2 0.43487413194444446 0.4688585069444444 0.04184027777777777 0.03862847222222232
2 0.5625868055555556 0.4638310185185185 0.043098958333333215 0.05135995370370372
2 0.6065755208333334 0.4674117476851852 0.038216145833333215 0.05117910879629628
2 0.6455946180555556 0.4669053819444444 0.03815104166666661 0.04824942129629628
2 0.6845703125 0.4644458912037037 0.04010416666666661 0.0483217592592593
2 0.7207248263888889 0.4667607060185185 0.04307725694444442 0.05038339120370372
2 0.7520182291666666 0.46987123842592593 0.03413628472222241 0.04322193287037035
2 0.785329861111111 0.4759837962962963 0.04314236111111125 0.05331307870370372
2 0.8116970486111111 0.4769603587962963 0.03700086805555558 0.04040075231481488
2 0.8380859375 0.4789134837962963 0.03700086805555536 0.04040075231481488