2 0.6750434027777779 0.42511574074074077 0.0732783564814814 0.07050057870370363
2 0.7335503472222222 0.4292390046296296 0.07630931712962963 0.07742332175925926
2 0.44074074074074077 0.4271773726851852 0.06647135416666661 0.0722511574074074
2 0.5979383680555556 0.4244719328703703 0.07428385416666661 0.07248263888888884
2 0.7338975694444445 0.5375795717592593 0.06022135416666652 0.04571035879629637
2 0.793091724537037 0.42942708333333335 0.07604890046296298 0.059845196759259256
2 0.3199797453703704 0.5400824652777778 0.04550057870370372 0.04039351851851869
2 0.44299768518518523 0.5383897569444445 0.03971354166666674 0.04510271990740744
2 0.3638237847222222 0.5456163194444444 0.055497685185185164 0.05630787037037033
2 0.8492332175925926 0.5273292824074074 0.05523726851851851 0.03872974537037033
2 0.5719328703703703 0.5326171875 0.03674045138888893 0.042086226851851816
2 0.6148292824074074 0.5362268518518518 0.04455295138888893 0.04231770833333348
2 0.4039207175925926 0.5405237268518519 0.039728009259259345 0.04607928240740744
2 0.21401909722222223 0.44463252314814816 0.0927951388888889 0.07010271990740735
2 0.4918258101851852 0.5369429976851852 0.04162326388888882 0.04223090277777786
2 0.8760127314814814 0.4328269675925926 0.05370370370370381 0.06699218750000002
2 0.5308883101851852 0.5357855902777777 0.03471498842592591 0.0371455439814814
2 0.22915943287037036 0.5427734375 0.05335648148148148 0.04355468749999991
2 0.6587456597222222 0.5368778935185186 0.03967013888888893 0.04217303240740744
2 0.28425925925925927 0.44743200231481484 0.0683810763888889 0.06937934027777781
2 0.1495804398148148 0.44556568287037035 0.07123842592592594 0.06458333333333333
2 0.7983940972222222 0.532740162037037 0.06803385416666674 0.04594184027777781
2 0.197923900462963 0.542722800925926 0.060235821759259234 0.04668692129629637
2 0.27800202546296293 0.5403501157407408 0.06800491898148153 0.04398871527777781
2 0.51484375 0.43279079861111114 0.07435619212962963 0.07736545138888884
2 0.1452907986111111 0.5374493634259259 0.060235821759259234 0.04668692129629637
2 0.374146412037037 0.4418402777777778 0.08224103009259265 0.0824797453703704
2 0.6890046296296296 0.5369574652777778 0.04456741898148153 0.04329427083333326
2 0.7730034722222222 0.5334924768518519 0.03674045138888893 0.042086226851851816
2 0.2545500578703704 0.5420211226851852 0.07296006944444444 0.04901620370370363
2 0.32722800925925927 0.4461588541666667 0.07635271990740744 0.08035300925925926