2 0.7998046875 0.451171875 0.078125 0.0498046875
2 0.6220703125 0.564453125 0.0703125 0.0595703125
2 0.556640625 0.5625 0.0625 0.060546875
2 0.3173828125 0.552734375 0.0673828125 0.0732421875
2 0.2529296875 0.5517578125 0.060546875 0.0732421875
2 0.681640625 0.556640625 0.0595703125 0.0673828125
2 0.4892578125 0.556640625 0.0625 0.0673828125
2 0.203125 0.552734375 0.0654296875 0.068359375
2 0.734375 0.5498046875 0.068359375 0.0654296875
2 0.6220703125 0.4501953125 0.046875 0.0439453125
2 0.1123046875 0.546875 0.044921875 0.0654296875
2 0.705078125 0.453125 0.056640625 0.0419921875
2 0.8251953125 0.5576171875 0.044921875 0.0546875
2 0.380859375 0.4453125 0.0390625 0.041015625
2 0.787109375 0.5546875 0.0595703125 0.056640625
2 0.259765625 0.447265625 0.046875 0.041015625
2 0.166015625 0.4482421875 0.044921875 0.029296875
2 0.154296875 0.5517578125 0.060546875 0.060546875
2 0.525390625 0.451171875 0.037109375 0.0341796875
2 0.328125 0.4453125 0.041015625 0.0390625
3 0.587890625 0.455078125 0.025390625 0.037109375
3 0.662109375 0.4609375 0.048828125 0.0341796875
2 0.857421875 0.462890625 0.0390625 0.037109375
3 0.1953125 0.453125 0.029296875 0.0419921875
2 0.4794921875 0.4482421875 0.0361328125 0.03125
3 0.3779296875 0.5546875 0.046875 0.052734375
2 0.736328125 0.4501953125 0.041015625 0.041015625
2 0.8720703125 0.5517578125 0.029296875 0.0576171875
3 0.431640625 0.556640625 0.0517578125 0.0654296875
3 0.2265625 0.4560546875 0.025390625 0.029296875
3 0.298828125 0.453125 0.033203125 0.033203125
3 0.408203125 0.451171875 0.033203125 0.0390625
3 0.447265625 0.4501953125 0.0419921875 0.0439453125
3 0.5546875 0.453125 0.0361328125 0.041015625
3 0.763671875 0.458984375 0.0361328125 0.037109375
3 0.857421875 0.556640625 0.044921875 0.052734375
2 0.1435546875 0.447265625 0.029296875 0.0517578125