2 0.8166232638888888 0.3949652777777778 0.07392939814814814 0.05299479166666665
2 0.6990740740740741 0.4067925347222222 0.10149016203703698 0.08379629629629637
2 0.6110026041666667 0.4013165509259259 0.06792534722222232 0.07694589120370376
2 0.7983579282407407 0.4971643518518518 0.06065538194444442 0.044429976851851904
2 0.2849392361111111 0.5373119212962962 0.05801504629629628 0.048162615740740655
2 0.5513599537037037 0.4058232060185185 0.0688657407407407 0.06338975694444438
2 0.25 0.43145978009259256 0.08940972222222221 0.07821903935185182
2 0.22782841435185186 0.5338903356481481 0.06304253472222221 0.050405092592592515
2 0.42028356481481477 0.41650752314814815 0.0756655092592593 0.07643229166666665
2 0.7356409143518519 0.5037977430555556 0.0683232060185186 0.04293981481481479
2 0.10452835648148147 0.4527199074074074 0.06456163194444445 0.07091290509259263
2 0.8407118055555556 0.48979311342592596 0.05233651620370372 0.037131076388888906
2 0.15458622685185186 0.5382306134259259 0.05736400462962965 0.039373553240740655
2 0.5970413773148148 0.5110387731481482 0.05342158564814814 0.051779513888888795
2 0.10514322916666666 0.5362991898148148 0.052553530092592615 0.04006076388888902
2 0.47475405092592593 0.5212022569444444 0.05013020833333326 0.04672309027777777
2 0.5510706018518519 0.5147352430555556 0.04354745370370372 0.03661024305555571
2 0.508861400462963 0.5201533564814815 0.04466869212962976 0.03862123842592613
2 0.48104745370370366 0.40998987268518516 0.06929976851851849 0.06924913194444438
2 0.8590133101851851 0.40023148148148147 0.04897280092592604 0.057349537037036935
3 0.18836805555555555 0.5284505208333333 0.02983940972222221 0.022186053240740744
2 0.36042390046296297 0.5289496527777777 0.06318721064814814 0.05235821759259274
2 0.6704282407407407 0.5047453703703704 0.05548321759259256 0.040234375000000044
2 0.6204065393518519 0.5106264467592593 0.06123408564814814 0.052242476851851904
2 0.3968460648148148 0.5229021990740741 0.04354745370370372 0.03661024305555549
2 0.20254629629629628 0.4420500578703704 0.07790798611111116 0.08045428240740737
3 0.4393446180555556 0.5135778356481482 0.03103298611111116 0.02517361111111116
3 0.30338541666666663 0.41954571759259257 0.0493344907407407 0.062232349537037046
3 0.6449652777777777 0.402220775462963 0.05092592592592604 0.05746527777777777
3 0.7360026041666667 0.3939091435185185 0.0428964120370372 0.05407262731481477
3 0.7740162037037037 0.3926287615740741 0.04720052083333348 0.04654947916666674
3 0.6881510416666666 0.5017505787037037 0.03573495370370372 0.036147280092592604
3 0.7703993055555556 0.4939597800925926 0.02853732638888884 0.030859375000000022
3 0.8213975694444444 0.48802083333333335 0.02560763888888884 0.030685763888888884
3 0.32165075231481477 0.5273582175925926 0.03399884259259256 0.03896122685185177
3 0.12984664351851852 0.5309461805555555 0.025318287037037035 0.026779513888888884
2 0.35434751157407407 0.427220775462963 0.0659360532407407 0.08946759259259252
2 0.11939380787037036 0.44892216435185184 0.06004050925925927 0.07550636574074066
2 0.1521267361111111 0.44017650462962965 0.06575520833333331 0.07390046296296293
2 0.2464554398148148 0.5318142361111111 0.039388020833333315 0.04608651620370363