2 0.8331741898148148 0.5735677083333333 0.0717592592592593 0.05039062499999991
2 0.7161313657407407 0.5660807291666667 0.09801793981481488 0.08025173611111125
2 0.6269458912037037 0.5748480902777777 0.06467013888888884 0.0746310763888891
2 0.825441261574074 0.47176649305555557 0.05883246527777786 0.042296006944444464
2 0.3130353009259259 0.4506076388888889 0.05601851851851847 0.046137152777777746
2 0.5674045138888889 0.5725477430555556 0.06621817129629637 0.061002604166666696
2 0.26685474537037035 0.5580512152777778 0.08615451388888884 0.07510850694444438
2 0.2552155671296296 0.4561631944444444 0.060959201388888884 0.048198784722222276
2 0.4366319444444444 0.5667100694444445 0.07245370370370363 0.07382812499999991
2 0.7630280671296297 0.46744791666666663 0.06658709490740744 0.04051649305555549
2 0.12269965277777778 0.5421440972222222 0.06156684027777776 0.06870659722222228
2 0.8672887731481482 0.47758246527777776 0.0508174189814814 0.035286458333333326
2 0.18197337962962962 0.4545355902777778 0.055758101851851816 0.03734809027777786
2 0.6243272569444445 0.46534288194444445 0.0512514467592593 0.049934895833333326
2 0.13202401620370371 0.45831163194444446 0.050904224537037024 0.038216145833333326
2 0.5023437500000001 0.45970052083333335 0.04817708333333348 0.04498697916666661
2 0.5784577546296297 0.4633463541666667 0.0420283564814814 0.03509114583333339
2 0.5365523726851852 0.45948350694444445 0.043062789351851816 0.03706597222222219
2 0.4970920138888889 0.5709852430555555 0.0663917824074074 0.0668619791666667
2 0.8763744212962963 0.5667100694444445 0.04654224537037033 0.05568576388888902
3 0.21494502314814815 0.46308593750000004 0.028927951388888873 0.021137152777777724
2 0.3881148726851852 0.4561848958333333 0.0610170717592593 0.050151909722222276
2 0.697511574074074 0.46892361111111114 0.053833912037037024 0.038281250000000044
2 0.6477936921296297 0.4648871527777778 0.05906394675925908 0.050108506944444464
2 0.42413194444444446 0.4608940972222222 0.0420283564814814 0.03509114583333339
2 0.22021122685185185 0.5491970486111111 0.07452256944444446 0.07777777777777795
3 0.4659215856481482 0.4686631944444445 0.029991319444444442 0.02408854166666674
3 0.3193287037037037 0.5680121527777777 0.04668692129629637 0.06056857638888902
3 0.6612123842592592 0.5726779513888889 0.04849537037037033 0.05572916666666661
3 0.7519458912037038 0.5776258680555555 0.0405960648148147 0.05262586805555536
3 0.7900607638888889 0.5774956597222223 0.04524739583333326 0.044921875
3 0.7150318287037036 0.4712673611111111 0.0342158564814814 0.034917534722222254
3 0.7969762731481481 0.4760199652777778 0.02723524305555558 0.029882812500000022
3 0.8476707175925926 0.480078125 0.02430555555555558 0.029817708333333304
3 0.34893663194444446 0.4592230902777778 0.032349537037037024 0.03780381944444444
3 0.15632233796296297 0.4627604166666667 0.024189814814814803 0.025911458333333304
2 0.37140480324074077 0.5584201388888889 0.062116608796296324 0.08726128472222228
2 0.1372612847222222 0.5453993055555555 0.05682870370370374 0.07348090277777786
2 0.16928530092592592 0.5529513888888888 0.06263020833333333 0.07165798611111107
2 0.27374131944444446 0.4575520833333333 0.03743489583333326 0.04474826388888897