2 0.3271050347222222 0.4558376736111111 0.07139756944444442 0.07139756944444442
2 0.7984374999999999 0.48461371527777775 0.07100694444444455 0.06260850694444442
2 0.3995008680555555 0.45611979166666666 0.06536458333333339 0.06723090277777777
2 0.5356770833333333 0.5844835069444445 0.048828125 0.046028645833333215
2 0.24683159722222223 0.5667534722222223 0.056857638888888895 0.05125868055555571
2 0.13051215277777778 0.45394965277777777 0.07580295138888887 0.06087239583333326
2 0.18161892361111112 0.5589626736111111 0.0595703125 0.04650607638888893
2 0.7535590277777777 0.481640625 0.06341145833333339 0.06714409722222225
2 0.42269965277777777 0.5726128472222223 0.04568142361111116 0.041015625
2 0.4676432291666667 0.46404079861111114 0.062478298611111094 0.06807725694444455
2 0.64609375 0.47784288194444446 0.07951388888888888 0.0785807291666667
2 0.5302300347222222 0.4648654513888889 0.07135416666666661 0.07042100694444442
2 0.7037543402777777 0.47942708333333334 0.07063802083333348 0.07623697916666672
2 0.7783420138888889 0.5845052083333333 0.04639756944444451 0.03519965277777781
2 0.3457248263888889 0.5652777777777778 0.05685763888888884 0.05125868055555549
2 0.08728298611111111 0.4578993055555556 0.05551215277777777 0.06484375000000009
2 0.5799696180555556 0.5786241319444445 0.050651041666666785 0.04318576388888884
2 0.13381076388888888 0.555859375 0.045768229166666674 0.04296875
2 0.8497612847222222 0.4966796875 0.04322916666666665 0.05162760416666656
3 0.7552517361111111 0.5756510416666667 0.03276909722222232 0.035568576388888884
2 0.6241319444444444 0.5756944444444445 0.03739149305555545 0.029926215277777946
2 0.07769097222222222 0.5416232638888889 0.038845486111111105 0.040711805555555536
2 0.10570746527777777 0.5497178819444444 0.042838541666666674 0.042838541666666785
3 0.7229817708333333 0.5751953125 0.028190104166666785 0.042187500000000044
3 0.2728298611111111 0.5542100694444445 0.0361328125 0.04546440972222232
2 0.20368923611111112 0.3045572916666667 0.150390625 0.050542534722222254
3 0.5850477430555556 0.4643663194444444 0.05444878472222214 0.06284722222222228
3 0.4990451388888889 0.572092013888889 0.04381510416666656 0.042881944444444375
3 0.2646484375 0.45208333333333334 0.04921874999999998 0.054817708333333326
3 0.2169704861111111 0.44605034722222225 0.05112847222222222 0.05392795138888884
3 0.17280815972222222 0.44898003472222225 0.03940972222222222 0.053407118055555536
3 0.21529947916666667 0.5496961805555556 0.037521701388888884 0.032855902777777724
3 0.3138020833333333 0.5570095486111111 0.040885416666666674 0.04275173611111116
3 0.3850043402777778 0.5621310763888889 0.048697916666666674 0.043098958333333215
3 0.46015625 0.5664496527777778 0.04622395833333337 0.03129340277777781
3 0.6475694444444444 0.5767361111111111 0.03884548611111116 0.040711805555555536
3 0.684765625 0.5764322916666667 0.03276909722222232 0.035568576388888884
3 0.8009765625 0.5815972222222223 0.022873263888888884 0.03220486111111098
3 0.834787326388889 0.4813368055555556 0.03847656250000009 0.054340277777777724