2 0.6644892939814815 0.4629195601851852 0.06282552083333326 0.044871238425926
2 0.6234881365740741 0.4642650462962963 0.050072337962963065 0.03687065972222214
2 0.14171006944444445 0.5440321180555556 0.04925491898148149 0.05834056712962976
2 0.5365596064814815 0.46102430555555557 0.049023437500000044 0.02709056712962965
2 0.7377314814814815 0.46400462962962963 0.05200376157407405 0.03396990740740735
2 0.8080584490740741 0.4669994212962963 0.06278935185185186 0.039988425925925886
2 0.7045138888888889 0.4615596064814815 0.04712094907407405 0.03389756944444444
2 0.8917679398148148 0.5629557291666667 0.039373553240740655 0.04257089120370372
2 0.19350405092592593 0.549681712962963 0.060908564814814825 0.04972511574074079
2 0.715089699074074 0.5710792824074074 0.08046875000000009 0.05392071759259265
2 0.4259837962962963 0.5609375000000001 0.06581307870370368 0.05272714120370381
2 0.8569082754629629 0.47065248842592594 0.04709201388888884 0.029991319444444442
2 0.7689959490740741 0.4664207175925926 0.053002025462963065 0.036914062499999956
2 0.8940393518518519 0.47413194444444445 0.04521122685185164 0.039728009259259234
2 0.4955439814814815 0.4604166666666667 0.04413339120370363 0.02604166666666674
3 0.23846932870370371 0.5562065972222222 0.05018807870370373 0.05249565972222214
3 0.2980758101851852 0.5619719328703703 0.04728009259259258 0.05538194444444455
3 0.6398871527777777 0.5689887152777777 0.04730179398148149 0.05831163194444455
3 0.7541449652777777 0.5706814236111111 0.04438657407407409 0.06022135416666652
3 0.8029224537037036 0.5645688657407407 0.057089120370370505 0.06138599537037037
2 0.35561342592592593 0.5520833333333333 0.061103877314814814 0.07609230324074057
2 0.5021412037037036 0.5601128472222223 0.0659143518518519 0.06639901620370381
2 0.580324074074074 0.5690827546296295 0.06299913194444429 0.06830873842592577
2 0.8497757523148148 0.5623336226851852 0.06880063657407409 0.0605830439814814
2 0.5785517939814815 0.46164641203703705 0.04228153935185186 0.03968460648148153
2 0.4505497685185185 0.4499855324074074 0.03942418981481477 0.04940682870370372
2 0.40661892361111107 0.4512876157407407 0.03747829861111107 0.05035445601851851
2 0.3675419560185185 0.448755787037037 0.042375578703703676 0.05237991898148153
2 0.32845052083333337 0.4442708333333333 0.04236111111111107 0.05042679398148153
2 0.2923249421296297 0.4447120949074074 0.04529079861111107 0.050470196759259345
2 0.2610894097222222 0.4462022569444445 0.031561053240740766 0.04245515046296289
2 0.2279224537037037 0.4505931712962963 0.04238281249999998 0.05335648148148153
2 0.2015552662037037 0.4502025462962963 0.03739872685185186 0.03961226851851851
2 0.1751953125 0.4507884837962963 0.034447337962962954 0.0366391782407407