2 0.832327835648148 0.5251302083333333 0.08107638888888902 0.05211950231481488
2 0.6478804976851852 0.417115162037037 0.07384259259259252 0.061653645833333326
2 0.5825665509259259 0.4210069444444444 0.06608796296296293 0.06239872685185177
2 0.34388744212962963 0.4378616898148148 0.07172309027777779 0.07523871527777781
2 0.2794921875 0.44074797453703707 0.06488715277777779 0.07503616898148158
2 0.7079137731481482 0.42316261574074077 0.06356336805555562 0.06914785879629637
2 0.5155309606481482 0.42886284722222223 0.06649305555555562 0.06923466435185188
2 0.22962962962962963 0.44124710648148147 0.06948061342592593 0.0702980324074074
2 0.7610532407407408 0.42843605324074074 0.07223668981481479 0.06745515046296302
2 0.6546513310185185 0.531372974537037 0.04947916666666652 0.045334201388888884
2 0.13915653935185185 0.4497974537037037 0.04879918981481479 0.06676070601851847
2 0.7374855324074074 0.5259837962962963 0.05912905092592591 0.043670428240740744
2 0.8514105902777778 0.4179325810185185 0.048162615740740655 0.05601851851851847
2 0.4137297453703703 0.5434027777777778 0.04149305555555549 0.04217303240740744
2 0.8134982638888889 0.4219907407407407 0.06292679398148149 0.05840567129629637
2 0.2925202546296296 0.5450376157407407 0.04930555555555549 0.042404513888888884
2 0.19871238425925924 0.5468388310185185 0.04665798611111116 0.030627893518518468
2 0.180859375 0.44367042824074077 0.06413483796296293 0.06234085648148158
2 0.5579137731481482 0.5332609953703704 0.03913483796296302 0.035279224537037024
2 0.3609953703703703 0.5449652777777778 0.04333043981481488 0.04027777777777786
3 0.6201822916666666 0.5275028935185185 0.027589699074074048 0.03786168981481475
3 0.6940538194444444 0.5194444444444444 0.05085358796296302 0.03562644675925908
2 0.8892505787037037 0.5117042824074074 0.04126157407407405 0.03826678240740744
3 0.22771990740740738 0.541087962962963 0.03178530092592591 0.04286024305555536
2 0.5121889467592593 0.5375506365740741 0.03798466435185199 0.032320601851851816
3 0.4043185763888889 0.4341145833333333 0.050000000000000044 0.054123263888888884
2 0.7689091435185185 0.5279875578703703 0.04344618055555571 0.04223090277777786
2 0.8986328125 0.4224030671296296 0.032711226851851904 0.05848524305555558
3 0.4579137731481482 0.43057002314814813 0.05563512731481479 0.06696325231481481
3 0.2587962962962963 0.537232349537037 0.02712673611111116 0.030049189814814747
3 0.33123553240740744 0.5380208333333334 0.035170717592592604 0.03418692129629619
3 0.44072627314814816 0.5367332175925925 0.03551793981481488 0.04004629629629619
3 0.4798466435185185 0.5365523726851852 0.04459635416666663 0.045189525462963065
3 0.5870949074074074 0.5304398148148148 0.03856336805555571 0.042086226851851816
3 0.7957320601851852 0.5183883101851852 0.03833188657407405 0.038179976851851816
3 0.8836950231481482 0.4179542824074074 0.04804687499999982 0.05406539351851847
2 0.17630931712962963 0.5484809027777777 0.03236400462962963 0.05262586805555536