2 0.3038411458333333 0.44313512731481486 0.0845052083333333 0.06799768518518512
2 0.15833333333333333 0.444212962962963 0.07727864583333333 0.050368923611111116
2 0.7211805555555555 0.5435763888888889 0.05060763888888875 0.03650173611111107
2 0.5720269097222223 0.5564019097222223 0.04188368055555558 0.039366319444444464
2 0.3452690972222222 0.5492910879629629 0.055685763888888906 0.04532696759259247
2 0.8322265625 0.44215133101851856 0.06668836805555545 0.057125289351851904
2 0.6187065972222223 0.5472656250000001 0.04268663194444455 0.031561053240740655
2 0.42578125 0.43637152777777777 0.060850694444444464 0.05805844907407409
2 0.21825086805555555 0.5473017939814815 0.05750868055555558 0.0394820601851853
2 0.778515625 0.44254918981481484 0.06200086805555571 0.06587818287037028
2 0.8149522569444445 0.5438585069444444 0.04561631944444455 0.03158275462962967
2 0.7306423611111111 0.4419270833333333 0.0659505208333333 0.06786024305555549
2 0.2828342013888889 0.552683738425926 0.055685763888888906 0.04532696759259247
2 0.4990885416666667 0.43875868055555556 0.054123263888888884 0.06289062499999998
2 0.4605251736111111 0.5494140624999999 0.04279513888888886 0.036443865740740655
2 0.4164930555555556 0.5458333333333333 0.03786892361111116 0.034454571759259256
2 0.5596354166666666 0.43831018518518516 0.05798611111111107 0.060966435185185186
2 0.6740234375 0.4433232060185185 0.06417100694444455 0.07565827546296289
2 0.5358723958333333 0.5556929976851852 0.03993055555555558 0.03935185185185186
2 0.8462456597222222 0.5455801504629629 0.04947916666666674 0.02965856481481488
2 0.11742621527777777 0.44939959490740744 0.05015190972222222 0.05993200231481488
2 0.6577039930555555 0.5440465856481481 0.037738715277777946 0.028595196759259256
3 0.23038194444444443 0.43391203703703707 0.05056423611111116 0.03454861111111107
2 0.17039930555555555 0.54765625 0.04769965277777777 0.037456597222222054
2 0.11946614583333333 0.5411964699074074 0.03385416666666666 0.029542824074074048
2 0.144921875 0.5439380787037037 0.04181857638888886 0.036436631944444464
2 0.38233506944444445 0.5470630787037036 0.04774305555555558 0.039409722222222054
3 0.50234375 0.5412905092592593 0.023784722222222276 0.015798611111111027
3 0.6188585069444444 0.4222439236111111 0.041579861111111116 0.025694444444444464
3 0.38467881944444443 0.43276909722222223 0.040169270833333326 0.05009403935185186
3 0.2001953125 0.4380425347222222 0.03791232638888886 0.036407696759259256
3 0.25128038194444446 0.5392433449074074 0.029926215277777724 0.02853732638888884
3 0.3118923611111111 0.5417245370370369 0.03682725694444444 0.031517650462963065
3 0.6868923611111111 0.5389467592592593 0.03368055555555571 0.021730324074074048
3 0.7570529513888888 0.531589988425926 0.018967013888888884 0.018692129629629628
3 0.7854817708333334 0.5362630208333333 0.020920138888888884 0.018706597222222232
3 0.8632378472222222 0.431177662037037 0.026085069444444553 0.03143807870370363