2 0.7597005208333334 0.4044921875 0.09101562499999982 0.08190104166666667
2 0.6989583333333333 0.50859375 0.060546875 0.04778645833333339
2 0.6149739583333333 0.396484375 0.07408854166666679 0.061328124999999956
2 0.7973307291666667 0.4981119791666667 0.054166666666666696 0.039583333333333304
2 0.47773437500000004 0.5302083333333334 0.059374999999999956 0.044791666666666785
2 0.8520833333333333 0.49544270833333337 0.057486979166666785 0.04563802083333335
2 0.4824869791666667 0.41022135416666666 0.06471354166666665 0.06653645833333333
2 0.1822265625 0.45279947916666663 0.07408854166666667 0.09049479166666674
2 0.6244791666666667 0.5096354166666667 0.05742187500000018 0.04466145833333335
2 0.5451822916666667 0.408984375 0.06503906249999991 0.07141927083333333
2 0.3609375 0.426171875 0.07356770833333326 0.08268229166666674
2 0.3681640625 0.5345703125000001 0.0595703125 0.047721354166666785
2 0.88125 0.3885416666666667 0.06126302083333335 0.05852864583333339
3 0.43294270833333337 0.5204427083333334 0.035937499999999956 0.02864583333333348
2 0.9239583333333333 0.484765625 0.052539062499999956 0.04433593750000009
2 0.39908854166666663 0.5276041666666667 0.03938802083333326 0.036653645833333304
3 0.7421223958333334 0.4939453125 0.03261718750000009 0.022591145833333326
2 0.26471354166666666 0.439453125 0.08899739583333333 0.08079427083333335
3 0.5151692708333333 0.5179036458333334 0.03580729166666674 0.04127604166666665
2 0.9235677083333333 0.390625 0.04485677083333339 0.060351562499999956
2 0.8985677083333333 0.4864583333333333 0.04967447916666656 0.045117187500000044
3 0.4197916666666667 0.41145833333333337 0.0639322916666667 0.06940104166666661
3 0.316796875 0.426171875 0.05091145833333344 0.06367187500000004
3 0.6445963541666666 0.3994140625 0.04205729166666661 0.04752604166666663
3 0.7031901041666666 0.3955078125 0.05559895833333339 0.061067708333333304
3 0.7646484375 0.4934244791666667 0.025325520833333393 0.029882812500000022
3 0.8251953125 0.4893880208333333 0.038541666666666696 0.038541666666666696
3 0.2912109375 0.5279296875 0.03151041666666665 0.03515625
3 0.2109375 0.5303385416666666 0.019986979166666696 0.022721354166666874
3 0.1896484375 0.5347005208333333 0.018750000000000044 0.018750000000000044
3 0.5522135416666667 0.514453125 0.034049479166666785 0.044075520833333215
2 0.5869140625 0.5199869791666667 0.037109375 0.04622395833333326
2 0.21595052083333333 0.44368489583333337 0.07239583333333333 0.07968749999999991
2 0.26028645833333336 0.5348958333333333 0.043815104166666674 0.044726562499999956
2 0.23684895833333333 0.5364583333333334 0.035807291666666685 0.04127604166666665
2 0.32584635416666663 0.5324869791666667 0.04622395833333326 0.037109375
2 0.8196614583333333 0.4063802083333333 0.08066406249999991 0.07246093750000004