2 0.849609375 0.5546875 0.0703125 0.048828125
2 0.732421875 0.5498046875 0.095703125 0.078125
2 0.6435546875 0.560546875 0.0625 0.0732421875
2 0.8388671875 0.453125 0.0576171875 0.041015625
2 0.326171875 0.443359375 0.0546875 0.044921875
2 0.583984375 0.5595703125 0.064453125 0.0595703125
2 0.283203125 0.5517578125 0.083984375 0.0732421875
2 0.2685546875 0.4501953125 0.0595703125 0.046875
2 0.453125 0.556640625 0.0703125 0.072265625
2 0.7763671875 0.4501953125 0.0654296875 0.0390625
2 0.138671875 0.5390625 0.0595703125 0.0673828125
2 0.880859375 0.4580078125 0.0498046875 0.0341796875
2 0.1953125 0.4501953125 0.0546875 0.0361328125
2 0.6376953125 0.451171875 0.0498046875 0.048828125
2 0.1455078125 0.455078125 0.0498046875 0.037109375
2 0.515625 0.4482421875 0.046875 0.0439453125
2 0.591796875 0.4501953125 0.041015625 0.0341796875
2 0.5498046875 0.447265625 0.0419921875 0.0361328125
2 0.513671875 0.5595703125 0.064453125 0.0654296875
2 0.892578125 0.546875 0.044921875 0.0546875
3 0.228515625 0.4580078125 0.0283203125 0.0205078125
2 0.4013671875 0.447265625 0.0595703125 0.048828125
2 0.7109375 0.453125 0.052734375 0.037109375
2 0.6611328125 0.4501953125 0.0576171875 0.048828125
2 0.4375 0.451171875 0.041015625 0.0341796875
2 0.236328125 0.5439453125 0.072265625 0.076171875
3 0.4794921875 0.4580078125 0.029296875 0.0234375
3 0.3359375 0.560546875 0.044921875 0.0595703125
3 0.677734375 0.5576171875 0.046875 0.0546875
3 0.7685546875 0.560546875 0.0390625 0.0517578125
3 0.806640625 0.5595703125 0.0439453125 0.0439453125
3 0.728515625 0.455078125 0.033203125 0.0341796875
3 0.810546875 0.4580078125 0.0263671875 0.029296875
3 0.861328125 0.4609375 0.0234375 0.029296875
3 0.3623046875 0.451171875 0.03125 0.037109375
3 0.169921875 0.458984375 0.0234375 0.025390625
2 0.3876953125 0.5498046875 0.0595703125 0.0859375
2 0.1533203125 0.5419921875 0.0546875 0.072265625
2 0.185546875 0.548828125 0.060546875 0.0703125
2 0.287109375 0.451171875 0.0361328125 0.0439453125