2 0.43072916666666666 0.5747685185185185 0.07509403935185188 0.06467013888888884
2 0.28777488425925923 0.5578486689814814 0.08523582175925926 0.07765480324074092
2 0.5633969907407408 0.5738208912037037 0.09020543981481488 0.08072916666666652
2 0.16975549768518516 0.559230324074074 0.06713686342592595 0.059555844907407396
2 0.14827835648148147 0.46004774305555557 0.057855902777777746 0.042693865740740744
2 0.6850694444444445 0.4652199074074074 0.05891927083333348 0.04565248842592595
2 0.2535734953703704 0.45731336805555556 0.047945601851851816 0.037521701388888884
2 0.8199797453703703 0.474095775462963 0.049927662037037024 0.0385561342592593
2 0.6176287615740741 0.4612702546296296 0.06406249999999991 0.05458622685185188
2 0.4615234375 0.4615234375 0.047945601851851816 0.037521701388888884
2 0.8783347800925926 0.5665653935185184 0.05360966435185177 0.0640335648148147
2 0.7788122106481481 0.5665436921296296 0.08546730324074092 0.0854673032407407
2 0.7573929398148148 0.4693142361111111 0.05096209490740744 0.04053819444444451
3 0.34976128472222223 0.5752965856481482 0.06058304398148151 0.03594473379629637
2 0.3522063078703703 0.46023582175925926 0.05601851851851847 0.04654224537037033
2 0.5029079861111111 0.5739800347222221 0.07434895833333344 0.07245370370370363
2 0.6832537615740741 0.5685908564814814 0.08374565972222214 0.0932219328703705
3 0.2850549768518519 0.46605179398148144 0.027437789351851816 0.036914062499999956
2 0.7291015625 0.46945167824074074 0.040133101851851816 0.03729021990740744
2 0.5738859953703703 0.4668041087962963 0.042115162037037024 0.038324652777777746
3 0.5115596064814815 0.4708116319444444 0.04262876157407414 0.022728587962963065
2 0.11708622685185185 0.46107494212962963 0.027206307870370372 0.029101562499999956
2 0.4195891203703703 0.46223234953703707 0.042086226851851816 0.03734809027777786
2 0.3697844328703703 0.46075665509259256 0.0610170717592593 0.05059317129629637
2 0.830714699074074 0.5729600694444444 0.061508969907407396 0.06719473379629637
2 0.13046151620370372 0.5502604166666667 0.056626157407407396 0.06705005787037033
3 0.20988136574074073 0.5633463541666666 0.04329427083333337 0.045189525462963065
3 0.2450954861111111 0.5663411458333334 0.034592013888888884 0.04785879629629619
3 0.3966941550925926 0.578638599537037 0.03775318287037033 0.055758101851851816
3 0.623169849537037 0.582421875 0.06607349537037033 0.05659722222222219
3 0.7324001736111112 0.5807798032407407 0.0513382523148147 0.05323350694444451
3 0.8632667824074074 0.4861111111111111 0.013331886574074137 0.021860532407407374
3 0.839771412037037 0.48346354166666666 0.01818576388888893 0.021028645833333304
3 0.7918041087962963 0.47813946759259257 0.02430555555555558 0.029991319444444442
3 0.538816550925926 0.46869212962962964 0.035423900462963065 0.04300491898148151
3 0.31535734953703703 0.46792534722222223 0.034273726851851816 0.0371166087962963
3 0.17567997685185185 0.4628110532407408 0.02743778935185187 0.036914062499999956
3 0.19911747685185185 0.4635054976851852 0.02924623842592594 0.03208912037037037
3 0.22272858796296297 0.4700593171296297 0.03211805555555558 0.030222800925925997
3 0.12513020833333333 0.46911892361111107 0.02226562500000001 0.027003761574074137