2 0.576171875 0.48368778935185186 0.068359375 0.06170428240740744
2 0.3076171875 0.3629557291666667 0.0830078125 0.07939091435185186
2 0.5576171875 0.33955439814814814 0.0751953125 0.08857783564814814
2 0.3017578125 0.4952256944444445 0.0625 0.05345775462962965
2 0.185546875 0.49895109953703703 0.0625 0.04564525462962965
2 0.484375 0.34986255787037035 0.0810546875 0.08412905092592593
2 0.390625 0.48180700231481477 0.0576171875 0.04626012731481488
2 0.341796875 0.4873770254629629 0.0419921875 0.04510271990740744
2 0.7109375 0.46882233796296297 0.0703125 0.05794270833333337
2 0.908203125 0.3409288194444444 0.123046875 0.11263020833333326
2 0.125 0.5014829282407407 0.0625 0.04955150462962976
2 0.4013671875 0.3433159722222222 0.0673828125 0.07042100694444442
2 0.078125 0.5000723379629629 0.052734375 0.044921875
2 0.439453125 0.48502604166666663 0.0498046875 0.04763454861111116
2 0.853515625 0.45044849537037035 0.0810546875 0.05483217592592593
2 0.708984375 0.34299045138888884 0.0859375 0.1059751157407407
2 0.8173828125 0.3359375 0.09375 0.09581163194444442
2 0.220703125 0.37915943287037035 0.0986328125 0.0932436342592593
3 0.6279296875 0.45934606481481477 0.044921875 0.03457754629629628
3 0.6328125 0.3310546875 0.076171875 0.07888454861111116
3 0.255859375 0.4839771412037037 0.041015625 0.03135850694444442
2 0.7607421875 0.46122685185185186 0.044921875 0.03946035879629628
2 0.666015625 0.46629050925925924 0.0390625 0.04683883101851849
2 0.0810546875 0.38169126157407407 0.0625 0.06419994212962965
2 0.0361328125 0.39380787037037035 0.068359375 0.08025896990740744
3 0.125 0.36867042824074076 0.0546875 0.05873842592592593
3 0.1748046875 0.36791087962962965 0.046875 0.05523003472222232
3 0.7626953125 0.32338686342592593 0.0546875 0.05678530092592593
3 0.796875 0.4458550347222222 0.0439453125 0.04231770833333337
3 0.8955078125 0.43952546296296297 0.021484375 0.02698206018518523
3 0.921875 0.4346426504629629 0.0234375 0.03005642361111116
3 0.5361328125 0.4700520833333333 0.0546875 0.05092592592592593
3 0.486328125 0.4737413194444444 0.046875 0.05034722222222232
3 0.228515625 0.48600260416666663 0.033203125 0.0366391782407407
3 0.154296875 0.49150028935185186 0.0390625 0.0360966435185186