2 0.6402705439814815 0.46946614583333335 0.07443576388888884 0.07645399305555545
2 0.16835937499999998 0.45631510416666665 0.06908998842592595 0.06061197916666661
2 0.568091724537037 0.4633246527777778 0.06142216435185177 0.06514756944444444
2 0.4228732638888889 0.5791015625 0.048119212962962954 0.04407552083333344
2 0.7120804398148148 0.5870659722222222 0.0561342592592593 0.05125868055555549
2 0.8363570601851852 0.4850260416666667 0.07494936342592595 0.06087239583333337
2 0.7776548032407408 0.5850911458333334 0.060959201388888884 0.04952256944444455
2 0.21331018518518519 0.45733506944444446 0.0644386574074074 0.06820746527777777
2 0.5363570601851853 0.5773003472222222 0.04510271990740744 0.041015625
2 0.4995876736111111 0.46516927083333337 0.05946903935185177 0.06506076388888893
2 0.320703125 0.46308593750000004 0.08336950231481488 0.08172743055555554
2 0.4371455439814815 0.4604383680555556 0.07230902777777781 0.07050781250000004
2 0.2631148726851852 0.4595486111111111 0.06751302083333333 0.0732204861111111
2 0.18100405092592592 0.5575954861111112 0.04788773148148151 0.036263020833333215
2 0.6136212384259259 0.5768229166666667 0.05613425925925908 0.05125868055555571
2 0.879152199074074 0.4927951388888889 0.06156684027777781 0.07003038194444444
2 0.37915943287037035 0.5693359375 0.04803240740740744 0.04114583333333344
2 0.825535300925926 0.5862413194444445 0.042115162037037024 0.038932291666666785
2 0.11631221064814815 0.4637803819444445 0.04654224537037038 0.05668402777777781
3 0.20467303240740742 0.5508246527777778 0.029304108796296302 0.03446180555555545
2 0.3353587962962963 0.5625 0.034960937499999956 0.02788628472222232
2 0.8825231481481481 0.5770399305555556 0.03729021990740744 0.040668402777777724
2 0.8540002893518519 0.5826171875 0.03826678240740744 0.040711805555555536
3 0.23687065972222224 0.5532335069444445 0.0275824652777778 0.04218749999999982
3 0.6870949074074074 0.572265625 0.03743489583333326 0.045551215277777724
2 0.7744646990740741 0.3297309027777778 0.15177951388888888 0.05355902777777777
3 0.38254484953703705 0.455078125 0.053551793981481466 0.06284722222222228
3 0.4603009259259259 0.5700086805555555 0.04622395833333337 0.04594184027777781
3 0.7027994791666666 0.4712673611111111 0.053436053240740744 0.058940972222222276
3 0.7507667824074074 0.46948784722222225 0.04636863425925908 0.05082465277777781
3 0.7945674189814815 0.47632378472222225 0.03760850694444429 0.051410590277777724
3 0.7447699652777777 0.5728732638888889 0.037058738425925775 0.032855902777777946
3 0.6460503472222222 0.5714192708333333 0.038208912037037024 0.038758680555555536
3 0.5747034143518519 0.5702039930555556 0.04607928240740744 0.04105902777777781
3 0.4994791666666667 0.5678385416666667 0.04481336805555558 0.03125
3 0.3119212962962963 0.5614583333333334 0.03826678240740744 0.040711805555555536
3 0.2748697916666667 0.5578559027777777 0.0322627314814814 0.035568576388888884
3 0.15865885416666664 0.5526909722222222 0.02137586805555558 0.030208333333333393
3 0.1323712384259259 0.44982638888888893 0.03769531250000002 0.054340277777777724