2 0.4121310763888889 0.5514829282407407 0.07163628472222228 0.06373697916666665
2 0.6838107638888888 0.4267722800925926 0.08159722222222232 0.07310474537037037
2 0.43391927083333337 0.40707465277777777 0.08003472222222219 0.09056712962962965
2 0.6867404513888888 0.5589554398148149 0.06555989583333321 0.053624131944444375
2 0.8030598958333334 0.5609592013888889 0.06343315972222219 0.045695891203703765
2 0.5070529513888888 0.41629774305555556 0.07979600694444455 0.07982494212962965
2 0.5980251736111111 0.5468532986111111 0.060546875 0.047475405092592515
2 0.6468098958333334 0.5516999421296296 0.04292534722222219 0.04448061342592591
2 0.2774739583333333 0.5386140046296297 0.07348090277777775 0.05896990740740726
2 0.08272569444444444 0.4136429398148148 0.12530381944444446 0.1088541666666667
2 0.8636501736111111 0.5625940393518518 0.06549479166666661 0.050694444444444375
2 0.5903428819444445 0.408521412037037 0.0698567708333333 0.07143373842592593
2 0.9106336805555555 0.5604890046296296 0.05364583333333339 0.04414062499999982
2 0.5490451388888888 0.5507957175925926 0.05078125 0.04689670138888902
2 0.13506944444444444 0.5223524305555556 0.08111979166666666 0.05162037037037037
2 0.2822265625 0.4127531828703704 0.08519965277777775 0.10355179398148151
2 0.1738064236111111 0.40730613425925927 0.09370659722222219 0.09137731481481481
2 0.7705078125 0.44168836805555556 0.1035373263888888 0.09488570601851853
3 0.36082899305555555 0.5279079861111111 0.04756944444444444 0.03402777777777777
3 0.3587890625 0.39968894675925926 0.07979600694444444 0.07982494212962965
3 0.7329644097222222 0.5470269097222222 0.039626736111111116 0.02770543981481488
2 0.2277560763888889 0.5317563657407407 0.04769965277777777 0.03988715277777777
2 0.32252604166666665 0.5354166666666667 0.03802083333333339 0.04321469907407405
2 0.9103298611111111 0.44215133101851856 0.06579861111111107 0.06436631944444438
2 0.9550564236111111 0.45360243055555555 0.06898871527777772 0.07625868055555551
3 0.8666015625000001 0.4297815393518518 0.05388454861111125 0.054882812500000044
3 0.8167317708333333 0.42975983796296297 0.05004340277777786 0.05758101851851849
3 0.22886284722222222 0.3939453125 0.055902777777777746 0.057928240740740655
3 0.19190538194444445 0.5169198495370371 0.04481336805555558 0.04166666666666652
3 0.09325086805555555 0.5120515046296297 0.024023437500000022 0.027756076388888884
3 0.06694878472222222 0.5075593171296297 0.024023437499999994 0.027756076388888884
3 0.4525390625 0.5372540509259259 0.0537109375 0.047070312500000044
3 0.50234375 0.5402054398148148 0.04986979166666661 0.0497685185185186
3 0.7603081597222222 0.5486472800925926 0.03396267361111116 0.036147280092592604
3 0.8345269097222222 0.5530454282407407 0.03982204861111116 0.03649450231481488