2 0.3672236689814815 0.5293041087962962 0.06159577546296302 0.04215133101851842
2 0.40813802083333334 0.5252242476851852 0.05060040509259256 0.03671151620370372
2 0.8860532407407408 0.4132957175925926 0.046780960648148184 0.05696614583333337
2 0.4951533564814815 0.5226707175925926 0.051273148148148096 0.030902777777777946
2 0.2939814814814815 0.5331018518518519 0.05337818287037033 0.03393373842592595
2 0.22356770833333334 0.5347945601851851 0.06452546296296291 0.042303240740740655
2 0.32728587962962963 0.5333333333333333 0.048596643518518556 0.03563368055555549
2 0.13564814814814813 0.4443721064814815 0.04118923611111114 0.04304108796296302
2 0.8340422453703704 0.4110966435185185 0.06508246527777795 0.053045428240740655
2 0.31184895833333337 0.4244646990740741 0.08389033564814818 0.05889033564814816
2 0.6012152777777777 0.41533564814814816 0.06811342592592595 0.05515046296296289
2 0.1745876736111111 0.5343967013888888 0.050549768518518556 0.03573495370370372
2 0.26263020833333334 0.5327690972222222 0.05460792824074079 0.038867187499999956
2 0.1373263888888889 0.5333912037037036 0.04581886574074073 0.03841145833333348
2 0.5361689814814814 0.5205439814814814 0.04644097222222232 0.03162615740740726
3 0.788816550925926 0.407566550925926 0.055570023148148184 0.057421874999999956
3 0.7289930555555555 0.4057725694444444 0.052792245370370416 0.060199652777777724
3 0.38709490740740743 0.4215422453703703 0.052893518518518534 0.062152777777777724
3 0.27283709490740743 0.42746672453703705 0.045081018518518534 0.06174768518518525
3 0.2243634259259259 0.43683449074074077 0.057776331018518534 0.062405960648148184
2 0.6719328703703704 0.4195023148148148 0.06948061342592604 0.081517650462963
2 0.525144675925926 0.4212384259259259 0.07395833333333335 0.07395833333333335
2 0.4466145833333333 0.41747685185185185 0.06404079861111112 0.07052228009259254
2 0.17764033564814813 0.44219473379629626 0.07144820601851853 0.06311487268518512
2 0.4531611689814815 0.5248480902777778 0.04293981481481479 0.03923611111111103
2 0.5815972222222222 0.5279803240740741 0.043598090277777724 0.05193142361111125
2 0.6254412615740741 0.5237485532407408 0.038715277777777724 0.05167824074074079
2 0.6646050347222222 0.5236762152777777 0.044574652777777724 0.05198206018518525
2 0.7038700810185186 0.5255570023148148 0.044574652777777946 0.05198206018518503
2 0.7399522569444444 0.522706886574074 0.04344618055555549 0.04900173611111125
2 0.7711009837962963 0.5191333912037037 0.03645833333333348 0.04571759259259256
2 0.8040509259259259 0.5125289351851852 0.04467592592592595 0.05393518518518525
2 0.8304181134259259 0.5111617476851852 0.03805700231481479 0.03898292824074079
2 0.8567346643518519 0.5088179976851852 0.03507667824074079 0.037854456018518556