2 0.26048177083333335 0.4712094907407407 0.08550347222222221 0.07458043981481488
2 0.1355685763888889 0.4580439814814815 0.05865885416666666 0.05114293981481488
2 0.3466796875 0.4658564814814815 0.06210937500000002 0.07479745370370372
2 0.6614583333333334 0.6065538194444444 0.05078125 0.04763454861111116
2 0.22703993055555555 0.5675274884259259 0.04756944444444444 0.03472222222222232
2 0.4062282986111111 0.4712456597222222 0.06584201388888888 0.06727430555555558
2 0.7068359375 0.5013382523148149 0.08261718749999991 0.07631655092592604
2 0.7192274305555555 0.6039858217592593 0.05861545138888902 0.04918981481481488
2 0.10711805555555556 0.5498408564814815 0.053493923611111105 0.0380859375
2 0.5370225694444444 0.48386863425925924 0.07389322916666652 0.07859519675925919
2 0.8471354166666667 0.5264033564814815 0.06605902777777795 0.07703993055555558
2 0.2846137152777778 0.5737485532407407 0.04763454861111116 0.03765190972222232
2 0.7905381944444445 0.6082899305555556 0.04956597222222214 0.03682002314814814
2 0.19309895833333335 0.46621817129629634 0.0718098958333333 0.07259114583333337
2 0.5993489583333333 0.49631076388888884 0.07801649305555558 0.08865017361111116
2 0.4350043402777778 0.5848885995370371 0.04963107638888886 0.03974971064814814
3 0.4771484375 0.5811631944444444 0.037131076388888795 0.04759837962962976
2 0.32664930555555555 0.5749059606481481 0.05772569444444442 0.05302372685185186
2 0.3940321180555556 0.5798972800925926 0.03982204861111116 0.0370732060185186
2 0.5473741319444444 0.5902777777777778 0.04965277777777777 0.04072627314814814
2 0.09739583333333332 0.45912905092592593 0.04511718749999999 0.05598958333333337
2 0.4765407986111111 0.4764539930555556 0.061827256944444464 0.06210214120370372
2 0.34522569444444445 0.5753038194444444 0.05772569444444442 0.05302372685185186
3 0.6285807291666666 0.5894458912037037 0.028841145833333304 0.02553530092592604
3 0.7643446180555555 0.5985243055555556 0.026822916666666696 0.0224609375
2 0.7535590277777777 0.5116464120370371 0.07693142361111116 0.08369502314814814
3 0.19602864583333332 0.5544704861111112 0.029231770833333337 0.04311342592592604
3 0.5142144097222222 0.585865162037037 0.03713107638888902 0.04759837962962976
3 0.8140842013888889 0.6051432291666667 0.018142361111111116 0.02669270833333348
3 0.8365885416666666 0.6048538773148149 0.024001736111111116 0.02712673611111116
3 0.6513454861111111 0.48940248842592593 0.059114583333333304 0.07165075231481488
3 0.17758246527777777 0.5482132523148149 0.029014756944444442 0.03334780092592604
3 0.15219184027777777 0.5463324652777778 0.019032118055555602 0.02285879629629628
3 0.12875434027777777 0.5445963541666667 0.020963541666666696 0.02202690972222232
2 0.8054036458333333 0.5115740740740741 0.059049479166666696 0.06872106481481488