2 0.4043330439814815 0.5075303819444444 0.06940827546296302 0.05768229166666661
2 0.6780960648148149 0.35496961805555555 0.08669704861111116 0.07697482638888886
2 0.4282769097222222 0.3611979166666667 0.07935474537037035 0.0893229166666667
2 0.6790726273148149 0.4865451388888889 0.0694082754629628 0.05768229166666672
2 0.7954644097222222 0.47649739583333334 0.06405526620370372 0.04476996527777777
2 0.5013382523148149 0.3628255208333333 0.07895688657407396 0.0785807291666667
2 0.5904586226851851 0.48365885416666665 0.05808738425925908 0.041579861111111116
2 0.6392144097222222 0.4834418402777778 0.04557291666666674 0.0458984375
2 0.2697482638888889 0.5086371527777778 0.072265625 0.055859375000000044
2 0.07667824074074074 0.40412326388888886 0.12058738425925927 0.09700520833333326
2 0.8560836226851852 0.47185329861111114 0.06416377314814814 0.04769965277777777
2 0.5848162615740741 0.34644097222222225 0.07280815972222232 0.07050781250000004
2 0.9031394675925926 0.4648871527777778 0.05624276620370372 0.04442274305555549
2 0.5413773148148149 0.49266493055555555 0.04839409722222232 0.043098958333333326
2 0.12745949074074076 0.5071614583333334 0.08289930555555558 0.053407118055555536
2 0.2763671875 0.38257378472222225 0.08658854166666663 0.10036892361111116
2 0.16793258101851852 0.38836805555555554 0.09194155092592593 0.08695746527777781
2 0.7646484375 0.3608723958333333 0.10181568287037046 0.09032118055555549
3 0.35333478009259256 0.4893229166666667 0.04499421296296302 0.0302734375
3 0.3531901041666667 0.36161024305555556 0.07476128472222221 0.07059461805555556
3 0.725513599537037 0.4698567708333333 0.0400028935185186 0.02712673611111116
2 0.22008825231481483 0.5069444444444444 0.04521122685185186 0.0361328125
2 0.3148871527777778 0.50078125 0.04361979166666674 0.045811631944444375
2 0.9045862268518519 0.34685329861111114 0.0698061342592593 0.06842447916666661
2 0.9491825810185185 0.3536458333333333 0.06503182870370372 0.07113715277777777
3 0.8610026041666667 0.33904079861111114 0.0567129629629628 0.05711805555555549
3 0.8110894097222222 0.3441840277777778 0.05078125 0.05490451388888884
3 0.2232349537037037 0.3693359375 0.058666087962962965 0.057204861111111116
3 0.18442563657407407 0.49585503472222225 0.043330439814814825 0.037999131944444375
3 0.08575665509259259 0.5012152777777779 0.0244140625 0.027408854166666607
3 0.059497974537037035 0.4994574652777778 0.0224609375 0.027322048611110983
3 0.44498697916666663 0.4891493055555555 0.05436197916666674 0.04628906249999998
3 0.49479166666666663 0.4869357638888889 0.04654947916666674 0.0459418402777777
3 0.752857349537037 0.4686414930555556 0.03446903935185164 0.03565538194444451
3 0.827076099537037 0.4653428819444444 0.04029224537037024 0.03493923611111116