2 0.7498191550925926 0.5110026041666667 0.08666087962962976 0.0766203703703705
2 0.6643156828703705 0.5271773726851852 0.06315104166666652 0.07345196759259265
2 0.3425925925925926 0.42644675925925923 0.05342158564814814 0.04760561342592595
2 0.874927662037037 0.5074508101851851 0.06423611111111116 0.050115740740740655
2 0.4737413194444444 0.5331452546296296 0.07798032407407418 0.07909432870370381
2 0.2822265625 0.4344690393518519 0.06705729166666663 0.04733796296296289
2 0.8152488425925926 0.5076099537037037 0.06987847222222232 0.07087673611111112
2 0.6047092013888888 0.5292896412037037 0.06170428240740744 0.06070601851851842
2 0.777416087962963 0.4107494212962963 0.04810474537037024 0.03563368055555549
2 0.8978587962962963 0.41331018518518514 0.05407262731481488 0.038867187499999956
2 0.30161313657407407 0.5352213541666666 0.08336950231481488 0.06670283564814827
2 0.16247106481481483 0.5297164351851852 0.06304253472222221 0.07052228009259265
2 0.2138671875 0.438013599537037 0.053096064814814825 0.03881655092592595
2 0.41095196759259256 0.5285734953703703 0.0751591435185186 0.08187210648148158
2 0.7247178819444444 0.4144603587962963 0.05114293981481488 0.038715277777777724
2 0.9128327546296295 0.5005931712962963 0.0429325810185186 0.05388454861111103
2 0.677806712962963 0.4159143518518519 0.05642361111111116 0.049710648148148184
2 0.5693359375 0.4195818865740741 0.04528356481481488 0.03841145833333337
3 0.5306351273148149 0.43137297453703705 0.03005642361111116 0.048343460648148096
2 0.5343967013888888 0.532935474537037 0.06987847222222232 0.07087673611111112
2 0.4571397569444444 0.4283347800925926 0.05309606481481488 0.03881655092592595
2 0.608470775462963 0.4195095486111111 0.04235387731481488 0.03825954861111114
2 0.15125868055555558 0.43832465277777777 0.04629629629629628 0.039438657407407374
3 0.24547887731481483 0.4461588541666667 0.02911603009259256 0.022952835648148096
2 0.6622178819444444 0.41770109953703705 0.05649594907407396 0.051663773148148184
3 0.8082682291666666 0.4248046875 0.03446903935185186 0.035901331018518556
3 0.3782913773148148 0.43927228009259256 0.02911603009259256 0.022952835648148096
3 0.36440248842592593 0.539793113425926 0.0473451967592593 0.06775896990740726
3 0.16543692129629628 0.4512876157407407 0.01656539351851849 0.026200810185185164
3 0.18883825231481483 0.449095775462963 0.01461226851851849 0.026099537037037046
3 0.49150028935185186 0.4314453125 0.03873697916666674 0.04586950231481479
3 0.7484085648148149 0.42008101851851853 0.03262442129629628 0.03872974537037033
3 0.8785083912037037 0.41920572916666665 0.02137586805555558 0.024500868055555625
3 0.8561197916666667 0.4223234953703704 0.01833767361111116 0.021419270833333393
3 0.8325737847222222 0.42060908564814814 0.02166521990740744 0.032313368055555625
2 0.20988859953703703 0.5419343171296296 0.07089120370370372 0.07190393518518512
2 0.25658275462962965 0.5346209490740741 0.08315248842592593 0.08716001157407405
2 0.4179325810185185 0.42645399305555554 0.0429325810185186 0.05388454861111103