2 0.4472222222222222 0.5389250578703704 0.06981336805555549 0.05668402777777781
2 0.7095269097222222 0.4062572337962963 0.08723958333333326 0.07573061342592591
2 0.45930989583333337 0.3939670138888889 0.07999131944444438 0.08819444444444446
2 0.7212456597222222 0.5382667824074074 0.06981336805555549 0.05668402777777781
2 0.8372395833333333 0.5368272569444444 0.06436631944444438 0.04384403935185177
2 0.5327690972222222 0.4010199652777778 0.07951388888888888 0.07745225694444446
2 0.6320746527777779 0.5287977430555556 0.05837673611111116 0.040740740740740744
2 0.6809895833333334 0.5321976273148148 0.0458984375 0.04524739583333348
2 0.31223958333333335 0.5300491898148147 0.07265624999999998 0.054817708333333215
2 0.10993923611111112 0.4109230324074074 0.12126736111111108 0.09526909722222221
2 0.8976996527777777 0.5366681134259259 0.06449652777777781 0.04677372685185199
2 0.6152126736111111 0.39078414351851853 0.07330729166666661 0.06946614583333333
2 0.9443576388888889 0.5331741898148148 0.056553819444444375 0.04361255787037033
2 0.5835503472222223 0.5341869212962963 0.048697916666666785 0.042404513888888884
2 0.16931423611111113 0.5180121527777778 0.08326822916666665 0.05220630787037028
2 0.30859375 0.40413049768518516 0.08730468749999998 0.0991391782407407
2 0.20023871527777778 0.4018952546296296 0.0925564236111111 0.08564091435185195
2 0.796875 0.4185980902777778 0.10245225694444438 0.0888599537037037
3 0.3945529513888889 0.5168836805555556 0.04520399305555556 0.02962239583333326
3 0.38398437500000004 0.38880931712962963 0.07526041666666661 0.06952401620370374
3 0.7664930555555556 0.5249782986111111 0.04019097222222223 0.02654803240740744
2 0.2622612847222222 0.5246672453703705 0.04546440972222221 0.03548177083333348
2 0.3569010416666667 0.5255208333333334 0.0439453125 0.045189525462963065
2 0.9361762152777777 0.4149233217592593 0.07029079861111098 0.06742621527777781
2 0.9743598090277779 0.42504340277777775 0.05128038194444429 0.07021122685185177
3 0.891796875 0.4038556134259259 0.05711805555555571 0.05630787037037033
3 0.8421223958333333 0.4053096064814815 0.05117187500000009 0.0541811342592593
3 0.25418836805555556 0.3869140625 0.0590711805555556 0.056365740740740744
3 0.22556423611111112 0.5109013310185185 0.04359809027777778 0.03737702546296284
3 0.1269748263888889 0.5089554398148148 0.024609375000000044 0.02706163194444433
3 0.10047743055555555 0.5052445023148148 0.02265624999999999 0.027003761574074137
3 0.48652343750000004 0.523509837962963 0.0546875 0.04550781249999991
3 0.536328125 0.5249855324074074 0.046875 0.04527633101851847
3 0.7938368055555556 0.5257884837962963 0.03472222222222232 0.03516348379629619
3 0.8680555555555556 0.5279875578703703 0.04053819444444429 0.03436053240740744