2 0.416015625 0.560546875 0.0673828125 0.0625
2 0.806640625 0.4482421875 0.056640625 0.0361328125
2 0.5234375 0.4423828125 0.060546875 0.048828125
2 0.4501953125 0.447265625 0.048828125 0.041015625
2 0.369140625 0.451171875 0.052734375 0.048828125
2 0.298828125 0.453125 0.0576171875 0.0419921875
2 0.1484375 0.5546875 0.0703125 0.0546875
2 0.5517578125 0.5595703125 0.064453125 0.0673828125
2 0.203125 0.4501953125 0.0673828125 0.048828125
2 0.486328125 0.5595703125 0.068359375 0.0673828125
2 0.119140625 0.4580078125 0.048828125 0.037109375
2 0.71875 0.5517578125 0.0810546875 0.0810546875
2 0.673828125 0.443359375 0.0576171875 0.048828125
2 0.712890625 0.4501953125 0.0439453125 0.0390625
2 0.859375 0.455078125 0.052734375 0.0439453125
3 0.6015625 0.453125 0.0439453125 0.0498046875
2 0.6435546875 0.4453125 0.0439453125 0.041015625
3 0.3310546875 0.564453125 0.056640625 0.0576171875
2 0.265625 0.453125 0.052734375 0.041015625
2 0.8564453125 0.544921875 0.0595703125 0.0576171875
3 0.744140625 0.455078125 0.0283203125 0.029296875
2 0.8330078125 0.548828125 0.0830078125 0.0654296875
3 0.1611328125 0.4609375 0.025390625 0.0361328125
2 0.1064453125 0.548828125 0.037109375 0.0517578125
3 0.6611328125 0.5595703125 0.0625 0.0546875
2 0.775390625 0.552734375 0.0654296875 0.0654296875
3 0.380859375 0.564453125 0.044921875 0.048828125
3 0.28125 0.5625 0.0546875 0.052734375
3 0.232421875 0.5625 0.037109375 0.0419921875
3 0.189453125 0.5625 0.041015625 0.0419921875
3 0.2392578125 0.458984375 0.029296875 0.0341796875
3 0.3388671875 0.458984375 0.0361328125 0.0361328125
3 0.412109375 0.4560546875 0.048828125 0.0390625
3 0.4873046875 0.453125 0.037109375 0.03125
3 0.5595703125 0.455078125 0.041015625 0.037109375
3 0.7763671875 0.455078125 0.0390625 0.037109375
3 0.8310546875 0.455078125 0.0361328125 0.037109375
3 0.138671875 0.4609375 0.033203125 0.037109375