1 1 0.340992171875 0.9710721171875 0.203527890625 0.90291322265625 0.20022608984375 0.9258488828125 0.35002447265625 1 0.349260091796875 1 0.340992171875
1 0.8391732421875 0.34966021484375 0.81719399609375 0.1963573984375 0.73964793359375 0.1879016015625 0.757365833984375 0.3476854375 0.8391732421875 0.34966021484375
1 0.757214013671875 0.34475746875 0.739355033203125 0.191332591796875 0.660244814453125 0.1889341328125 0.673314107421875 0.350175857421875 0.757214013671875 0.34475746875
1 0.671514208984375 0.347296720703125 0.660767873046875 0.1877961875 0.583066033203125 0.189900759765625 0.59248258203125 0.351104634765625 0.671514208984375 0.347296720703125
1 0.50826207421875 0.34933105078125 0.5023840625 0.18822003515625 0.422148869140625 0.18473248046875 0.424882544921875 0.348869130859375 0.50826207421875 0.34933105078125
0 0.924259798828125 0.350201251953125 0.884834015625 0.099178060546875 0.8058478125 0.104090689453125 0.847928 0.3583278671875 0.924259798828125 0.350201251953125
0 0.5437427662037038 0.24405381944444443 0.08460648148148131 0.25894820601851853
0 0.3747974537037037 0.24905960648148145 0.09557291666666667 0.3012008101851852
0 0.2935908564814815 0.24853153935185185 0.09801070601851858 0.2729962384259259
0 0.246457322265625 0.358846623046875 0.25529217578125 0.131319375 0.183637533203125 0.119886244140625 0.170049609375 0.365509255859375 0.246457322265625 0.358846623046875
0 0.160009365234375 0.362874279296875 0.1775940390625 0.1130943359375 0.103209205078125 0.101146873046875 0.074905845703125 0.360997166015625 0.160009365234375 0.362874279296875
0 0.012434705078125 0.23981216015625 0.021992787109375 0.424146595703125 0.07832088671875 0.31544290625 0.08157315625 0.250832439453125 0.032542515625 0.19656853515625 0.012434705078125 0.23981216015625
0 0.22961856640625 0.99355375 0.239462189453125 0.8173146171875 0.16201841796875 0.80568578125 0.13244325390625 0.997612107421875 0.22961856640625 0.99355375
0 0.08158998842592594 0.8944661458333334 0.08012152777777776 0.210062210648148
0 0.30047743055555554 0.9094979745370371 0.09942853009259256 0.16870659722222214
0 0.4134548611111111 0.9002821180555556 0.09417679398148149 0.18025173611111112
0 0.5312138310185185 0.8889684606481482 0.09108072916666665 0.19576099537037028
0 0.6416811342592592 0.869068287037037 0.10354456018518521 0.22928240740740735
0 0.7572048611111111 0.8900969328703703 0.09905960648148149 0.18039641203703694
0 0.8648292824074074 0.8908203125 0.0986545138888888 0.17258391203703694