1 0 0.681514599609375 0.032349537109375 0.679737103515625 0 0.592442728515625 0 0.681514599609375
1 0.00045561328125 0.5876984140625 0.032349537109375 0.679737103515625 0.083688822265625 0.6808779765625 0.052088845703125 0.57891865234375 0.00045561328125 0.5876984140625
1 0.05531948046875 0.582961310546875 0.0882118984375 0.6789930546875 0.1373190390625 0.68008432421875 0.110946685546875 0.59015376953125 0.05531948046875 0.582961310546875
1 0.112003966796875 0.59216269921875 0.14060846484375 0.682142857421875 0.193122611328125 0.681324404296875 0.166926623046875 0.58544146875 0.112003966796875 0.59216269921875
1 0.168982400390625 0.591443453125 0.19535475390625 0.6813740078125 0.24992467578125 0.6865575390625 0.228310552734375 0.586805556640625 0.168982400390625 0.591443453125
1 0.229426623046875 0.586830357421875 0.251040748046875 0.68658233984375 0.3068443203125 0.687822419921875 0.286463845703125 0.584126984375 0.229426623046875 0.586830357421875
1 0.28963569140625 0.59015376953125 0.3070206875 0.681870041015625 0.365056400390625 0.68315972265625 0.35213569140625 0.59154266015625 0.28963569140625 0.59015376953125
1 0.351078408203125 0.58953373046875 0.36599610546875 0.689136904296875 0.4240318203125 0.6904265859375 0.413695986328125 0.586954365234375 0.351078408203125 0.58953373046875
1 0.41469448046875 0.590947421875 0.427497611328125 0.686532736328125 0.48776546875 0.6878720234375 0.479544201171875 0.58841766015625 0.41469448046875 0.590947421875
1 0.48048390625 0.594394841796875 0.4875891015625 0.693824404296875 0.547856958984375 0.695163689453125 0.5432190625 0.587847220703125 0.48048390625 0.594394841796875
0 0.545862728515625 0.574007935546875 0.5529660859375 0.7488839296875 0.598725015625 0.74990079296875 0.60072659375 0.56927083203125 0.545862728515625 0.574007935546875
1 0.612474279296875 0.587400794921875 0.6123539453125 0.704538689453125 0.67608759375 0.701984126953125 0.682904357421875 0.584995041015625 0.612474279296875 0.587400794921875
0 0.695298720703125 0.5812996015625 0.68801073046875 0.751884919921875 0.739350015625 0.75302579296875 0.756565072265625 0.5866319453125 0.695298720703125 0.5812996015625
0 0.83510159375 0.574479166015625 0.774833736328125 0.573139880859375 0.7548574375 0.75734126953125 0.8093685703125 0.764508927734375 0.83510159375 0.574479166015625
0 0.81306951953125 0.752678572265625 0.8641736484375 0.761755953125 0.90711621875 0.631671626953125 0.90529559765625 0.617733134765625 0.84426440234375 0.60446428515625 0.81306951953125 0.752678572265625
0 0.98900922265625 0.280084326171875 0.993769291015625 0.194816466796875 0.931445658203125 0.187475197265625 0.8931997734375 0.422891865234375 0.9539958125 0.444097220703125 0.98900922265625 0.280084326171875
0 0.804324662109375 0.4447420625 0.8678819453125 0.4481398828125 0.905717224609375 0.188888888671875 0.830000736328125 0.18125 0.804324662109375 0.4447420625
0 0.807855673828125 0.1748015859375 0.73531103125 0.173189484375 0.720501728515625 0.446850197265625 0.785116291015625 0.4522569453125 0.807855673828125 0.1748015859375
1 0.72156451953125 0.222519841796875 0.632102439453125 0.226488095703125 0.626048095703125 0.3931299609375 0.707521310546875 0.3949404765625 0.72156451953125 0.222519841796875
0 0.624289939453125 0.226314484375 0.561672361328125 0.228893849609375 0.564956275390625 0.45729166796875 0.615238279296875 0.456423611328125 0.624289939453125 0.226314484375
1 0.4639862578125 0.246577380859375 0.471912662109375 0.393675595703125 0.551330099609375 0.389484126953125 0.54581220703125 0.2364831328125 0.4639862578125 0.246577380859375
1 0.4641038359375 0.242609126953125 0.3856261015625 0.25277777734375 0.40130621875 0.40203373046875 0.477551806640625 0.3918154765625 0.4641038359375 0.242609126953125
1 0.32858520703125 0.4063740078125 0.400190146484375 0.402008927734375 0.384349119140625 0.25884503125 0.307030791015625 0.266914681640625 0.32858520703125 0.4063740078125
0 0.2334288671875 0.263293650390625 0.27360192578125 0.49052579296875 0.3345164609375 0.47003968359375 0.290818818359375 0.248685515625 0.2334288671875 0.263293650390625
1 0.2333112890625 0.267261904296875 0.15935662890625 0.275545634765625 0.1911320546875 0.40927579296875 0.25057778515625 0.400669642578125 0.2333112890625 0.267261904296875
1 0.158358134765625 0.271552578125 0.087928056640625 0.27395833203125 0.123051697265625 0.407762896484375 0.18807778515625 0.39928075390625 0.158358134765625 0.271552578125
1 0.0867531953125 0.275917658203125 0.017497978515625 0.276364087890625 0.06149140234375 0.412351189453125 0.12422655859375 0.4058035703125 0.0867531953125 0.275917658203125
1 0 0.41082258984375 0.06155019140625 0.4103670625 0.0164406953125 0.274355158203125 0 0.2725935859375 0 0.41082258984375