0 0.103515625 0.23828125 0.0771484375 0.25
0 0.19140625 0.2470703125 0.068359375 0.2548828125
0 0.279296875 0.2568359375 0.0732421875 0.275390625
0 0.369140625 0.259765625 0.0869140625 0.2919921875
0 0.5322265625 0.2802734375 0.078125 0.2666015625
0 0.849609375 0.2734375 0.1044921875 0.2685546875
0 0.030629916015625 0.200647060546875 0 0.233959904296875 0.00052080078125 0.4194444453125 0.07540616015625 0.30243627734375 0.030629916015625 0.200647060546875
0 0.06395180078125 1 0.08790186328125 0.81138260546875 0.00364580078125 0.8055555546875 0 1 0.06395180078125 1
0 0.18370230078125 1 0.208693703125 0.818785345703125 0.119141115234375 0.813233205078125 0.08802080078125 0.988888888671875 0.18370230078125 1
0 0.308659310546875 1 0.31490716015625 0.833591166015625 0.2263959140625 0.82248688671875 0.21145830078125 0.9805555546875 0.308659310546875 1
0 0.423203203125 1 0.421120619140625 0.824337486328125 0.33260937109375 0.81693474609375 0.32552080078125 0.99722222265625 0.423203203125 1
0 0.528375322265625 1 0.531499248046875 0.7984275546875 0.45131853125 0.7928754140625 0.44739580078125 0.988888888671875 0.528375322265625 1
0 0.65020840625 1 0.63979538671875 0.7762189921875 0.56377983984375 0.7706668515625 0.56302080078125 0.983333333984375 0.65020840625 1
0 0.758504544921875 1 0.74080223828125 0.8206361171875 0.67311722265625 0.818785345703125 0.67552080078125 0.986111111328125 0.758504544921875 1
0 0.86471800390625 1 0.851180962890625 0.8261882578125 0.779330681640625 0.846546048828125 0.78489580078125 0.9944444453125 0.86471800390625 1
0 0.519003546875 0 0.514838376953125 0.0322321171875 0.576275541015625 0.0266799765625 0.577316880859375 0 0.519003546875 0
1 0.4521484375 0.2841796875 0.0791015625 0.1962890625
1 0.6103515625 0.2880859375 0.0771484375 0.203125
1 0.6884765625 0.287109375 0.08203125 0.197265625
1 0.775390625 0.2919921875 0.0810546875 0.1943359375
1 0.935546875 0.287109375 0.0888671875 0.1943359375
1 0.580440806640625 0 0.580440806640625 0.03408284375 0.648125822265625 0.039634986328125 0.64739580078125 0.00277777734375 0.580440806640625 0
1 0.646043236328125 0 0.645001896484375 0.0377842578125 0.72310002734375 0.03593353125 0.72239580078125 0 0.646043236328125 0
1 0.7220586875 0 0.7220586875 0.028530705078125 0.79390896875 0.028530705078125 0.79427080078125 0 0.7220586875 0
1 0.863100306640625 0.00066713671875 0.7918263828125 0 0.79286772265625 0.030381390625 0.865759248046875 0.022978564453125 0.863100306640625 0.00066713671875
1 0.928774759765625 0.00064515625 0.861594078125 0 0.863676759765625 0.041485669921875 0.93656828515625 0.039634986328125 0.928774759765625 0.00064515625
1 0.924072583984375 0 0.93032043359375 0.03408284375 0.996964109375 0.030381390625 0.99739580078125 0.00277777734375 0.924072583984375 0