0 0.1103515625 0.2197265625 0.072265625 0.2548828125
0 0.1923828125 0.2353515625 0.068359375 0.2529296875
0 0.2744140625 0.2333984375 0.076171875 0.271484375
0 0.365234375 0.23828125 0.0830078125 0.283203125
0 0.5302734375 0.2421875 0.072265625 0.2509765625
0 0.8515625 0.2333984375 0.08203125 0.2568359375
0 0.024382064453125 0.158080623046875 0 0.200647060546875 0.00364580078125 0.391666666015625 0.069158310546875 0.2654220625 0.024382064453125 0.158080623046875
0 0 0.99830461328125 0.060827875 1 0.092067126953125 0.785472501953125 0 0.775 0 0.99830461328125
0 0.1826609609375 1 0.200363171875 0.7984275546875 0.121223794921875 0.7928754140625 0.08333330078125 1 0.1826609609375 1
0 0.302411458984375 1 0.3097005546875 0.807681064453125 0.224313328125 0.8039796953125 0.20052080078125 0.991666666015625 0.302411458984375 1
0 0.417996693359375 1 0.417996693359375 0.80212892578125 0.327402861328125 0.80583037890625 0.32239580078125 0.9805555546875 0.417996693359375 1
0 0.530458001953125 1 0.52212747265625 0.7928754140625 0.446112021484375 0.789173958984375 0.44270830078125 1 0.530458001953125 1
0 0.643960556640625 1 0.637712705078125 0.7595625703125 0.554408064453125 0.7540104296875 0.55677080078125 1 0.643960556640625 1
0 0.764752396484375 1 0.74705008984375 0.80212892578125 0.669993298828125 0.815083974609375 0.67239580078125 1 0.764752396484375 1
0 0.874089779296875 1 0.84285052734375 0.80583037890625 0.76995890625 0.809531833984375 0.78333330078125 0.99722222265625 0.874089779296875 1
1 0.451171875 0.25 0.0771484375 0.2158203125
1 0.609375 0.2666015625 0.08203125 0.205078125
1 0.6884765625 0.2734375 0.0830078125 0.1982421875
1 0.7744140625 0.267578125 0.0810546875 0.203125
1 0.931640625 0.2626953125 0.0810546875 0.1982421875