1 0.949588478515625 0.207716048828125 0.879275978515625 0.2097993828125 0.890630357421875 0.359760802734375 0.967367541015625 0.3597993828125 0.949588478515625 0.207716048828125
0 0.7983271171875 0.1127700625 0.813550240234375 0.36898148046875 0.889414009765625 0.357484568359375 0.868896818359375 0.103742283203125 0.7983271171875 0.1127700625
1 0.7182463125 0.203009259765625 0.722747341796875 0.36242283984375 0.808684841796875 0.35987654296875 0.7975019296875 0.2052854921875 0.7182463125 0.203009259765625
1 0.637774349609375 0.198456791015625 0.63698130859375 0.360339505859375 0.721359525390625 0.364776234375 0.715813615234375 0.1984567890625 0.637774349609375 0.198456791015625
1 0.640378515625 0.198379630859375 0.56372706640625 0.196026234375 0.55616641015625 0.365046296875 0.63420567578125 0.365046296875 0.640378515625 0.198379630859375
0 0.494770232421875 0.126388890625 0.47786994140625 0.371990740234375 0.54427619140625 0.3700231484375 0.553192515625 0.129282408203125 0.494770232421875 0.126388890625
1 0.40764853515625 0.196026234375 0.392275376953125 0.36527777734375 0.472747341796875 0.369830248046875 0.48551633203125 0.20065586328125 0.40764853515625 0.196026234375
0 0.330964935546875 0.124305556640625 0.29914158984375 0.386535494140625 0.376923654296875 0.393479939453125 0.4009345 0.13148148046875 0.330964935546875 0.124305556640625
0 0.251623583984375 0.12434413671875 0.216408392578125 0.37280092578125 0.296794623046875 0.379668208984375 0.32029106640625 0.131558642578125 0.251623583984375 0.12434413671875
0 0.1693351328125 0.133719134765625 0.133675197265625 0.359066357421875 0.20737954296875 0.370756171875 0.235312712890625 0.1433256171875 0.1693351328125 0.133719134765625
0 0.086687671875 0.11766975390625 0.04330096875 0.340933642578125 0.1242176796875 0.3685956796875 0.15439600390625 0.115663580078125 0.086687671875 0.11766975390625
0 0 0.39958161328125 0.062199931640625 0.287191357421875 0.021015517578125 0.205169751953125 0 0.230144583984375 0 0.39958161328125
0 0.742881025390625 0.832208994140625 0.748677248046875 0.976719576171875 0.826949220703125 0.9704365078125 0.8145300546875 0.8241402109375 0.742881025390625 0.832208994140625
0 0.63379996875 0.827513228515625 0.6404183203125 0.979927248046875 0.719806365234375 0.973611111328125 0.711176330078125 0.81531084765625 0.63379996875 0.827513228515625
0 0.52075525390625 0.779332009765625 0.522114748046875 0.9834325390625 0.607083150390625 0.97695105859375 0.60669275390625 0.776785712890625 0.52075525390625 0.779332009765625
0 0.413699662109375 0.81025132421875 0.407159392578125 0.986838625 0.490938234375 0.982374337890625 0.492940732421875 0.807903439453125 0.413699662109375 0.81025132421875
0 0.29577730078125 0.833564814453125 0.28550760546875 0.99044312109375 0.3648221640625 0.986111111328125 0.37933568359375 0.83505291015625 0.29577730078125 0.833564814453125
0 0.24644510546875 0.991600529296875 0.2675815703125 0.84232804296875 0.18997097265625 0.83075396875 0.16184413671875 0.988161375 0.24644510546875 0.991600529296875
0 0.088849390625 0.82185846484375 0.039971892578125 0.99771825390625 0.1304471640625 0.9930555546875 0.175168099609375 0.83912037109375 0.088849390625 0.82185846484375
0 0 0.998902607421875 0.006489748046875 0.998710318359375 0.047775205078125 0.817129630859375 0 0.811231875 0 0.998902607421875