1 0.9988839296875 0.3214285703125 0.94866071484375 0.32539682421875 0.986607142578125 0.416666666015625 1 0.416666666015625 0.9988839296875 0.3214285703125
1 0.89508928515625 0.32341269921875 0.9296875 0.412698412109375 0.9854910703125 0.414682541015625 0.94866071484375 0.32341269921875 0.89508928515625 0.32341269921875
1 0.838169642578125 0.32539682421875 0.872767857421875 0.42460317578125 0.9308035703125 0.412698412109375 0.89397321484375 0.32539682421875 0.838169642578125 0.32539682421875
1 0.786830357421875 0.32539682421875 0.81584821484375 0.422619046875 0.872767857421875 0.414682541015625 0.84375 0.327380953125 0.786830357421875 0.32539682421875
1 0.7879464296875 0.32539682421875 0.72991071484375 0.32539682421875 0.75446428515625 0.41865079296875 0.81696428515625 0.420634919921875 0.7879464296875 0.32539682421875
1 0.67522321484375 0.327380953125 0.697544642578125 0.42658730078125 0.755580357421875 0.42460317578125 0.72991071484375 0.32539682421875 0.67522321484375 0.327380953125
1 0.630580357421875 0.420634919921875 0.6941964296875 0.41865079296875 0.6729910703125 0.32341269921875 0.61383928515625 0.32341269921875 0.630580357421875 0.420634919921875
1 0.5535714296875 0.32539682421875 0.568080357421875 0.42460317578125 0.6328125 0.420634919921875 0.614955357421875 0.32341269921875 0.5535714296875 0.32539682421875
1 0.4933035703125 0.327380953125 0.502232142578125 0.42460317578125 0.5703125 0.420634919921875 0.5558035703125 0.32539682421875 0.4933035703125 0.327380953125
1 0.43415178515625 0.32539682421875 0.44084821484375 0.4285714296875 0.5066964296875 0.42658730078125 0.49553571484375 0.32539682421875 0.43415178515625 0.32539682421875
0 0.380580357421875 0.27579365234375 0.380580357421875 0.4464285703125 0.43303571484375 0.4444444453125 0.42633928515625 0.271825396484375 0.380580357421875 0.27579365234375
1 0.302455357421875 0.317460318359375 0.302455357421875 0.42658730078125 0.37053571484375 0.4285714296875 0.369419642578125 0.3194444453125 0.302455357421875 0.317460318359375
0 0.2433035703125 0.267857142578125 0.2332589296875 0.434523810546875 0.286830357421875 0.434523810546875 0.291294642578125 0.271825396484375 0.2433035703125 0.267857142578125
0 0.169642857421875 0.26190476171875 0.14508928515625 0.440476189453125 0.2109375 0.45039682421875 0.2265625 0.265873015625 0.169642857421875 0.26190476171875
0 0.161830357421875 0.24603174609375 0.1104910703125 0.240079365234375 0.072544642578125 0.432539681640625 0.13616071484375 0.436507935546875 0.161830357421875 0.24603174609375
0 0.03459821484375 0.58928571484375 0.005580357421875 0.75 0 0.835317458984375 0.0636160703125 0.83928571484375 0.09375 0.59722222265625 0.03459821484375 0.58928571484375
0 0.088169642578125 0.837301587890625 0.171875 0.84325396875 0.18415178515625 0.57539682421875 0.1183035703125 0.5714285703125 0.088169642578125 0.837301587890625
0 0.2042410703125 0.559523810546875 0.181919642578125 0.829365080078125 0.252232142578125 0.841269841796875 0.265625 0.567460318359375 0.2042410703125 0.559523810546875
1 0.27678571484375 0.795634919921875 0.36272321484375 0.8035714296875 0.36383928515625 0.6329365078125 0.2823660703125 0.630952380859375 0.27678571484375 0.795634919921875
0 0.421875 0.559523810546875 0.369419642578125 0.559523810546875 0.37165178515625 0.791666666015625 0.431919642578125 0.787698412109375 0.421875 0.559523810546875
1 0.4464285703125 0.7738095234375 0.5323660703125 0.771825396484375 0.517857142578125 0.6170634921875 0.44196428515625 0.625 0.4464285703125 0.7738095234375
1 0.5870535703125 0.609126984375 0.5145089296875 0.62103174609375 0.5301339296875 0.76984126953125 0.609375 0.763888888671875 0.5870535703125 0.609126984375
1 0.66071428515625 0.607142857421875 0.59040178515625 0.6170634921875 0.6082589296875 0.767857142578125 0.6875 0.755952380859375 0.66071428515625 0.607142857421875
0 0.7109375 0.515873015625 0.65290178515625 0.539682541015625 0.69977678515625 0.76190476171875 0.76227678515625 0.744047619140625 0.7109375 0.515873015625
1 0.796875 0.603174603515625 0.73102678515625 0.611111111328125 0.763392857421875 0.7420634921875 0.83147321484375 0.734126984375 0.796875 0.603174603515625
1 0.864955357421875 0.59920634765625 0.796875 0.59920634765625 0.83147321484375 0.734126984375 0.90625 0.734126984375 0.864955357421875 0.59920634765625
1 0.9308035703125 0.595238095703125 0.864955357421875 0.603174603515625 0.9051339296875 0.732142857421875 0.9754464296875 0.728174603515625 0.9308035703125 0.595238095703125
1 1 0.61309523828125 0.9921875 0.58928571484375 0.927455357421875 0.59722222265625 0.9776785703125 0.73015873046875 1 0.728174603515625 1 0.61309523828125