1 0.99653237109375 0.2730654765625 0.94407701171875 0.275396826171875 0.976912478515625 0.36121031640625 0.99698706640625 0.3623015859375 0.99653237109375 0.2730654765625
1 0.89162165625 0.27772817578125 0.924383634765625 0.373462302734375 0.97689778125 0.363194443359375 0.946265064453125 0.28125 0.89162165625 0.27772817578125
1 0.835788689453125 0.2841765859375 0.869666740234375 0.379861111328125 0.92549970703125 0.37341269921875 0.891577564453125 0.283680556640625 0.835788689453125 0.2841765859375
1 0.784420009765625 0.2904265859375 0.81054434765625 0.378521826171875 0.8674639921875 0.375992064453125 0.836890064453125 0.286111111328125 0.784420009765625 0.2904265859375
1 0.72974720703125 0.290873017578125 0.7557686640625 0.392857142578125 0.811631025390625 0.382440474609375 0.783318634765625 0.288492064453125 0.72974720703125 0.290873017578125
1 0.668363279296875 0.29360119140625 0.68996454296875 0.38983134765625 0.75024709765625 0.385168650390625 0.72415215234375 0.293105158203125 0.668363279296875 0.29360119140625
1 0.613675779296875 0.29603174609375 0.630812755859375 0.39246031640625 0.689979240234375 0.387847220703125 0.669494046875 0.291567458984375 0.613675779296875 0.29603174609375
1 0.552291849609375 0.298759921875 0.56496454296875 0.395386904296875 0.629726080078125 0.388541666015625 0.61255970703125 0.296081349609375 0.552291849609375 0.298759921875
1 0.48977715234375 0.30352182421875 0.500203005859375 0.40223214453125 0.562703005859375 0.3994543671875 0.55227715234375 0.300744046875 0.48977715234375 0.30352182421875
1 0.4317414375 0.306101189453125 0.4365575390625 0.409027779296875 0.500217703125 0.400248015625 0.493110669921875 0.30535714453125 0.4317414375 0.306101189453125
0 0.3774654609375 0.252976189453125 0.37950562109375 0.429414681640625 0.430888998046875 0.4211805546875 0.423224390625 0.2509424609375 0.3774654609375 0.252976189453125
1 0.301249265625 0.3 0.29928075390625 0.41512896875 0.36849187890625 0.410069443359375 0.36932962109375 0.29697420703125 0.301249265625 0.3
0 0.28590259375 0.413740078125 0.291542658203125 0.2548115078125 0.244667658203125 0.256894841796875 0.240203373046875 0.25709325390625 0.227793392578125 0.426240078125 0.28590259375 0.413740078125
0 0.1744580390625 0.246130953125 0.142957267578125 0.431994048828125 0.207615923828125 0.43903769921875 0.217911337890625 0.2541170625 0.1744580390625 0.246130953125
0 0.164354607421875 0.254513888671875 0.109725896484375 0.249007935546875 0.075097369140625 0.405257935546875 0.1364078125 0.412450396484375 0.164354607421875 0.254513888671875
0 0 0.83504245703125 0.067473177734375 0.832043650390625 0.092733134765625 0.58497023828125 0.02698780078125 0.574007935546875 0 0.7330482109375 0 0.83504245703125
0 0.083098177734375 0.831349205078125 0.164541998046875 0.8316964296875 0.18102035546875 0.565178572265625 0.114085462890625 0.564186509765625 0.083098177734375 0.831349205078125
0 0.2681474140625 0.551388890625 0.19786430859375 0.55054563671875 0.18012290625 0.836954365234375 0.250479498046875 0.827876984375 0.2681474140625 0.551388890625
1 0.35806419140625 0.61284722265625 0.274329439453125 0.62053571484375 0.2719641015625 0.789236109375 0.360177837890625 0.779365078125 0.35806419140625 0.61284722265625
0 0.415542328125 0.53492063671875 0.3675071640625 0.543005953125 0.36358483984375 0.77127976171875 0.422736626953125 0.76865079296875 0.415542328125 0.53492063671875
1 0.511068857421875 0.59216269921875 0.4351172109375 0.60347222265625 0.440711345703125 0.751984126953125 0.523374119140625 0.738392857421875 0.511068857421875 0.59216269921875
1 0.58254151953125 0.58303571484375 0.509967484375 0.590228173828125 0.525620958984375 0.7363095234375 0.59929637109375 0.731051587890625 0.58254151953125 0.58303571484375
1 0.65513025390625 0.573859126953125 0.5836135 0.5889384921875 0.60157260546875 0.725 0.6775095546875 0.715674603515625 0.65513025390625 0.573859126953125
0 0.70382679296875 0.476488095703125 0.652311140625 0.502579365234375 0.69751065625 0.7266865078125 0.757925484375 0.704166666015625 0.70382679296875 0.476488095703125
1 0.792421736328125 0.565773810546875 0.7343419296875 0.574305556640625 0.756838806640625 0.700248015625 0.826064630859375 0.693204365234375 0.792421736328125 0.565773810546875
1 0.85940071875 0.560813490234375 0.794624484375 0.569642857421875 0.82826737890625 0.697073412109375 0.89747850390625 0.692013888671875 0.85940071875 0.560813490234375
1 0.923046185546875 0.554017857421875 0.857197970703125 0.5569444453125 0.899725345703125 0.689930556640625 0.970067240234375 0.682837302734375 0.923046185546875 0.554017857421875
1 0.970096634765625 0.678869048828125 0.99354883203125 0.67584325390625 0.995443857421875 0.570634919921875 0.98559027734375 0.54528769921875 0.924176955078125 0.551984126953125 0.970096634765625 0.678869048828125