0 0.158482142578125 0.263888888671875 0.10491071484375 0.248015873046875 0.0703125 0.40674603125 0.1328125 0.41071428515625 0.158482142578125 0.263888888671875
0 0.16852678515625 0.251984126953125 0.138392857421875 0.440476189453125 0.208705357421875 0.45039682421875 0.224330357421875 0.25396825390625 0.16852678515625 0.251984126953125
0 0.28571428515625 0.259920634765625 0.236607142578125 0.2579365078125 0.2276785703125 0.436507935546875 0.283482142578125 0.436507935546875 0.28571428515625 0.259920634765625
1 0.3660714296875 0.309523810546875 0.2979910703125 0.313492064453125 0.30133928515625 0.4285714296875 0.3683035703125 0.42658730078125 0.3660714296875 0.309523810546875
0 0.421875 0.255952380859375 0.372767857421875 0.2579365078125 0.37834821484375 0.440476189453125 0.43303571484375 0.436507935546875 0.421875 0.255952380859375
1 0.4910714296875 0.3194444453125 0.4296875 0.3214285703125 0.435267857421875 0.42460317578125 0.5011160703125 0.41865079296875 0.4910714296875 0.3194444453125
1 0.55022321484375 0.315476189453125 0.489955357421875 0.3214285703125 0.50334821484375 0.41865079296875 0.564732142578125 0.414682541015625 0.55022321484375 0.315476189453125
1 0.609375 0.315476189453125 0.55022321484375 0.317460318359375 0.56696428515625 0.416666666015625 0.62834821484375 0.41071428515625 0.609375 0.315476189453125
1 0.666294642578125 0.315476189453125 0.611607142578125 0.317460318359375 0.630580357421875 0.41865079296875 0.69084821484375 0.41865079296875 0.666294642578125 0.315476189453125
1 0.724330357421875 0.317460318359375 0.66852678515625 0.3194444453125 0.69084821484375 0.41865079296875 0.7511160703125 0.414682541015625 0.724330357421875 0.317460318359375
1 0.7801339296875 0.315476189453125 0.724330357421875 0.317460318359375 0.7511160703125 0.420634919921875 0.8125 0.412698412109375 0.7801339296875 0.315476189453125
1 0.8370535703125 0.315476189453125 0.7801339296875 0.315476189453125 0.810267857421875 0.41071428515625 0.8671875 0.41071428515625 0.8370535703125 0.315476189453125
1 0.88727678515625 0.313492064453125 0.8370535703125 0.317460318359375 0.8683035703125 0.408730158203125 0.9229910703125 0.408730158203125 0.88727678515625 0.313492064453125
1 0.94084821484375 0.315476189453125 0.8895089296875 0.317460318359375 0.9229910703125 0.404761904296875 0.97991071484375 0.40277777734375 0.94084821484375 0.315476189453125
1 1 0.313492064453125 0.9453125 0.3194444453125 0.97991071484375 0.3988095234375 0.997767857421875 0.396825396484375 1 0.313492064453125
1 1 0.619047619140625 0.9854910703125 0.58134920703125 0.92522321484375 0.58928571484375 0.970982142578125 0.7261904765625 1 0.720238095703125 1 0.619047619140625
1 0.8604910703125 0.6011904765625 0.900669642578125 0.728174603515625 0.970982142578125 0.72222222265625 0.924107142578125 0.587301587890625 0.8604910703125 0.6011904765625
1 0.794642857421875 0.607142857421875 0.830357142578125 0.736111111328125 0.8995535703125 0.7261904765625 0.86272321484375 0.59722222265625 0.794642857421875 0.607142857421875
1 0.732142857421875 0.603174603515625 0.755580357421875 0.736111111328125 0.830357142578125 0.732142857421875 0.794642857421875 0.6011904765625 0.732142857421875 0.603174603515625
0 0.71428571484375 0.509920634765625 0.6473214296875 0.51984126953125 0.6941964296875 0.751984126953125 0.7589285703125 0.7420634921875 0.71428571484375 0.509920634765625
1 0.5848214296875 0.607142857421875 0.60491071484375 0.75 0.6808035703125 0.744047619140625 0.65625 0.607142857421875 0.5848214296875 0.607142857421875
1 0.51116071484375 0.609126984375 0.52678571484375 0.765873015625 0.60491071484375 0.75396825390625 0.583705357421875 0.59920634765625 0.51116071484375 0.609126984375
1 0.4386160703125 0.619047619140625 0.44866071484375 0.77777777734375 0.52678571484375 0.767857142578125 0.5145089296875 0.615079365234375 0.4386160703125 0.619047619140625
0 0.359375 0.5555555546875 0.36272321484375 0.787698412109375 0.4296875 0.79365079296875 0.42633928515625 0.54960317578125 0.359375 0.5555555546875
1 0.28125 0.62103174609375 0.2723214296875 0.783730158203125 0.3582589296875 0.783730158203125 0.359375 0.62103174609375 0.28125 0.62103174609375
0 0.197544642578125 0.563492064453125 0.1796875 0.837301587890625 0.255580357421875 0.841269841796875 0.267857142578125 0.565476189453125 0.197544642578125 0.563492064453125
0 0.111607142578125 0.565476189453125 0.080357142578125 0.83134920703125 0.166294642578125 0.84325396875 0.18415178515625 0.563492064453125 0.111607142578125 0.565476189453125
0 0.060267857421875 0.841269841796875 0.0926339296875 0.58928571484375 0.0301339296875 0.579365080078125 0.00446428515625 0.72420634765625 0 0.835317458984375 0.060267857421875 0.841269841796875