0 0.81640625 0.9228515625 0.0869140625 0.154296875
0 0.708984375 0.9169921875 0.091796875 0.166015625
0 0.595703125 0.892578125 0.0908203125 0.21484375
0 0.484375 0.9091796875 0.0859375 0.181640625
0 0.36328125 0.91796875 0.0869140625 0.1640625
0 0.251953125 0.919921875 0.08984375 0.1591796875
0 0.175941451171875 0.999328958984375 0.1973581484375 0.8276214453125 0.120524447265625 0.817744689453125 0.08258655859375 1 0.175941451171875 0.999328958984375
0 0.03515625 0.90234375 0.0703125 0.1943359375
0 0 0.2397488359375 0.00021459375 0.4211350703125 0.066112177734375 0.324549603515625 0.06775960546875 0.25918366796875 0.01998386328125 0.206500685546875 0 0.2397488359375
0 0.074898515625 0.231866564453125 0.063366421875 0.368452087890625 0.139148638671875 0.368452087890625 0.16660594921875 0.130403041015625 0.09680729296875 0.114135755859375 0.074898515625 0.231866564453125
0 0.2237171953125 0.377232583984375 0.243486462890625 0.150890876953125 0.17882912109375 0.140488150390625 0.151229865234375 0.369427701171875 0.2237171953125 0.377232583984375
0 0.309933177734375 0.3928423515625 0.3236618046875 0.13723232421875 0.255909875 0.13082560546875 0.232503501953125 0.39186673828125 0.309933177734375 0.3928423515625
0 0.3603515625 0.2666015625 0.0751953125 0.2763671875
0 0.5283203125 0.2578125 0.0703125 0.25390625
0 0.90336859375 0.384436119140625 0.875911283203125 0.1210211953125 0.793992830078125 0.13170401953125 0.82484065234375 0.391265388671875 0.90336859375 0.384436119140625
1 0.4862946796875 0.36767814453125 0.49233529296875 0.20962918359375 0.415012455078125 0.196706591796875 0.40392271484375 0.370604984375 0.4862946796875 0.36767814453125
1 0.65268603515625 0.37548302734375 0.648841982421875 0.216458466796875 0.5716445 0.212518029296875 0.572510693359375 0.37353180078125 0.65268603515625 0.37548302734375
1 0.735057966796875 0.376458642578125 0.72572252734375 0.2213365078125 0.65070168359375 0.21339644140625 0.65378430078125 0.37353180078125 0.735057966796875 0.376458642578125
1 0.81690104296875 0.378993044921875 0.80427068359375 0.22387092578125 0.7277824375 0.219545333984375 0.737274775390625 0.378017431640625 0.81690104296875 0.378993044921875
1 0.979926646484375 0.38104147265625 0.957960787109375 0.23177301171875 0.889355556640625 0.235356771484375 0.9041444296875 0.38104147265625 0.979926646484375 0.38104147265625