1 1 0.620327681640625 0.976098619140625 0.687599205078125 1 0.687776251953125 1 0.620327681640625
1 1 0.595968998046875 0.9512924375 0.590219908203125 0.920221560546875 0.685201720703125 0.97371950390625 0.68361441796875 1 0.610679404296875 1 0.595968998046875
1 0.918062904296875 0.687169310546875 0.951218951171875 0.58823578125 0.896531451171875 0.587830689453125 0.86895576171875 0.6868055546875 0.918062904296875 0.687169310546875
1 0.86546057421875 0.6828125 0.89214065234375 0.58978174609375 0.8393913515625 0.5814566796875 0.8119626328125 0.684399802734375 0.86546057421875 0.6828125
1 0.81181566015625 0.680431548828125 0.839685294921875 0.589393189453125 0.775026638671875 0.59089781640625 0.753853431640625 0.681985779296875 0.81181566015625 0.680431548828125
1 0.75147431640625 0.6780009921875 0.774806181640625 0.5849454375 0.7154339375 0.57855489453125 0.69790288671875 0.677604166015625 0.75147431640625 0.6780009921875
1 0.696860302734375 0.67958002734375 0.71453832421875 0.5844990078125 0.653154396484375 0.5840443125 0.638971560546875 0.68311838671875 0.696860302734375 0.67958002734375
1 0.637708517578125 0.6791418671875 0.651964837890625 0.58205191796875 0.59385563671875 0.579637896484375 0.583021017578125 0.6787367734375 0.637708517578125 0.6791418671875
1 0.58205191796875 0.682696759765625 0.593929123046875 0.581622025390625 0.525848765625 0.5811177265625 0.51955191796875 0.682233796875 0.58205191796875 0.682696759765625
1 0.519331458984375 0.6762814140625 0.52570179296875 0.57714947265625 0.4630548203125 0.57271825390625 0.460179673828125 0.67584325390625 0.519331458984375 0.6762814140625
0 0.453235228515625 0.729348544921875 0.4581496171875 0.560780421875 0.401229974609375 0.560358794921875 0.405244158203125 0.728993056640625 0.453235228515625 0.729348544921875
1 0.397078005859375 0.689260912109375 0.3940788515625 0.578158068359375 0.322650279296875 0.577628966796875 0.330113720703125 0.688764880859375 0.397078005859375 0.689260912109375
0 0.316252388671875 0.7362681875 0.30740648828125 0.557680224609375 0.253233392578125 0.571164021484375 0.271683017578125 0.737921626953125 0.316252388671875 0.7362681875
0 0.2365795859375 0.543270501953125 0.173110486328125 0.546767525390625 0.2002544453125 0.73739252734375 0.255911044921875 0.7338376328125 0.2365795859375 0.543270501953125
0 0.15419698046875 0.57836475 0.09526565234375 0.58387896875 0.140207048828125 0.742898478515625 0.19200102734375 0.725429892578125 0.15419698046875 0.57836475
0 0.0475777109375 0.410954033203125 0.10963679296875 0.399512234375 0.065852806640625 0.151240080078125 0.00617283984375 0.166666666015625 0.016323119140625 0.25997023828125 0.0475777109375 0.410954033203125
0 0.199804341796875 0.423983134765625 0.17314263671875 0.156001984375 0.092183826171875 0.1692873671875 0.135292658203125 0.42945601953125 0.199804341796875 0.423983134765625
0 0.22584141796875 0.4340939140625 0.282687572265625 0.4325314140625 0.265027923828125 0.16660053125 0.188914609375 0.160085978515625 0.22584141796875 0.4340939140625
1 0.297150572265625 0.371147486328125 0.377728173828125 0.37769510546875 0.371702306640625 0.214996693359375 0.284501763671875 0.21038359765625 0.297150572265625 0.371147486328125
0 0.3890083046875 0.44125330859375 0.443989748046875 0.44959490625 0.4362139921875 0.209523810546875 0.37698871875 0.207101521484375 0.3890083046875 0.44125330859375
1 0.453547544921875 0.3762731484375 0.53085041796875 0.384780091796875 0.536573154296875 0.2380373671875 0.4546590234375 0.2255291015625 0.453547544921875 0.3762731484375
1 0.62057245703125 0.246593916015625 0.535457083984375 0.2380291015625 0.528691763671875 0.386747685546875 0.60689025 0.389310515625 0.62057245703125 0.246593916015625
1 0.692294974609375 0.2550595234375 0.6193828984375 0.244601521484375 0.6023524765625 0.3872933203125 0.674148478515625 0.3977430546875 0.692294974609375 0.2550595234375
0 0.77182998828125 0.263583001953125 0.713206384765625 0.247280091796875 0.67255015625 0.475090939453125 0.730131171875 0.493369708984375 0.77182998828125 0.263583001953125
1 0.84132036328125 0.272032076171875 0.7704934609375 0.257622353515625 0.74989436328125 0.394336970703125 0.80934009375 0.402711640625 0.84132036328125 0.272032076171875
1 0.91289590625 0.276529431640625 0.841246876953125 0.27004794921875 0.813730892578125 0.40076058203125 0.877567423828125 0.4071841953125 0.91289590625 0.276529431640625
1 0.940361369140625 0.4155836640625 0.98544055078125 0.277066798828125 0.9160971484375 0.272585978515625 0.878903953125 0.41314483984375 0.940361369140625 0.4155836640625
1 1 0.280286224609375 0.986630107421875 0.279059193359375 0.94475216796875 0.41363260546875 1 0.41404184765625 1 0.280286224609375