0 0.138671875 0.2119140625 0.0859375 0.2548828125
0 0.2197265625 0.2236328125 0.0732421875 0.2578125
0 0.302734375 0.228515625 0.0791015625 0.2734375
0 0.388671875 0.23828125 0.0810546875 0.283203125
0 0.5537109375 0.2275390625 0.076171875 0.25
0 0.87890625 0.2353515625 0.0927734375 0.2607421875
0 0.073323576171875 0.14142419921875 0 0.237661359375 0.00989580078125 0.436111111328125 0.102480244140625 0.285779853515625 0.073323576171875 0.14142419921875
0 0.001473294921875 0.99830461328125 0.066034384765625 1 0.11185201953125 0.766965396484375 0 0.74722222265625 0.001473294921875 0.99830461328125
0 0.189950150390625 1 0.2263959140625 0.796576783203125 0.149339123046875 0.77251753515625 0.10989580078125 0.9944444453125 0.098314978515625 1 0.189950150390625 1
0 0.3138658203125 1 0.3378158828125 0.796576783203125 0.250345974609375 0.787323271484375 0.22708330078125 0.988888888671875 0.3138658203125 1
0 0.348228998046875 0.791024642578125 0.335733296875 1 0.43958330078125 0.988888888671875 0.44402933984375 0.7984275546875 0.348228998046875 0.791024642578125
0 0.550242798828125 1 0.551284138671875 0.783621818359375 0.4731860078125 0.77436822265625 0.46927080078125 0.991666666015625 0.550242798828125 1
0 0.671034638671875 1 0.662704107421875 0.74660751953125 0.578358125 0.74105537890625 0.58020830078125 0.9944444453125 0.671034638671875 1
0 0.779330681640625 1 0.761628470703125 0.7984275546875 0.688736849609375 0.7984275546875 0.69114580078125 0.991666666015625 0.779330681640625 1
0 0.80520830078125 0.975 0.803280744140625 0.99645384375 0.895957255859375 1 0.87304853515625 0.815083974609375 0.79390896875 0.82248688671875 0.80520830078125 0.975
1 0.4755859375 0.2470703125 0.0751953125 0.236328125
1 0.6328125 0.259765625 0.078125 0.21484375
1 0.7158203125 0.2666015625 0.080078125 0.2236328125
1 0.7958984375 0.2509765625 0.0859375 0.2021484375
1 0.9619140625 0.2529296875 0.0732421875 0.19921875