1 1 0.3194444453125 0.94866071484375 0.32341269921875 0.98883928515625 0.414682541015625 1 0.414682541015625 1 0.3194444453125
1 0.896205357421875 0.32539682421875 0.9285714296875 0.416666666015625 0.98883928515625 0.412698412109375 0.94977678515625 0.32539682421875 0.896205357421875 0.32539682421875
1 0.8426339296875 0.329365080078125 0.8761160703125 0.420634919921875 0.931919642578125 0.414682541015625 0.8973214296875 0.329365080078125 0.8426339296875 0.329365080078125
1 0.786830357421875 0.32539682421875 0.81696428515625 0.420634919921875 0.872767857421875 0.420634919921875 0.84040178515625 0.329365080078125 0.786830357421875 0.32539682421875
1 0.7332589296875 0.329365080078125 0.75446428515625 0.41865079296875 0.814732142578125 0.41071428515625 0.7879464296875 0.329365080078125 0.7332589296875 0.329365080078125
1 0.674107142578125 0.327380953125 0.6953125 0.422619046875 0.75334821484375 0.41865079296875 0.72991071484375 0.327380953125 0.674107142578125 0.327380953125
1 0.61383928515625 0.32539682421875 0.6316964296875 0.420634919921875 0.6953125 0.416666666015625 0.6729910703125 0.32539682421875 0.61383928515625 0.32539682421875
1 0.5558035703125 0.32539682421875 0.5691964296875 0.420634919921875 0.6328125 0.41865079296875 0.61272321484375 0.32539682421875 0.5558035703125 0.32539682421875
1 0.49553571484375 0.329365080078125 0.50334821484375 0.4305555546875 0.5691964296875 0.42460317578125 0.5546875 0.329365080078125 0.49553571484375 0.329365080078125
1 0.431919642578125 0.327380953125 0.439732142578125 0.432539681640625 0.505580357421875 0.42658730078125 0.49553571484375 0.327380953125 0.431919642578125 0.327380953125
0 0.3828125 0.27579365234375 0.38616071484375 0.4444444453125 0.435267857421875 0.442460318359375 0.42633928515625 0.2738095234375 0.3828125 0.27579365234375
1 0.306919642578125 0.3214285703125 0.30133928515625 0.42460317578125 0.372767857421875 0.4285714296875 0.37053571484375 0.3194444453125 0.306919642578125 0.3214285703125
0 0.2433035703125 0.267857142578125 0.22991071484375 0.434523810546875 0.2890625 0.442460318359375 0.29352678515625 0.267857142578125 0.2433035703125 0.267857142578125
0 0.2276785703125 0.259920634765625 0.171875 0.255952380859375 0.146205357421875 0.440476189453125 0.213169642578125 0.45039682421875 0.2276785703125 0.259920634765625
0 0.1640625 0.271825396484375 0.111607142578125 0.265873015625 0.078125 0.422619046875 0.13616071484375 0.4305555546875 0.1640625 0.271825396484375
0 0.0390625 0.579365080078125 0.002232142578125 0.75 0.002232142578125 0.83928571484375 0.0714285703125 0.841269841796875 0.1004464296875 0.603174603515625 0.0390625 0.579365080078125
0 0.0870535703125 0.833333333984375 0.166294642578125 0.853174603515625 0.1863839296875 0.583333333984375 0.1183035703125 0.577380953125 0.0870535703125 0.833333333984375
0 0.185267857421875 0.83134920703125 0.2578125 0.841269841796875 0.26897321484375 0.57539682421875 0.20758928515625 0.567460318359375 0.185267857421875 0.83134920703125
1 0.275669642578125 0.787698412109375 0.36272321484375 0.795634919921875 0.364955357421875 0.62896825390625 0.28459821484375 0.626984126953125 0.275669642578125 0.787698412109375
0 0.37165178515625 0.79365079296875 0.4363839296875 0.79365079296875 0.427455357421875 0.5555555546875 0.37053571484375 0.5555555546875 0.37165178515625 0.79365079296875
1 0.515625 0.62103174609375 0.44196428515625 0.626984126953125 0.447544642578125 0.78174603125 0.53125 0.77777777734375 0.515625 0.62103174609375
1 0.59040178515625 0.611111111328125 0.5145089296875 0.623015873046875 0.5301339296875 0.765873015625 0.6104910703125 0.759920634765625 0.59040178515625 0.611111111328125
1 0.658482142578125 0.611111111328125 0.588169642578125 0.619047619140625 0.6104910703125 0.76190476171875 0.6875 0.75396825390625 0.658482142578125 0.611111111328125
0 0.654017857421875 0.54365079296875 0.69977678515625 0.765873015625 0.76227678515625 0.744047619140625 0.7098214296875 0.515873015625 0.654017857421875 0.54365079296875
1 0.73772321484375 0.611111111328125 0.76116071484375 0.748015873046875 0.8348214296875 0.73809523828125 0.799107142578125 0.60515873046875 0.73772321484375 0.611111111328125
1 0.864955357421875 0.603174603515625 0.80022321484375 0.603174603515625 0.8359375 0.73809523828125 0.9073660703125 0.73809523828125 0.864955357421875 0.603174603515625
1 0.9296875 0.595238095703125 0.86383928515625 0.59722222265625 0.90959821484375 0.73809523828125 0.97991071484375 0.736111111328125 0.9296875 0.595238095703125
1 1 0.734126984375 0.9988839296875 0.619047619140625 0.98883928515625 0.59325396875 0.9308035703125 0.595238095703125 0.9776785703125 0.734126984375 1 0.734126984375