0 0.1083984375 0.232421875 0.0849609375 0.248046875
0 0.1943359375 0.2412109375 0.0693359375 0.244140625
0 0.2763671875 0.244140625 0.07421875 0.271484375
0 0.369140625 0.248046875 0.0859375 0.271484375
0 0.5283203125 0.2548828125 0.0732421875 0.25390625
0 0.8505859375 0.2421875 0.0849609375 0.2607421875
0 0 0.40052412109375 0.070199650390625 0.263571291015625 0.028547283203125 0.18769209375 0.00052080078125 0.208333333984375 0 0.40052412109375
0 0 0.9946032421875 0.05770394921875 1 0.08790186328125 0.80212892578125 0.00052080078125 0.786111111328125 0 0.9946032421875
0 0.17953703515625 0.990901703125 0.200363171875 0.813233205078125 0.1149759453125 0.81693474609375 0.08177080078125 0.99722222265625 0.17953703515625 0.990901703125
0 0.296163609375 1 0.31282448046875 0.824337486328125 0.22743725390625 0.815083974609375 0.20520830078125 0.99722222265625 0.296163609375 1
0 0.420079279296875 1 0.4190379375 0.809531833984375 0.33156803125 0.80027823828125 0.32083330078125 0.988888888671875 0.420079279296875 1
0 0.532540587890625 1 0.527334078125 0.80212892578125 0.4450706796875 0.80027823828125 0.43958330078125 0.991666666015625 0.532540587890625 1
0 0.65333233203125 1 0.63979538671875 0.7595625703125 0.554408064453125 0.7595625703125 0.55364580078125 0.988888888671875 0.65333233203125 1
0 0.761628470703125 1 0.74080223828125 0.809531833984375 0.662704107421875 0.8039796953125 0.67239580078125 0.991666666015625 0.761628470703125 1
0 0.867038083984375 0.99309529296875 0.84185460546875 0.812518271484375 0.7706463515625 0.8217786328125 0.78356082421875 1 0.867038083984375 0.99309529296875
1 0.4521484375 0.2666015625 0.080078125 0.208984375
1 0.6103515625 0.279296875 0.078125 0.2109375
1 0.69140625 0.2890625 0.0849609375 0.1923828125
1 0.775390625 0.2880859375 0.0751953125 0.1845703125
1 0.9365234375 0.2744140625 0.0771484375 0.197265625