1 0.045634919921875 0.684523810546875 0.09670965625 0.678654099609375 0.0515625 0.58883101953125 0.039417990234375 0.591269841796875 0.045634919921875 0.684523810546875
1 0.054059193359375 0.5927166015625 0.097561177734375 0.674644509765625 0.14751983984375 0.66881613671875 0.11071428515625 0.586640212890625 0.054059193359375 0.5927166015625
1 0.1119626328125 0.58858300390625 0.15113260546875 0.6726603828125 0.205687830078125 0.668650794921875 0.167501654296875 0.582547951171875 0.1119626328125 0.58858300390625
1 0.16736937890625 0.580563822265625 0.203587962890625 0.670717591796875 0.25492725 0.66881613671875 0.221660052734375 0.57258598046875 0.16736937890625 0.580563822265625
1 0.2238921953125 0.572503306640625 0.260639880859375 0.6705935859375 0.315327380859375 0.668568123046875 0.285540673828125 0.57419808203125 0.2238921953125 0.572503306640625
1 0.286524470703125 0.572172619140625 0.317559525390625 0.668485451171875 0.3732308203125 0.6644345234375 0.34344411328125 0.570064484375 0.286524470703125 0.572172619140625
1 0.344427908203125 0.568039021484375 0.373098544921875 0.6624503984375 0.42975363671875 0.6563740078125 0.407779431640625 0.561714615234375 0.344427908203125 0.568039021484375
1 0.4055472890625 0.561797287109375 0.4315310859375 0.666253306640625 0.491402115234375 0.65806878515625 0.47014715625 0.55741567578125 0.4055472890625 0.561797287109375
1 0.467650462890625 0.55353009375 0.491402115234375 0.65806878515625 0.55153769921875 0.65385251171875 0.5321180546875 0.5471643515625 0.467650462890625 0.55353009375
1 0.534350197265625 0.5470816796875 0.551405423828125 0.651868384765625 0.614169974609375 0.653521826171875 0.5946180546875 0.54484953515625 0.534350197265625 0.5470816796875
0 0.65409226171875 0.5307126328125 0.602885251953125 0.534598212890625 0.62358630859375 0.710854828125 0.668229166015625 0.709201388671875 0.65409226171875 0.5307126328125
1 0.667956349609375 0.5540674609375 0.676347552734375 0.663153107421875 0.739963625 0.66079695703125 0.73643353125 0.55749834765625 0.667956349609375 0.5540674609375
0 0.74961970703125 0.5371197109375 0.758630953125 0.70585317578125 0.80747354296875 0.700066138671875 0.811400462890625 0.540798611328125 0.74961970703125 0.5371197109375
0 0.888334986328125 0.52004794921875 0.830886244140625 0.514219576171875 0.829340279296875 0.709201388671875 0.882060185546875 0.7112268515625 0.888334986328125 0.52004794921875
0 0.957415673828125 0.54931382421875 0.906531083984375 0.54125330859375 0.883763228515625 0.703207671875 0.941344244140625 0.711020171875 0.957415673828125 0.54931382421875
0 1 0.12590637109375 0.949917328125 0.1179728828125 0.935333994140625 0.369130291015625 0.993576388671875 0.38686342578125 1 0.342515244140625 1 0.12590637109375
0 0.845138888671875 0.392361111328125 0.911383927734375 0.395874669921875 0.920709326171875 0.13297784375 0.843039021484375 0.125909390625 0.845138888671875 0.392361111328125
0 0.8208498671875 0.12872023828125 0.75500165234375 0.131159060546875 0.759862763671875 0.405464615234375 0.8276785703125 0.398974869140625 0.8208498671875 0.12872023828125
1 0.7399222890625 0.1734871015625 0.651165673828125 0.184730490234375 0.66116071484375 0.3514384921875 0.74236937890625 0.3444527109375 0.7399222890625 0.1734871015625
0 0.64598214453125 0.19088955078125 0.58571428515625 0.193121693359375 0.608473875 0.41703869140625 0.65968088671875 0.413153107421875 0.64598214453125 0.19088955078125
1 0.484093916015625 0.212797619140625 0.507407408203125 0.361111111328125 0.58415178515625 0.354290673828125 0.566286375 0.203786375 0.484093916015625 0.212797619140625
1 0.480481150390625 0.208953373046875 0.406365740234375 0.22164351953125 0.436243384765625 0.3677248671875 0.505439814453125 0.365162037109375 0.480481150390625 0.208953373046875
1 0.406498015625 0.223627646484375 0.33225033203125 0.2343336640625 0.364095568359375 0.376364087890625 0.43525958984375 0.369750330078125 0.406498015625 0.223627646484375
0 0.3116319453125 0.227141203125 0.25478670703125 0.24714781640625 0.32173445703125 0.47937334765625 0.37929894140625 0.453373015625 0.3116319453125 0.227141203125
1 0.257151125 0.249049271484375 0.183887234375 0.257729828125 0.230563822265625 0.38727678515625 0.290567130859375 0.381076388671875 0.257151125 0.249049271484375
1 0.1847387578125 0.25372023828125 0.113971560546875 0.266286375 0.16202876953125 0.39976025 0.228331681640625 0.38735945703125 0.1847387578125 0.25372023828125
1 0.1141038359375 0.268270501953125 0.042939814453125 0.27488426171875 0.1007771171875 0.404017857421875 0.163996361328125 0.395709326171875 0.1141038359375 0.268270501953125
1 0.018121693359375 0.271825396484375 0.025793650390625 0.38690476171875 0.0363095234375 0.41038359765625 0.100909392578125 0.406001984375 0.0437913359375 0.270874669921875 0.018121693359375 0.271825396484375