1 0.9805555546875 0.434259259765625 0.985493828125 0.3390211640625 0.958003564453125 0.329431216796875 0.907378013671875 0.46375661328125 0.9641947734375 0.469113755859375 0.9805555546875 0.434259259765625
1 0.900475822265625 0.467328041015625 0.95455246875 0.331216931640625 0.8865749921875 0.325198412109375 0.834833369140625 0.459457671875 0.900475822265625 0.467328041015625
1 0.834833369140625 0.459457671875 0.881802064453125 0.3308862421875 0.813222921875 0.314880953125 0.77152594140625 0.44973544921875 0.834833369140625 0.459457671875
1 0.77152594140625 0.44973544921875 0.81413323046875 0.31891534375 0.74565696484375 0.30092592578125 0.71400462890625 0.43637566015625 0.77152594140625 0.44973544921875
0 0.683293833984375 0.532076720703125 0.7458627265625 0.296957671875 0.6907793203125 0.279761904296875 0.63145576171875 0.5170634921875 0.683293833984375 0.532076720703125
1 0.632428533203125 0.43353174609375 0.666518775390625 0.29424603125 0.590523037109375 0.2917328046875 0.563334986328125 0.42744708984375 0.632428533203125 0.43353174609375
1 0.564759701171875 0.421560845703125 0.5908316796875 0.285780423828125 0.512002130859375 0.2731481484375 0.49333112890625 0.41732804296875 0.564759701171875 0.421560845703125
1 0.4912018671875 0.415211640625 0.50865391796875 0.272949736328125 0.431146201171875 0.25641534375 0.414501580078125 0.404695767578125 0.4912018671875 0.415211640625
0 0.39618606640625 0.477248677734375 0.418370626953125 0.243716931640625 0.35617926953125 0.23406084765625 0.345052541015625 0.470238095703125 0.39618606640625 0.477248677734375
1 0.33871160546875 0.39821428515625 0.34683917578125 0.24146825390625 0.259991365234375 0.23234126953125 0.261908435546875 0.3896825390625 0.33871160546875 0.39821428515625
0 0.246648111328125 0.446494708984375 0.246130951171875 0.175793650390625 0.1688133828125 0.1771825390625 0.172884515625 0.444113755859375 0.246648111328125 0.446494708984375
0 0.16385306640625 0.445568783203125 0.153908546875 0.162367724609375 0.0680583125 0.1771825390625 0.08998658984375 0.445171958984375 0.16385306640625 0.445568783203125
0 0 0.36216356640625 0.0029486328125 0.418121693359375 0.078342703125 0.4106481484375 0.057412 0.166600529296875 0 0.180283833984375 0 0.36216356640625
0 0.11971175 0.735515873046875 0.103784537109375 0.58928571484375 0.037406306640625 0.617195767578125 0.07110339453125 0.744576720703125 0.11971175 0.735515873046875
0 0.132780349609375 0.764153439453125 0.182196134765625 0.761111111328125 0.175640248046875 0.563690474609375 0.11262584375 0.56990740625 0.132780349609375 0.764153439453125
0 0.2552772265625 0.58234126953125 0.197344392578125 0.576917990234375 0.201683751953125 0.752314814453125 0.25099665625 0.75125661328125 0.2552772265625 0.58234126953125
1 0.337043466796875 0.603108466796875 0.268963109375 0.59907407421875 0.260367982421875 0.70006613671875 0.329667291015625 0.7021825390625 0.337043466796875 0.603108466796875
0 0.40239289453125 0.59503968359375 0.349130107421875 0.58591269921875 0.339166298828125 0.756481482421875 0.38380915625 0.759126984375 0.40239289453125 0.59503968359375
1 0.471985228515625 0.61309523828125 0.406239896484375 0.60720899609375 0.39388503125 0.71593915234375 0.453139697265625 0.717460318359375 0.471985228515625 0.61309523828125
1 0.53438234765625 0.618783068359375 0.47310130078125 0.613161376953125 0.453859861328125 0.7035714296875 0.514832267578125 0.715145501953125 0.53438234765625 0.618783068359375
1 0.596779466796875 0.624470900390625 0.536511609375 0.620899470703125 0.514523626953125 0.721097884765625 0.5746886015625 0.7266534375 0.596779466796875 0.624470900390625
1 0.65907370703125 0.632142857421875 0.595457634765625 0.628373015625 0.573984052734375 0.71865079296875 0.633135837890625 0.722156083984375 0.65907370703125 0.632142857421875
1 0.720560515625 0.633796296875 0.6603955390625 0.6282407421875 0.634354791015625 0.72023809375 0.690055482421875 0.725529099609375 0.720560515625 0.633796296875
1 0.776158326171875 0.6410714296875 0.71923868359375 0.6376984140625 0.692287623046875 0.725661375 0.744948744140625 0.724801587890625 0.776158326171875 0.6410714296875
1 0.835515875 0.640608466796875 0.779609421875 0.63928571484375 0.746064814453125 0.7248677265625 0.79730121875 0.7298941796875 0.835515875 0.640608466796875
1 0.891010802734375 0.649867724609375 0.83642618359375 0.644642857421875 0.800443671875 0.73406084765625 0.852796150390625 0.7391534375 0.891010802734375 0.649867724609375
1 0.946814373046875 0.653174603515625 0.892126873046875 0.64993386328125 0.855234052734375 0.735317458984375 0.90647045703125 0.740343916015625 0.946814373046875 0.653174603515625
1 0.969032921875 0.656481482421875 0.9479304453125 0.653240740234375 0.90504574609375 0.746230158203125 0.964300412109375 0.74775132421875 0.969032921875 0.656481482421875