1 0.997767857421875 0.311507935546875 0.9464285703125 0.315476189453125 0.98102678515625 0.40674603125 1 0.40674603125 0.997767857421875 0.311507935546875
1 0.890625 0.315476189453125 0.924107142578125 0.412698412109375 0.98102678515625 0.41071428515625 0.9464285703125 0.3194444453125 0.890625 0.315476189453125
1 0.84040178515625 0.329365080078125 0.869419642578125 0.416666666015625 0.92522321484375 0.412698412109375 0.89397321484375 0.32341269921875 0.84040178515625 0.329365080078125
1 0.7823660703125 0.32539682421875 0.810267857421875 0.416666666015625 0.869419642578125 0.412698412109375 0.838169642578125 0.327380953125 0.7823660703125 0.32539682421875
1 0.72991071484375 0.32341269921875 0.755580357421875 0.420634919921875 0.8136160703125 0.412698412109375 0.783482142578125 0.32539682421875 0.72991071484375 0.32341269921875
1 0.669642857421875 0.3194444453125 0.69084821484375 0.41865079296875 0.752232142578125 0.41071428515625 0.7265625 0.3194444453125 0.669642857421875 0.3194444453125
1 0.611607142578125 0.3194444453125 0.62834821484375 0.420634919921875 0.69196428515625 0.422619046875 0.66852678515625 0.317460318359375 0.611607142578125 0.3194444453125
1 0.55022321484375 0.317460318359375 0.56696428515625 0.416666666015625 0.6261160703125 0.412698412109375 0.611607142578125 0.32341269921875 0.55022321484375 0.317460318359375
1 0.4910714296875 0.32341269921875 0.502232142578125 0.42460317578125 0.564732142578125 0.41865079296875 0.552455357421875 0.315476189453125 0.4910714296875 0.32341269921875
1 0.4308035703125 0.3194444453125 0.4386160703125 0.422619046875 0.5 0.420634919921875 0.4921875 0.3194444453125 0.4308035703125 0.3194444453125
0 0.3738839296875 0.26190476171875 0.377232142578125 0.442460318359375 0.43303571484375 0.4444444453125 0.421875 0.26190476171875 0.3738839296875 0.26190476171875
1 0.30133928515625 0.313492064453125 0.299107142578125 0.432539681640625 0.3671875 0.42658730078125 0.3671875 0.307539681640625 0.30133928515625 0.313492064453125
0 0.228794642578125 0.432539681640625 0.2890625 0.434523810546875 0.2890625 0.2579365078125 0.2410714296875 0.255952380859375 0.228794642578125 0.432539681640625
0 0.16852678515625 0.25396825390625 0.146205357421875 0.434523810546875 0.20758928515625 0.44841269921875 0.2254464296875 0.263888888671875 0.16852678515625 0.25396825390625
0 0.1629464296875 0.26984126953125 0.10491071484375 0.255952380859375 0.07477678515625 0.404761904296875 0.1339285703125 0.416666666015625 0.1629464296875 0.26984126953125
0 0.033482142578125 0.567460318359375 0 0.75 0.0011160703125 0.835317458984375 0.068080357421875 0.835317458984375 0.1004464296875 0.59325396875 0.033482142578125 0.567460318359375
0 0.083705357421875 0.833333333984375 0.1640625 0.84722222265625 0.185267857421875 0.5694444453125 0.11272321484375 0.565476189453125 0.083705357421875 0.833333333984375
0 0.27008928515625 0.563492064453125 0.1964285703125 0.563492064453125 0.18415178515625 0.837301587890625 0.255580357421875 0.841269841796875 0.27008928515625 0.563492064453125
1 0.364955357421875 0.625 0.2801339296875 0.626984126953125 0.2745535703125 0.787698412109375 0.36272321484375 0.78571428515625 0.364955357421875 0.625
0 0.424107142578125 0.55158730078125 0.3671875 0.55158730078125 0.3660714296875 0.791666666015625 0.4296875 0.78571428515625 0.424107142578125 0.55158730078125
1 0.513392857421875 0.61309523828125 0.4386160703125 0.615079365234375 0.4453125 0.7738095234375 0.52678571484375 0.767857142578125 0.513392857421875 0.61309523828125
1 0.583705357421875 0.607142857421875 0.513392857421875 0.611111111328125 0.52678571484375 0.767857142578125 0.60602678515625 0.7579365078125 0.583705357421875 0.607142857421875
1 0.583705357421875 0.609126984375 0.60602678515625 0.751984126953125 0.681919642578125 0.7420634921875 0.65625 0.603174603515625 0.583705357421875 0.609126984375
0 0.7109375 0.505952380859375 0.646205357421875 0.533730158203125 0.6941964296875 0.763888888671875 0.76227678515625 0.740079365234375 0.7109375 0.505952380859375
1 0.796875 0.603174603515625 0.736607142578125 0.611111111328125 0.76116071484375 0.73809523828125 0.828125 0.734126984375 0.796875 0.603174603515625
1 0.859375 0.58928571484375 0.796875 0.603174603515625 0.8292410703125 0.734126984375 0.900669642578125 0.728174603515625 0.859375 0.58928571484375
1 0.92522321484375 0.59325396875 0.86272321484375 0.59920634765625 0.8984375 0.728174603515625 0.9698660703125 0.72222222265625 0.92522321484375 0.59325396875
1 0.9988839296875 0.720238095703125 0.9988839296875 0.619047619140625 0.9910714296875 0.58928571484375 0.927455357421875 0.59325396875 0.97209821484375 0.720238095703125 0.9988839296875 0.720238095703125