1 0.997767857421875 0.3194444453125 0.94977678515625 0.3194444453125 0.986607142578125 0.420634919921875 1 0.420634919921875 0.997767857421875 0.3194444453125
1 0.896205357421875 0.32341269921875 0.9296875 0.416666666015625 0.98772321484375 0.416666666015625 0.94977678515625 0.32341269921875 0.896205357421875 0.32341269921875
1 0.841517857421875 0.329365080078125 0.872767857421875 0.42460317578125 0.931919642578125 0.422619046875 0.89508928515625 0.327380953125 0.841517857421875 0.329365080078125
1 0.7879464296875 0.329365080078125 0.81696428515625 0.422619046875 0.8738839296875 0.41865079296875 0.841517857421875 0.327380953125 0.7879464296875 0.329365080078125
1 0.73102678515625 0.327380953125 0.755580357421875 0.420634919921875 0.81584821484375 0.414682541015625 0.7879464296875 0.327380953125 0.73102678515625 0.327380953125
1 0.674107142578125 0.32539682421875 0.6964285703125 0.416666666015625 0.7566964296875 0.420634919921875 0.73102678515625 0.32539682421875 0.674107142578125 0.32539682421875
1 0.61272321484375 0.32341269921875 0.6339285703125 0.422619046875 0.6953125 0.414682541015625 0.671875 0.32539682421875 0.61272321484375 0.32341269921875
1 0.5535714296875 0.32539682421875 0.568080357421875 0.422619046875 0.6316964296875 0.420634919921875 0.614955357421875 0.32539682421875 0.5535714296875 0.32539682421875
1 0.4933035703125 0.32539682421875 0.5066964296875 0.4285714296875 0.5703125 0.42460317578125 0.5558035703125 0.327380953125 0.4933035703125 0.32539682421875
1 0.43415178515625 0.329365080078125 0.44084821484375 0.4285714296875 0.50446428515625 0.422619046875 0.4933035703125 0.329365080078125 0.43415178515625 0.329365080078125
0 0.424107142578125 0.2738095234375 0.37834821484375 0.2738095234375 0.3816964296875 0.442460318359375 0.435267857421875 0.442460318359375 0.424107142578125 0.2738095234375
1 0.3058035703125 0.3214285703125 0.3046875 0.436507935546875 0.37165178515625 0.4285714296875 0.37053571484375 0.3194444453125 0.3058035703125 0.3214285703125
0 0.2332589296875 0.432539681640625 0.286830357421875 0.438492064453125 0.29352678515625 0.263888888671875 0.24665178515625 0.26190476171875 0.2332589296875 0.432539681640625
0 0.16852678515625 0.263888888671875 0.15680803515625 0.45039682421875 0.208705357421875 0.460317458984375 0.2276785703125 0.267857142578125 0.16852678515625 0.263888888671875
0 0.1651785703125 0.279761904296875 0.111607142578125 0.2738095234375 0.080357142578125 0.41865079296875 0.14397321484375 0.42658730078125 0.1651785703125 0.279761904296875
0 0.0390625 0.585317458984375 0.00446428515625 0.7420634921875 0 0.833333333984375 0.0636160703125 0.84920634765625 0.099330357421875 0.609126984375 0.0390625 0.585317458984375
0 0.0859375 0.827380953125 0.1640625 0.84325396875 0.185267857421875 0.577380953125 0.1183035703125 0.5714285703125 0.0859375 0.827380953125
0 0.1863839296875 0.83134920703125 0.25334821484375 0.83928571484375 0.2667410703125 0.5714285703125 0.2020089296875 0.57341269921875 0.1863839296875 0.83134920703125
1 0.2801339296875 0.795634919921875 0.3660714296875 0.79960317578125 0.3660714296875 0.625 0.28571428515625 0.626984126953125 0.2801339296875 0.795634919921875
0 0.3683035703125 0.79365079296875 0.435267857421875 0.79365079296875 0.424107142578125 0.5555555546875 0.369419642578125 0.5535714296875 0.3683035703125 0.79365079296875
1 0.44196428515625 0.625 0.44866071484375 0.77777777734375 0.5301339296875 0.767857142578125 0.5167410703125 0.619047619140625 0.44196428515625 0.625
1 0.5167410703125 0.623015873046875 0.52790178515625 0.767857142578125 0.609375 0.759920634765625 0.5870535703125 0.611111111328125 0.5167410703125 0.623015873046875
1 0.661830357421875 0.61309523828125 0.59040178515625 0.619047619140625 0.6104910703125 0.755952380859375 0.6875 0.75 0.661830357421875 0.61309523828125
0 0.713169642578125 0.51190476171875 0.65178571484375 0.53571428515625 0.7042410703125 0.76190476171875 0.763392857421875 0.7420634921875 0.713169642578125 0.51190476171875
1 0.73772321484375 0.607142857421875 0.7645089296875 0.74603174609375 0.83147321484375 0.73015873046875 0.796875 0.603174603515625 0.73772321484375 0.607142857421875
1 0.86383928515625 0.6011904765625 0.799107142578125 0.60515873046875 0.83258928515625 0.732142857421875 0.9051339296875 0.73015873046875 0.86383928515625 0.6011904765625
1 0.9308035703125 0.59920634765625 0.864955357421875 0.59920634765625 0.9073660703125 0.732142857421875 0.9765625 0.732142857421875 0.9308035703125 0.59920634765625
1 1 0.611111111328125 0.9933035703125 0.595238095703125 0.93303571484375 0.59920634765625 0.9776785703125 0.732142857421875 1 0.732142857421875 1 0.611111111328125