0 0.8277850115740741 0.7414279513888888 0.08748553240740753 0.26004774305555545
0 0.7470775462962963 0.7391710069444444 0.08605324074074083 0.2687499999999998
0 0.6627531828703703 0.7322048611111112 0.09116753472222205 0.2728732638888891
0 0.5760127314814815 0.7331380208333333 0.09370659722222219 0.2992838541666667
0 0.4147063078703704 0.7432291666666666 0.0869068287037037 0.25028211805555545
0 0.08508391203703704 0.7666449652777778 0.09920428240740739 0.26056857638888875
0 0.962938560546875 0.51960648046875 0.864457705078125 0.6757645390625 0.897940103515625 0.79425601171875 0.948308486328125 0.732950533203125 0.962938560546875 0.51960648046875
0 0.916939302734375 0 0.87801080859375 0.184168923828125 0.9839249296875 0.1917592578125 0.9957825 0 0.916939302734375 0
0 0.8014284453125 0 0.774757404296875 0.173991306640625 0.842825728515625 0.18204108203125 0.893298388671875 0 0.8014284453125 0
0 0.685070326171875 0 0.658459845703125 0.1736225703125 0.7482859765625 0.182551142578125 0.7784007421875 0 0.685070326171875 0
0 0.56489196875 0 0.554328970703125 0.178250609375 0.640702162109375 0.1928701640625 0.66198430078125 0 0.56489196875 0
0 0.45924555859375 0 0.450142720703125 0.20133947265625 0.5281311796875 0.19971912890625 0.540220091796875 0 0.45924555859375 0
0 0.341861541015625 0 0.332309849609375 0.226880748046875 0.417916419921875 0.2193843046875 0.429625697265625 0 0.341861541015625 0
0 0.22446383203125 0 0.237058951171875 0.186813978515625 0.306936322265625 0.181862423828125 0.312936033203125 0 0.22446383203125 0
0 0.12168766015625 0 0.135997806640625 0.174693033203125 0.20275115625 0.169880322265625 0.212973158203125 0 0.12168766015625 0
1 0.4919777199074074 0.7212890624999999 0.09125434027777779 0.2085937499999999
1 0.33228443287037035 0.7205946180555556 0.08917824074074066 0.18999565972222232
1 0.24876302083333335 0.7165147569444444 0.09613715277777779 0.20881076388888897
1 0.1667896412037037 0.7191840277777778 0.09216579861111113 0.19110243055555554
1 0.024276620370370372 0.7409939236111112 0.048553240740740744 0.22790798611111107