0 0.9059895833333333 0.8198206018518519 0.08365162037037033 0.24536313657407405
0 0.8167607060185185 0.7907986111111112 0.07012442129629637 0.2544198495370371
0 0.7355613425925926 0.7768301504629629 0.08491753472222241 0.2649450231481483
0 0.6456018518518518 0.7643590856481481 0.0879050925925926 0.2690031828703705
0 0.4795428240740741 0.7528211805555556 0.08010706018518521 0.2695746527777778
0 0.1574074074074074 0.7449001736111112 0.09066116898148147 0.25743634259259274
0 0.49586507421875 1 0.497279251953125 0.983562873046875 0.443131181640625 0.9807551953125 0.443525525390625 1 0.49586507421875 1
0 1 0.0535465703125 0.926728958984375 0.051596044921875 0.911686291015625 0.23019725 1 0.2404169140625 1 0.0535465703125
0 1 0.630762623046875 0.93213320703125 0.76755220703125 0.988528912109375 0.851845212890625 1 0.83095591015625 1 0.630762623046875
0 0.881433447265625 0.224930056640625 0.91222611328125 0.0639544765625 0.81629769921875 0.042326546875 0.792922294921875 0.22034058984375 0.881433447265625 0.224930056640625
0 0.77730266796875 0.21953068359375 0.78558130859375 0.051836421875 0.699671220703125 0.036279248046875 0.689777927734375 0.2112938359375 0.77730266796875 0.21953068359375
0 0.6730072890625 0.203027025390625 0.67460265625 0.043306330078125 0.576796796875 0.029907982421875 0.577234365234375 0.199910369140625 0.6730072890625 0.203027025390625
0 0.554544890625 0.21352815625 0.54947919921875 0.028491513671875 0.4613463515625 0.033012970703125 0.4660610625 0.210789455078125 0.554544890625 0.21352815625
0 0.4436184453125 0.24106366796875 0.4340599609375 0.036385033203125 0.34471977734375 0.026965666015625 0.359245046875 0.234839486328125 0.4436184453125 0.24106366796875
0 0.333237998046875 0.024520966796875 0.23316501953125 0.012090037109375 0.262046931640625 0.2057588203125 0.33493845703125 0.209538380859375 0.324767265625 0.03626929296875 0.333237998046875 0.024520966796875
0 0.227574080078125 0.196574115234375 0.21518650390625 0.01670910546875 0.120703615234375 0.006258705078125 0.158847724609375 0.193010525390625 0.227574080078125 0.196574115234375
1 0.5572627314814815 0.7295283564814814 0.08397714120370381 0.20146846064814827
1 0.39911747685185184 0.7252314814814815 0.08386140046296298 0.19365596064814827
1 0.3227864583333333 0.7105396412037037 0.08374565972222214 0.18584346064814827
1 0.2379123263888889 0.7119936342592592 0.07986834490740741 0.18759403935185182
1 0.0728587962962963 0.7024594907407407 0.0868923611111111 0.2006438078703705
1 0.427427541015625 1 0.434745908203125 0.9766217890625 0.362676287109375 0.958090525390625 0.360389359375 1 0.427427541015625 1
1 0.3639369453125 1 0.362868212890625 0.97104553515625 0.2920866875 0.96922464453125 0.294859810546875 1 0.3639369453125 1
1 0.294932984375 1 0.295155779296875 0.96568521484375 0.223332916015625 0.963810373046875 0.223591603515625 1 0.294932984375 1
1 0.222828517578125 1 0.22240124609375 0.971159201171875 0.146522791015625 0.97647125 0.154112123046875 1 0.222828517578125 1
1 0.15223169921875 1 0.152523880859375 0.96013879296875 0.08483876953125 0.9566291953125 0.088929740234375 1 0.15223169921875 1