0 0.055989583984375 1 0.08203125 0.833333333984375 0 0.8125 0 1 0.055989583984375 1
0 0.174479166015625 1 0.200520833984375 0.84722222265625 0.111979166015625 0.833333333984375 0.08203125 1 0.174479166015625 1
0 0.196614583984375 0.99537037109375 0.29296875 1 0.307291666015625 0.86342592578125 0.220052083984375 0.8518518515625 0.196614583984375 0.99537037109375
0 0.321614583984375 0.9930555546875 0.412760416015625 0.99537037109375 0.415364583984375 0.8518518515625 0.322916666015625 0.84490740625 0.321614583984375 0.9930555546875
0 0.5234375 1 0.520833333984375 0.828703705078125 0.44921875 0.831018517578125 0.4453125 1 0.5234375 1
0 0.651041666015625 1 0.639322916015625 0.796296294921875 0.557291666015625 0.80092592578125 0.5625 1 0.651041666015625 1
0 0.7578125 1 0.743489583984375 0.84027777734375 0.666666666015625 0.84490740625 0.677083333984375 0.997685185546875 0.7578125 1
0 0.864583333984375 0.997685185546875 0.841145833984375 0.861111111328125 0.7734375 0.861111111328125 0.7890625 1 0.864583333984375 0.997685185546875
1 0.9609375 0.247685185546875 0.895833333984375 0.25462962890625 0.91015625 0.391203705078125 0.986979166015625 0.38657407421875 0.9609375 0.247685185546875
0 0.87890625 0.13657407421875 0.80859375 0.1481481484375 0.828125 0.391203705078125 0.90625 0.391203705078125 0.87890625 0.13657407421875
1 0.809895833984375 0.224537037109375 0.731770833984375 0.224537037109375 0.740885416015625 0.38657407421875 0.826822916015625 0.384259259765625 0.809895833984375 0.224537037109375
1 0.6484375 0.21990740625 0.65625 0.391203705078125 0.73828125 0.391203705078125 0.727864583984375 0.22222222265625 0.6484375 0.21990740625
1 0.576822916015625 0.22222222265625 0.578125 0.395833333984375 0.657552083984375 0.388888888671875 0.65234375 0.22222222265625 0.576822916015625 0.22222222265625
0 0.50390625 0.145833333984375 0.494791666015625 0.40277777734375 0.563802083984375 0.400462962890625 0.563802083984375 0.145833333984375 0.50390625 0.145833333984375
1 0.421875 0.21759259375 0.41015625 0.37037037109375 0.4921875 0.375 0.498697916015625 0.21759259375 0.421875 0.21759259375
0 0.419270833984375 0.15277777734375 0.3359375 0.143518517578125 0.32421875 0.40740740625 0.403645833984375 0.4143518515625 0.419270833984375 0.15277777734375
0 0.333333333984375 0.15277777734375 0.256510416015625 0.145833333984375 0.23828125 0.395833333984375 0.311197916015625 0.400462962890625 0.333333333984375 0.15277777734375
0 0.25 0.166666666015625 0.18359375 0.134259259765625 0.151041666015625 0.37037037109375 0.216145833984375 0.3819444453125 0.25 0.166666666015625
0 0.10546875 0.122685185546875 0.065104166015625 0.34259259375 0.130208333984375 0.377314814453125 0.170572916015625 0.13657407421875 0.10546875 0.122685185546875
0 0.028645833984375 0.201388888671875 0 0.24537037109375 0.00390625 0.4305555546875 0.078125 0.2893518515625 0.028645833984375 0.201388888671875
0 0.5537109375 0.0146484375 0.0546875 0.025390625
1 0.6201171875 0.0126953125 0.06640625 0.0205078125
1 0.6904296875 0.013671875 0.06640625 0.0234375
1 0.76171875 0.013671875 0.0703125 0.02734375
1 0.83203125 0.01953125 0.0703125 0.03515625
1 0.900390625 0.01953125 0.06640625 0.0390625