0 0.10579427083333334 0.21893084490740738 0.07798032407407407 0.24470486111111112
0 0.18969184027777777 0.23002748842592594 0.06924913194444443 0.25245225694444445
0 0.274609375 0.23525752314814813 0.07540509259259265 0.2925347222222222
0 0.35954861111111114 0.23755787037037035 0.07732204861111103 0.2876663773148148
0 0.5275173611111111 0.2363136574074074 0.07520254629629619 0.2651909722222222
0 0.8517795138888888 0.22805266203703703 0.08292100694444438 0.25255353009259257
0 0 0.38657106640625 0.0682198515625 0.26675275 0.02623905859375 0.17083192578125 0 0.204253685546875 0 0.38657106640625
0 0 0.999945130859375 0.0471726171875 0.999595703125 0.083042634765625 0.7959179453125 0 0.7919200546875 0 0.999945130859375
0 0.175253552734375 0.998646955078125 0.19338023046875 0.800652466796875 0.114295595703125 0.793835857421875 0.07442512109375 0.99106095703125 0.175253552734375 0.998646955078125
0 0.29708663671875 0.99774448828125 0.300538970703125 0.812813037109375 0.220358255859375 0.81340696875 0.197800892578125 0.998479939453125 0.29708663671875 0.99774448828125
0 0.40957421484375 0.99336528515625 0.409903771484375 0.80830176171875 0.32243386328125 0.808949685546875 0.31657146875 0.99482253125 0.40957421484375 0.99336528515625
0 0.52409183984375 0.99606296875 0.524571142578125 0.790796779296875 0.442321455078125 0.789555453125 0.43700742578125 0.97726466015625 0.52409183984375 0.99606296875
0 0.643842337890625 0.995175927734375 0.6352102421875 0.7548156328125 0.55096022265625 0.7424853671875 0.54625896875 0.993121142578125 0.643842337890625 0.995175927734375
0 0.657379380859375 0.995075654296875 0.758386232421875 0.994327455078125 0.733791880859375 0.80035066796875 0.65881767578125 0.800906033203125 0.666633197265625 0.98389660546875 0.657379380859375 0.995075654296875
0 0.860434521484375 0.993571541015625 0.836799158203125 0.810691408203125 0.764948876953125 0.8112236328125 0.77125896875 0.9914544765625 0.860434521484375 0.993571541015625
1 0.4472511574074074 0.2622974537037037 0.08069299768518512 0.21542968750000002
1 0.604542824074074 0.25234375 0.08170572916666652 0.22031973379629632
1 0.6874855324074074 0.2605179398148148 0.0815827546296295 0.20371817129629632
1 0.7704861111111111 0.26087962962962963 0.07659866898148149 0.19001012731481481
1 0.9316044560185186 0.26163917824074073 0.08243634259259247 0.18712384259259263