0 0.125 0.21484375 0.076171875 0.263671875
0 0.2060546875 0.22265625 0.0751953125 0.255859375
0 0.291015625 0.23828125 0.0751953125 0.283203125
0 0.37890625 0.2412109375 0.0810546875 0.2880859375
0 0.5439453125 0.2392578125 0.072265625 0.251953125
0 0.8701171875 0.23828125 0.08984375 0.2607421875
0 0.092067126953125 0.27652634375 0.04208432421875 0.16363276171875 0 0.22470630859375 0.000431955078125 0.419031228515625 0.01145830078125 0.416666666015625 0.092067126953125 0.27652634375
0 0 0.99275247265625 0.07540616015625 1 0.1066454140625 0.7817711328125 0.00208330078125 0.763888888671875 0 0.99275247265625
0 0.1982805859375 1 0.213900212890625 0.79472609765625 0.13580208203125 0.789173958984375 0.09427080078125 0.988888888671875 0.1982805859375 1
0 0.3180310859375 1 0.326361521484375 0.7984275546875 0.24097419921875 0.787323271484375 0.22239580078125 0.9944444453125 0.3180310859375 1
0 0.434657564453125 1 0.42840971484375 0.791024642578125 0.348228998046875 0.789173958984375 0.34114580078125 0.986111111328125 0.434657564453125 1
0 0.53982977734375 1 0.5387884375 0.791024642578125 0.45860772265625 0.787323271484375 0.45833330078125 0.988888888671875 0.53982977734375 1
0 0.6585389375 1 0.65333233203125 0.74105537890625 0.568986349609375 0.7373540078125 0.568986349609375 0.99275247265625 0.6585389375 1
0 0.76995890625 1 0.753297939453125 0.789173958984375 0.6762411484375 0.7928754140625 0.68333330078125 0.991666666015625 0.76995890625 1
0 0.881378875 1 0.861594078125 0.807681064453125 0.78453719140625 0.809531833984375 0.78958330078125 0.986111111328125 0.881378875 1
1 0.4658203125 0.2548828125 0.078125 0.2275390625
1 0.625 0.26953125 0.080078125 0.19921875
1 0.7080078125 0.26953125 0.07421875 0.19921875
1 0.78515625 0.2646484375 0.078125 0.212890625
1 0.951171875 0.2685546875 0.0791015625 0.1982421875