1 1 0.525894109375 0.96888411328125 0.619295634765625 1 0.61973460546875 1 0.525894109375
1 1 0.521689982421875 0.948146310546875 0.52326388671875 0.91525389453125 0.620882935546875 0.9643610390625 0.617609126953125 1 0.528809513671875 1 0.521689982421875
1 0.916369966796875 0.62080853125 0.948146310546875 0.52326388671875 0.88999301953125 0.52316468359375 0.861682466796875 0.62445436328125 0.916369966796875 0.62080853125
1 0.861564888671875 0.620486109375 0.88999301953125 0.52316468359375 0.833132166015625 0.528943453125 0.806994966796875 0.628100197265625 0.861564888671875 0.620486109375
1 0.80593768359375 0.630158728515625 0.833132166015625 0.528943453125 0.771807025390625 0.53501983984375 0.74790196875 0.63402777734375 0.80593768359375 0.630158728515625
1 0.75101502734375 0.625868056640625 0.771807025390625 0.53501983984375 0.711421591796875 0.5350694453125 0.694154173828125 0.63164682421875 0.75101502734375 0.625868056640625
1 0.690982328125 0.637822419921875 0.711421591796875 0.5350694453125 0.64780551953125 0.539310515625 0.63294661328125 0.641691466796875 0.690982328125 0.637822419921875
1 0.635119966796875 0.63955853125 0.64786430859375 0.541294642578125 0.586304013671875 0.539434525390625 0.577084251953125 0.643427578125 0.635119966796875 0.63955853125
1 0.572678755859375 0.64570932421875 0.586304013671875 0.539434525390625 0.523745224609375 0.5416170625 0.51675760546875 0.645461310546875 0.572678755859375 0.64570932421875
1 0.514584251953125 0.64759424609375 0.523745224609375 0.5416170625 0.457955798828125 0.547991072265625 0.45320032421875 0.6516865078125 0.514584251953125 0.64759424609375
0 0.44468419140625 0.703943453125 0.450789056640625 0.532564482421875 0.398216123046875 0.53209325390625 0.402273478515625 0.706770833984375 0.44468419140625 0.703943453125
1 0.386588771484375 0.668055556640625 0.386586015625 0.554737103515625 0.317448376953125 0.561334326171875 0.324147560546875 0.674206349609375 0.386588771484375 0.668055556640625
0 0.313105341796875 0.71669146875 0.30352641796875 0.544370041015625 0.246547986328125 0.5461805546875 0.26288212890625 0.72003968359375 0.313105341796875 0.71669146875
0 0.24884351171875 0.7368799609375 0.229219025390625 0.527455357421875 0.1647220390625 0.539707341796875 0.188575654296875 0.740897818359375 0.24884351171875 0.7368799609375
0 0.154325580078125 0.5662450390625 0.09764109375 0.57797619140625 0.13241934765625 0.73271329296875 0.191277189453125 0.71884920703125 0.154325580078125 0.5662450390625
0 0.044888115234375 0.42046130859375 0.10697659375 0.40240575390625 0.07307741796875 0.1641121015625 0.004938271484375 0.166666666015625 0.01122593359375 0.26564980078125 0.044888115234375 0.42046130859375
0 0.1321180546875 0.42061012109375 0.198905974609375 0.410193451171875 0.169881685546875 0.14771825390625 0.091052138671875 0.166889880859375 0.1321180546875 0.42061012109375
0 0.19032370703125 0.158283728515625 0.217174638671875 0.42289186328125 0.282787697265625 0.4105654765625 0.259402556640625 0.149702380859375 0.19032370703125 0.158283728515625
1 0.28090277734375 0.195982142578125 0.293359603515625 0.352207341796875 0.374950396484375 0.350744046875 0.367779982421875 0.18422619140625 0.28090277734375 0.195982142578125
0 0.377942203125 0.187524802734375 0.382529578125 0.417832341796875 0.437217078125 0.414186509765625 0.43597791796875 0.18365575390625 0.377942203125 0.187524802734375
1 0.45430537109375 0.198338294921875 0.453192974609375 0.34950396875 0.5271476328125 0.354513888671875 0.533781599609375 0.200992064453125 0.45430537109375 0.198338294921875
1 0.5360137421875 0.20084325390625 0.5260903515625 0.356572419921875 0.599868642578125 0.3556299609375 0.615431181640625 0.201512896484375 0.5360137421875 0.20084325390625
1 0.615431181640625 0.201512896484375 0.600045009765625 0.36158234375 0.673705724609375 0.35667162890625 0.692675265625 0.2043154765625 0.615431181640625 0.201512896484375
0 0.71252939453125 0.19503968359375 0.66889054296875 0.420610119140625 0.72539958203125 0.440699404296875 0.77009571484375 0.213070435546875 0.71252939453125 0.19503968359375
1 0.841700654296875 0.214260912109375 0.767863572265625 0.21321924609375 0.75047949609375 0.343601189453125 0.8086327890625 0.343700396484375 0.841700654296875 0.214260912109375
1 0.83952730078125 0.216393849609375 0.810806142578125 0.3415674609375 0.876889513671875 0.3451140859375 0.90983980078125 0.211706349609375 0.83952730078125 0.216393849609375
1 0.912071943359375 0.2115575390625 0.876830724609375 0.3431299609375 0.9428553046875 0.344692458984375 0.98138594921875 0.21091269921875 0.912071943359375 0.2115575390625
1 1 0.209671763671875 0.98138594921875 0.21091269921875 0.941739234375 0.344766865234375 1 0.348267833984375 1 0.209671763671875