1 0.401729521484375 0.622002267578125 0.41005113671875 0.7860316484375 0.485681029296875 0.776531251953125 0.482456744140625 0.61760174609375 0.401729521484375 0.622002267578125
1 0.56614773828125 0.609225521484375 0.567170908203125 0.768203921875 0.642791146484375 0.76000703125 0.648303759765625 0.61000641796875 0.56614773828125 0.609225521484375
1 0.649790533203125 0.60736679296875 0.643793244140625 0.7638252421875 0.719830486328125 0.758295046875 0.72974540234375 0.608196603515625 0.649790533203125 0.60736679296875
1 0.73267058984375 0.60943485546875 0.72167607421875 0.76444140234375 0.79610716796875 0.7605098671875 0.813388115234375 0.606337876953125 0.73267058984375 0.60943485546875
1 0.896972494140625 0.596665548828125 0.8795265703125 0.7515460546875 0.95014686328125 0.74666531640625 0.974755220703125 0.59363375 0.896972494140625 0.596665548828125
0 0.81982812890625 0.587034962890625 0.794937162109375 0.854342064453125 0.8714094609375 0.853062759765625 0.898296265625 0.590504357421875 0.81982812890625 0.587034962890625
0 0.5228949652777778 0.7206814236111112 0.07026909722222219 0.2593315972222223
0 0.35690827546296294 0.7204644097222223 0.08119936342592593 0.28496093749999996
0 0.2738425925925926 0.7301215277777777 0.08793402777777781 0.2714409722222224
0 0.1908130787037037 0.7348958333333333 0.08188657407407407 0.24592013888888875
0 0.06663808984375 0.746129451171875 0.089761171875 0.885267423828125 0.158978984375 0.857463474609375 0.131339724609375 0.6273956796875 0.057273806640625 0.62382845703125 0.06663808984375 0.746129451171875
0 0 0.766838978515625 0.0178560625 0.795435154296875 0.06159869140625 0.733208552734375 0.059185251953125 0.662884630859375 0 0.58030388671875 0 0.766838978515625
0 0.033203125 0.0986328125 0.06640625 0.197265625
0 0.08232675 0 0.11815288671875 0.171182109375 0.195890654296875 0.16398926171875 0.1784572421875 0 0.08232675 0
0 0.2474609375 0.07658962673611111 0.08905526620370369 0.15317925347222222
0 0.3626808449074074 0.07750108506944445 0.08811487268518525 0.1550021701388889
0 0.48566984953703707 0.08391384548611111 0.08237123842592586 0.16782769097222222
0 0.5929398148148148 0.10303276909722223 0.09145688657407414 0.20606553819444445
0 0.7093243634259259 0.07853190104166667 0.08818721064814827 0.15706380208333334
0 0.8138671875000001 0.0703396267361111 0.09686776620370363 0.1406792534722222