0 0.4652430546875 0.571354166015625 0.48458076171875 0.818263888671875 0.54708076171875 0.81409722265625 0.535061728515625 0.55833333203125 0.4652430546875 0.571354166015625
0 0.167722478515625 0.84496527734375 0.23318287109375 0.8378125 0.1919701640625 0.592361111328125 0.1218222734375 0.599826388671875 0.167722478515625 0.84496527734375
0 0.63910365234375 0.805173611328125 0.702262087890625 0.8121180546875 0.7044701640625 0.558194443359375 0.639584619140625 0.548576388671875 0.63910365234375 0.805173611328125
0 0.71739326171875 0.802743056640625 0.791489197265625 0.808958333984375 0.799043208984375 0.56583333203125 0.7230555546875 0.554166666015625 0.71739326171875 0.802743056640625
0 0.80629115234375 0.794027779296875 0.868216306640625 0.8066319453125 0.87832047265625 0.5800694453125 0.821082818359375 0.567152779296875 0.80629115234375 0.794027779296875
0 0.96475180078125 0.582673611328125 0.90784336328125 0.5753125 0.901193416015625 0.80722222265625 0.9518518515625 0.815 0.96475180078125 0.582673611328125
0 1 0.56088166796875 0.96352108984375 0.641319443359375 1 0.704112064453125 1 0.56088166796875
0 0.94060980859375 0 0.927887087890625 0.119409720703125 1 0.11702581640625 1 0 0.94060980859375 0
0 0.81631799609375 0 0.801570216796875 0.105520833984375 0.88783693359375 0.10534722265625 0.90583532421875 0 0.81631799609375 0
0 0.709030228515625 0 0.701240998046875 0.106631943359375 0.78775334375 0.0841319453125 0.792390263671875 0 0.709030228515625 0
0 0.59547510546875 0 0.5958950625 0.1025 0.675911779296875 0.102743056640625 0.669823302734375 0 0.59547510546875 0
0 0.475671298828125 0 0.48643904296875 0.13489583203125 0.56316615234375 0.1325694453125 0.554018576171875 0 0.475671298828125 0
0 0.3519177265625 0 0.3668685703125 0.181909720703125 0.4512435703125 0.176284720703125 0.439432642578125 0 0.3519177265625 0
0 0.239966359375 0 0.260286779296875 0.130451388671875 0.336849279296875 0.12534722265625 0.32259028515625 0 0.239966359375 0
0 0.13290696484375 0 0.16431584375 0.1256944453125 0.228049125 0.1158680546875 0.20997374609375 0 0.13290696484375 0
0 0.531134259765625 0.968541666015625 0.529323560546875 0.937986111328125 0.47011316796875 0.94472222265625 0.473321759765625 0.972395833984375 0.531134259765625 0.968541666015625
1 0.471759259765625 0.9725 0.475704732421875 0.9331944453125 0.402267232421875 0.93809027734375 0.404571759765625 0.976979166015625 0.471759259765625 0.9725
1 0.406134259765625 0.976875 0.400704732421875 0.9381944453125 0.327267232421875 0.94309027734375 0.329407150390625 0.979201388671875 0.406134259765625 0.976875
1 0.331134259765625 0.981875 0.327596451171875 0.94864583203125 0.260244341796875 0.95034722265625 0.263782150390625 0.983576388671875 0.331134259765625 0.981875
1 0.265509259765625 0.98625 0.259011060546875 0.9560069453125 0.190096451171875 0.9578125 0.193634259765625 0.991041666015625 0.265509259765625 0.98625
1 0.192071759765625 0.991145833984375 0.19059027734375 0.966145833984375 0.111971451171875 0.96302083203125 0.123321759765625 0.995729166015625 0.192071759765625 0.991145833984375
1 0.079148662109375 0.753263888671875 0.146665380859375 0.75434027734375 0.1280722734375 0.599409720703125 0.0471514921875 0.6103819453125 0.079148662109375 0.753263888671875
1 0.226188271484375 0.74625 0.310563271484375 0.740625 0.2919701640625 0.585694443359375 0.2080889921875 0.59965277734375 0.226188271484375 0.74625
1 0.2950951640625 0.585486111328125 0.310234052734375 0.735069443359375 0.39403420703125 0.746215279296875 0.3754411015625 0.59128472265625 0.2950951640625 0.585486111328125
1 0.390744599609375 0.74364583203125 0.465744599609375 0.73864583203125 0.4579243828125 0.580208333984375 0.3766743828125 0.585625 0.390744599609375 0.74364583203125
1 0.54469264453125 0.747326388671875 0.626271861328125 0.74746527734375 0.627332818359375 0.5800694453125 0.5409014921875 0.57746527734375 0.54469264453125 0.747326388671875