0 0.9200303819444444 0.8006004050925926 0.09414785879629628 0.25119357638888884
0 0.8337673611111112 0.7886284722222222 0.07837818287037024 0.24670862268518512
0 0.7516276041666666 0.7826605902777778 0.08427372685185186 0.27423321759259256
0 0.6587094907407407 0.775318287037037 0.09599247685185186 0.27466724537037024
0 0.4992766203703704 0.7625868055555556 0.08264612268518523 0.25661892361111116
0 0.17748119212962965 0.7633463541666667 0.09461805555555558 0.26388888888888884
0 1 0.68231566796875 0.957075486328125 0.770865759765625 1 0.845609212890625 1 0.68231566796875
0 1 0.0424077890625 0.94229605078125 0.034899853515625 0.9194266953125 0.231652486328125 1 0.24928684375 1 0.0424077890625
0 0.89180425 0.215843921875 0.918332080078125 0.036786265625 0.820799939453125 0.039485814453125 0.8065541171875 0.216382974609375 0.89180425 0.215843921875
0 0.77941148828125 0.2135294609375 0.794894580078125 0.0322145078125 0.703836390625 0.026068013671875 0.6936815390625 0.201113458984375 0.77941148828125 0.2135294609375
0 0.6758290703125 0.224478501953125 0.67957822265625 0.03626543359375 0.579920720703125 0.021478544921875 0.588016439453125 0.211985279296875 0.6758290703125 0.224478501953125
0 0.562326421875 0.22027469921875 0.560725341796875 0.0290895078125 0.467459412109375 0.0173133125 0.47999448046875 0.21537721875 0.562326421875 0.22027469921875
0 0.454497025390625 0.256940833984375 0.44676572265625 0.027642748046875 0.34666766796875 0.01283954296875 0.369109703125 0.253778341796875 0.454497025390625 0.256940833984375
0 0.344555904296875 0.20851274609375 0.327912841796875 0.020466822265625 0.238371529296875 0.00882857421875 0.266252138671875 0.200068083984375 0.344555904296875 0.20851274609375
0 0.235954439453125 0.186715947265625 0.21643917578125 0.008016265625 0.133217646484375 0.01182922265625 0.165089162109375 0.19333896484375 0.235954439453125 0.186715947265625
1 0.5750144675925926 0.7536892361111112 0.0878182870370372 0.2119502314814814
1 0.4163411458333333 0.7351345486111112 0.0859375 0.2138310185185186
1 0.3349247685185185 0.7223668981481481 0.09208622685185186 0.19552951388888884
1 0.2509765625 0.7202329282407407 0.08203125 0.18735532407407396
1 0.09035011574074076 0.7279369212962963 0.08445457175925924 0.20012297453703698