1 0.997767857421875 0.3214285703125 0.947544642578125 0.32341269921875 0.9854910703125 0.412698412109375 0.9988839296875 0.414682541015625 0.997767857421875 0.3214285703125
1 0.94977678515625 0.32539682421875 0.8973214296875 0.32539682421875 0.9296875 0.420634919921875 0.986607142578125 0.420634919921875 0.94977678515625 0.32539682421875
1 0.84040178515625 0.329365080078125 0.8738839296875 0.420634919921875 0.9308035703125 0.41865079296875 0.8973214296875 0.329365080078125 0.84040178515625 0.329365080078125
1 0.786830357421875 0.327380953125 0.81584821484375 0.41865079296875 0.8738839296875 0.420634919921875 0.841517857421875 0.327380953125 0.786830357421875 0.327380953125
1 0.786830357421875 0.33134920703125 0.73102678515625 0.329365080078125 0.7589285703125 0.422619046875 0.822544642578125 0.422619046875 0.814732142578125 0.41865079296875 0.786830357421875 0.33134920703125
1 0.674107142578125 0.333333333984375 0.693080357421875 0.42658730078125 0.7578125 0.41865079296875 0.73102678515625 0.33134920703125 0.674107142578125 0.333333333984375
1 0.6160714296875 0.329365080078125 0.6339285703125 0.42658730078125 0.6941964296875 0.422619046875 0.6729910703125 0.329365080078125 0.6160714296875 0.329365080078125
1 0.5558035703125 0.327380953125 0.5714285703125 0.4285714296875 0.635044642578125 0.42460317578125 0.614955357421875 0.327380953125 0.5558035703125 0.327380953125
1 0.494419642578125 0.327380953125 0.505580357421875 0.432539681640625 0.5703125 0.42658730078125 0.5546875 0.32539682421875 0.494419642578125 0.327380953125
1 0.435267857421875 0.329365080078125 0.44084821484375 0.438492064453125 0.50334821484375 0.432539681640625 0.4921875 0.329365080078125 0.435267857421875 0.329365080078125
0 0.37946428515625 0.2738095234375 0.380580357421875 0.4444444453125 0.435267857421875 0.4444444453125 0.424107142578125 0.2738095234375 0.37946428515625 0.2738095234375
1 0.3046875 0.3194444453125 0.302455357421875 0.432539681640625 0.37053571484375 0.4305555546875 0.37165178515625 0.3194444453125 0.3046875 0.3194444453125
0 0.2433035703125 0.26984126953125 0.23102678515625 0.434523810546875 0.28571428515625 0.438492064453125 0.28459821484375 0.26984126953125 0.2433035703125 0.26984126953125
0 0.22321428515625 0.263888888671875 0.171875 0.263888888671875 0.15178571484375 0.4444444453125 0.2098214296875 0.45039682421875 0.22321428515625 0.263888888671875
0 0.1629464296875 0.271825396484375 0.1082589296875 0.265873015625 0.0792410703125 0.4305555546875 0.1316964296875 0.434523810546875 0.1629464296875 0.271825396484375
0 0.041294642578125 0.579365080078125 0.00334821484375 0.748015873046875 0 0.841269841796875 0.0691964296875 0.841269841796875 0.095982142578125 0.6011904765625 0.041294642578125 0.579365080078125
0 0.088169642578125 0.83928571484375 0.16852678515625 0.84920634765625 0.1863839296875 0.577380953125 0.125 0.5714285703125 0.088169642578125 0.83928571484375
0 0.18415178515625 0.833333333984375 0.2566964296875 0.841269841796875 0.26897321484375 0.57341269921875 0.208705357421875 0.5694444453125 0.18415178515625 0.833333333984375
1 0.2745535703125 0.797619046875 0.36272321484375 0.797619046875 0.364955357421875 0.62896825390625 0.28459821484375 0.6329365078125 0.2745535703125 0.797619046875
0 0.424107142578125 0.5535714296875 0.37165178515625 0.5555555546875 0.37165178515625 0.795634919921875 0.4308035703125 0.791666666015625 0.424107142578125 0.5535714296875
1 0.5145089296875 0.609126984375 0.44196428515625 0.62103174609375 0.44977678515625 0.77777777734375 0.5301339296875 0.76984126953125 0.5145089296875 0.609126984375
1 0.58928571484375 0.6170634921875 0.51116071484375 0.619047619140625 0.529017857421875 0.771825396484375 0.6104910703125 0.767857142578125 0.58928571484375 0.6170634921875
1 0.658482142578125 0.61309523828125 0.5859375 0.62103174609375 0.6104910703125 0.7579365078125 0.685267857421875 0.75 0.658482142578125 0.61309523828125
0 0.71428571484375 0.517857142578125 0.650669642578125 0.541666666015625 0.70647321484375 0.76190476171875 0.76227678515625 0.73809523828125 0.71428571484375 0.517857142578125
1 0.799107142578125 0.6011904765625 0.7410714296875 0.615079365234375 0.7645089296875 0.75 0.83258928515625 0.740079365234375 0.799107142578125 0.6011904765625
1 0.86383928515625 0.60515873046875 0.799107142578125 0.609126984375 0.8359375 0.740079365234375 0.9051339296875 0.734126984375 0.86383928515625 0.60515873046875
1 0.9296875 0.595238095703125 0.864955357421875 0.59920634765625 0.90625 0.736111111328125 0.9754464296875 0.728174603515625 0.9296875 0.595238095703125
1 1 0.7261904765625 0.9988839296875 0.62103174609375 0.9910714296875 0.59722222265625 0.9308035703125 0.59722222265625 0.9776785703125 0.7261904765625 1 0.7261904765625