1 0.505956390625 0.35293328515625 0.501748876953125 0.194185990234375 0.4247393984375 0.1941764921875 0.423519984375 0.356387744140625 0.505956390625 0.35293328515625
1 0.668389232421875 0.355203916015625 0.657969458984375 0.19765262890625 0.58325701953125 0.19767964453125 0.589799931640625 0.355508634765625 0.668389232421875 0.355203916015625
1 0.7531907890625 0.353703205078125 0.73546596484375 0.198392201171875 0.6607042265625 0.19902934375 0.670754416015625 0.357157689453125 0.7531907890625 0.353703205078125
1 0.8337733046875 0.355561119140625 0.81324921875 0.20134498046875 0.73759916796875 0.199484298828125 0.755184068359375 0.3558658359375 0.8337733046875 0.355561119140625
1 0.9957514375 0.354805701171875 0.968191728515625 0.20889341015625 0.898797234375 0.2056413515625 0.92100921484375 0.351960654296875 0.9957514375 0.354805701171875
0 0.80781006640625 0.107204302734375 0.84257240234375 0.368511 0.91891615625 0.356129728515625 0.894559759765625 0.179764833984375 0.874814556640625 0.09433639453125 0.80781006640625 0.107204302734375
0 0.5391493055555556 0.25 0.07458767361111107 0.2518807870370371
0 0.37233072916666665 0.25885416666666666 0.08637152777777779 0.27563657407407405
0 0.333647916015625 0.3819809453125 0.33746329296875 0.12180364453125 0.263660126953125 0.121505046875 0.2499541640625 0.395591919921875 0.333647916015625 0.3819809453125
0 0.240687916015625 0.36652069921875 0.251718763671875 0.140535001953125 0.1854319140625 0.12564513671875 0.168535484375 0.370682400390625 0.240687916015625 0.36652069921875
0 0.156897513671875 0.364358328125 0.17578722265625 0.122960923828125 0.100172123046875 0.109949197265625 0.072754640625 0.367863376953125 0.156897513671875 0.364358328125
0 0.026887296875 0.2073147109375 0.010835365234375 0.243795736328125 0.01866942578125 0.420062076171875 0.074026783203125 0.332408376953125 0.08196009375 0.26741023046875 0.05684119140625 0.227677583984375 0.026887296875 0.2073147109375
0 0.07428385416666666 0.9013310185185186 0.07695312500000001 0.1953848379629628
0 0.22381257421875 0.994685388671875 0.232789083984375 0.825001466796875 0.158492271484375 0.82252971875 0.12483501953125 0.997618056640625 0.22381257421875 0.994685388671875
0 0.2918619791666667 0.9124855324074075 0.09398871527777775 0.1617549189814813
0 0.40203993055555554 0.9053096064814814 0.09535590277777772 0.17057291666666652
0 0.5238064236111111 0.8948567708333334 0.09396701388888884 0.18321035879629632
0 0.6342230902777777 0.8710503472222222 0.09876302083333321 0.22528935185185173
0 0.7496093749999999 0.8930555555555555 0.09455295138888875 0.1744502314814813
0 0.8573784722222222 0.8976851851851853 0.09283854166666661 0.1578197337962961