0 0.12210648148148148 0.20917245370370371 0.10087528935185186 0.27296006944444445
0 0.20655381944444445 0.21263020833333335 0.08587962962962958 0.26634114583333335
0 0.2870949074074074 0.21629050925925924 0.0991536458333333 0.2767650462962963
0 0.3775173611111111 0.22139756944444444 0.08956163194444444 0.2791883680555556
0 0.5453703703703703 0.2107349537037037 0.08898292824074083 0.2694227430555556
0 0.8663122106481482 0.18821614583333332 0.10679253472222205 0.2742404513888889
0 0.036380798828125 0.165961974609375 0.0119998671875 0.20249774609375 0.029651458984375 0.385760033203125 0.094971125 0.25574399609375 0.036380798828125 0.165961974609375
0 0.06134436328125 0.9926220859375 0.121028005859375 0.995096580078125 0.13998400390625 0.786196796875 0.0461175078125 0.76941744140625 0.06134436328125 0.9926220859375
0 0.24087887890625 0.990582685546875 0.250198763671875 0.7953331875 0.168921232421875 0.780983603515625 0.148348732421875 0.98702160546875 0.24087887890625 0.990582685546875
0 0.36479464453125 0.984157423828125 0.35931680078125 0.785962388671875 0.268886841796875 0.775800201171875 0.263973732421875 0.981026236328125 0.36479464453125 0.984157423828125
0 0.4793385390625 0.978218111328125 0.4639959453125 0.789816693359375 0.377567376953125 0.79429817578125 0.384780060546875 0.98312114453125 0.4793385390625 0.978218111328125
0 0.588675921875 0.972548765625 0.574921841796875 0.758075263671875 0.494631453125 0.76038209765625 0.502871623046875 0.965852625 0.588675921875 0.972548765625
0 0.706343740234375 0.966447470703125 0.681846443359375 0.71169025 0.6055019765625 0.710079650390625 0.620388341796875 0.96533179296875 0.706343740234375 0.966447470703125
0 0.816183306640625 0.951625833984375 0.788445478515625 0.7655677265625 0.71588296875 0.77489942578125 0.730832015625 0.95124614453125 0.816183306640625 0.951625833984375
0 0.932307794921875 0.95473081640625 0.894329921875 0.75450822265625 0.823520982421875 0.758179796875 0.841030060546875 0.959463736328125 0.932307794921875 0.95473081640625
1 0.46673177083333334 0.2226490162037037 0.08528645833333337 0.22347366898148147
1 0.6291377314814814 0.2357783564814815 0.09561631944444438 0.2006438078703704
1 0.7081741898148148 0.2140480324074074 0.09418402777777768 0.20933159722222222
1 0.7891782407407407 0.2255208333333333 0.09050202546296293 0.196484375
1 0.9530671296296296 0.21408420138888887 0.08722511574074066 0.19047309027777776