0 0.6360315393518519 0.2878833912037037 0.07943431712962967 0.2866898148148148
0 0.4699291087962963 0.2807942708333333 0.07337239583333333 0.2729745370370371
0 0.7198567708333333 0.2777633101851852 0.09283130787037042 0.26823640046296293
0 0.80078125 0.26957465277777776 0.08471498842592595 0.24767071759259263
0 0.8885127314814815 0.25948350694444444 0.08984375 0.264308449074074
0 0.9697410300925926 0.8999204282407407 0.06051793981481479 0.2001591435185186
0 0.8709635416666667 0.9172743055555556 0.11483651620370372 0.16545138888888888
0 0.7588324652777778 0.9283781828703703 0.09008969907407405 0.14324363425925934
0 0.6483796296296296 0.921140769675926 0.0863859953703705 0.1577184606481481
0 0.5262803819444445 0.918994140625 0.0786168981481481 0.1620117187500001
0 0.41553819444444445 0.8921893084490741 0.09502314814814816 0.21562138310185186
0 0.3026475694444445 0.9181333188657408 0.0961950231481481 0.16373336226851842
0 0.1943359375 0.9233651620370371 0.08627025462962962 0.15326967592592577
0 0.177606787109375 0.412759326171875 0.197593064453125 0.151355568359375 0.1162785625 0.140842263671875 0.0976341171875 0.405997310546875 0.177606787109375 0.412759326171875
0 0.44853153935185186 0.022851562500000002 0.06503182870370372 0.039539930555555554
1 0.344297154296875 0.002550349609375 0.346349392578125 0.02387200390625 0.412338224609375 0.024360810546875 0.41255969921875 0.003055998046875 0.344297154296875 0.002550349609375
1 0.2757035625 0.002042248046875 0.273437248046875 0.024874298828125 0.343790291015625 0.02693783984375 0.34380969921875 0.00254673828125 0.2757035625 0.002042248046875
1 0.20537337109375 0.00152128515625 0.204889267578125 0.027451349609375 0.27435120703125 0.0279658828125 0.27505969921875 0.002037478515625 0.20537337109375 0.00152128515625
1 0.137647939453125 0.001019615234375 0.13286827734375 0.030002654296875 0.202284509765625 0.0274320546875 0.20474719921875 0.001516646484375 0.137647939453125 0.001019615234375
1 0.07079085546875 0.000524376953125 0.061692685546875 0.031017833984375 0.130263421875 0.029983357421875 0.13443469921875 0.0009958125 0.07079085546875 0.000524376953125
1 0 0 0.000567068359375 0.038277064453125 0.062629498046875 0.035651994140625 0.06646594921875 0.00049233984375 0 0
1 0.593876900390625 0.382000451171875 0.582030435546875 0.21114144921875 0.503827373046875 0.222465984375 0.510522583984375 0.38138301171875 0.593876900390625 0.382000451171875
1 0.428105076171875 0.38539969140625 0.42370417578125 0.228022234375 0.3467840234375 0.22901469140625 0.346510212890625 0.38633769140625 0.428105076171875 0.38539969140625
1 0.34653306640625 0.387880267578125 0.347182828125 0.230232884765625 0.270512990234375 0.237704162109375 0.2666975625 0.390373705078125 0.34653306640625 0.387880267578125
1 0.263224455078125 0.390347978515625 0.27066148046875 0.232443533203125 0.1949960390625 0.238687140625 0.1843258125 0.39747553515625 0.263224455078125 0.390347978515625
1 0.0983438359375 0.3952962265625 0.112170609375 0.23821320703125 0.041517255859375 0.251431880859375 0.0220042421875 0.399357966796875 0.0983438359375 0.3952962265625
0 1 0.254971900390625 0.96970861328125 0.21332361328125 0.929569005859375 0.2760968359375 0.934570583984375 0.3317843671875 1 0.43905658984375 1 0.254971900390625