0 0.10023871527777778 0.2322265625 0.0859592013888889 0.2670211226851852
0 0.19108072916666669 0.22855902777777778 0.07005208333333335 0.29777922453703703
0 0.2755859375 0.24654947916666667 0.08730468749999998 0.28365162037037034
0 0.36052517361111114 0.24500868055555558 0.08138020833333326 0.28054832175925926
0 0.5248480902777778 0.22842881944444443 0.07855902777777768 0.28534432870370374
0 0.8497395833333333 0.23246527777777776 0.09550781249999996 0.25754484953703705
0 0 0.403794775390625 0.06276651953125 0.285581490234375 0.020375638671875 0.17956675390625 0 0.213460185546875 0 0.403794775390625
0 0 0.994563384765625 0.04277091796875 0.99807427734375 0.0792017890625 0.8103510234375 0 0.799551451171875 0 0.994563384765625
0 0.163562662109375 0.99449526171875 0.188539171875 0.807111396484375 0.104481078125 0.7966555703125 0.062858763671875 0.989151234375 0.163562662109375 0.99449526171875
0 0.282271822265625 0.990977955078125 0.292423283203125 0.815130318359375 0.213489447265625 0.8082216796875 0.18623453515625 0.988271607421875 0.282271822265625 0.990977955078125
0 0.394733130859375 0.987645767578125 0.398595615234375 0.813834025390625 0.315619986328125 0.801496658203125 0.302044720703125 0.97651234765625 0.394733130859375 0.987645767578125
0 0.511397380859375 0.982494779296875 0.5148800078125 0.7789471171875 0.42461519140625 0.76682564453125 0.422233763671875 0.9785030859375 0.511397380859375 0.982494779296875
0 0.630068865234375 0.980672857421875 0.636247529296875 0.7494580859375 0.5366109375 0.73761437890625 0.533294720703125 0.969660494140625 0.630068865234375 0.980672857421875
0 0.656047212890625 0.970810822265625 0.73752575390625 0.968396642578125 0.7396381171875 0.779685572265625 0.64808519921875 0.77869931640625 0.656047212890625 0.970810822265625
0 0.849784876953125 0.974162751953125 0.834438341796875 0.77502720703125 0.75242170703125 0.766360361328125 0.763105677734375 0.9572993828125 0.849784876953125 0.974162751953125
1 0.44809027777777777 0.2570529513888889 0.08129340277777775 0.23272569444444446
1 0.6029513888888889 0.2710069444444444 0.08170572916666674 0.20736400462962967
1 0.6867838541666667 0.27535445601851855 0.08385416666666679 0.21621093749999998
1 0.7670355902777777 0.2651692708333333 0.08817274305555545 0.2348813657407407
1 0.9302517361111111 0.2544777199074074 0.08849826388888893 0.2056134259259259