0 0.7875 0.040833333984375 0.780019291015625 0.1958217578125 0.8455825625 0.196446759765625 0.86262345703125 0.05027777734375 0.7875 0.040833333984375
0 0.678125 0.035162037109375 0.67233024609375 0.195787037109375 0.753518517578125 0.19722222265625 0.7609375 0.039456017578125 0.678125 0.035162037109375
0 0.646693671875 0.236076388671875 0.646875 0.033541666015625 0.553186728515625 0.03145833203125 0.557692900390625 0.234236109375 0.646693671875 0.236076388671875
0 0.52907407421875 0.210555556640625 0.52981095703125 0.03302083203125 0.446936728515625 0.02594907421875 0.45251157421875 0.2065856484375 0.52907407421875 0.210555556640625
0 0.3234375 0.016770833984375 0.341203703125 0.184166666015625 0.4205825625 0.17440972265625 0.409375 0.0212268515625 0.3234375 0.016770833984375
0 0.3065200625 0.168495369140625 0.28125 0.014583333984375 0.2096219140625 0.02196759375 0.230019291015625 0.167303240234375 0.3065200625 0.168495369140625
0 0.216141974609375 0.17490740625 0.173499228515625 0.01177083203125 0.0859375 0.004456017578125 0.127326388671875 0.181400462890625 0.216141974609375 0.17490740625
0 0 0 0.00419753125 0.188888888671875 0.085262345703125 0.184768517578125 0.05 0.002592591796875 0 0
0 0.09429783984375 0.731828703125 0.01434027734375 0.575081017578125 0.01672839453125 0.75277777734375 0.048966048828125 0.79884259375 0.09429783984375 0.731828703125
0 0.152006171875 0.65990740625 0.080131171875 0.6561805546875 0.113132716796875 0.877083333984375 0.18650848828125 0.878113427734375 0.152006171875 0.65990740625
0 0.23413966015625 0.633645833984375 0.16900848828125 0.652465279296875 0.20357253125 0.87344907421875 0.2673881171875 0.86565972265625 0.23413966015625 0.633645833984375
0 0.329081791015625 0.621921294921875 0.251141974609375 0.626203703125 0.278757716796875 0.885671296875 0.352071759765625 0.883923611328125 0.329081791015625 0.621921294921875
0 0.40545910546875 0.61755787109375 0.3290200625 0.619143517578125 0.352071759765625 0.883923611328125 0.42688657421875 0.87947916796875 0.40545910546875 0.61755787109375
0 0.573140431640625 0.64844907421875 0.504390431640625 0.644884259765625 0.522260802734375 0.88719907421875 0.578387345703125 0.88456018359375 0.573140431640625 0.64844907421875
0 0.84326774609375 0.6541319453125 0.8252006171875 0.89458333203125 0.89275848828125 0.914733796875 0.92044753125 0.68587962890625 0.84326774609375 0.6541319453125
1 0.996454474609375 0.664849537109375 0.923016974609375 0.661041666015625 0.9059143515625 0.80443287109375 0.974849537109375 0.816331017578125 0.996454474609375 0.664849537109375
1 0.824911265625 0.81133101953125 0.833954474609375 0.656423611328125 0.75733024609375 0.64967592578125 0.749911265625 0.807442130859375 0.824911265625 0.81133101953125
1 0.7530131171875 0.666099537109375 0.670138888671875 0.65902777734375 0.662349537109375 0.800127314453125 0.74847222265625 0.812916666015625 0.7530131171875 0.666099537109375
1 0.668846451171875 0.8115625 0.668329474609375 0.6478356484375 0.593391203125 0.646724537109375 0.5939081796875 0.810451388671875 0.668846451171875 0.8115625
1 0.51278163671875 0.811793982421875 0.5030131171875 0.65313657421875 0.417384259765625 0.662569443359375 0.43153163671875 0.80758101953125 0.51278163671875 0.811793982421875