1 0.89375 0.233333333984375 0.9125 0.4 0.984375 0.386111111328125 0.9609375 0.2305555546875 0.89375 0.233333333984375
0 0.803125 0.141666666015625 0.8328125 0.4 0.909375 0.388888888671875 0.8765625 0.12777777734375 0.803125 0.141666666015625
1 0.809375 0.213888888671875 0.7296875 0.216666666015625 0.740625 0.386111111328125 0.8234375 0.386111111328125 0.809375 0.213888888671875
1 0.64375 0.2055555546875 0.6515625 0.3805555546875 0.740625 0.388888888671875 0.728125 0.208333333984375 0.64375 0.2055555546875
1 0.575 0.213888888671875 0.575 0.386111111328125 0.65 0.3805555546875 0.64375 0.213888888671875 0.575 0.213888888671875
0 0.5015625 0.138888888671875 0.49375 0.386111111328125 0.5625 0.388888888671875 0.5640625 0.1444444453125 0.5015625 0.138888888671875
1 0.4203125 0.19722222265625 0.4078125 0.375 0.49375 0.37777777734375 0.496875 0.208333333984375 0.4203125 0.19722222265625
0 0.3375 0.136111111328125 0.3125 0.391666666015625 0.396875 0.4 0.4125 0.1444444453125 0.3375 0.136111111328125
0 0.2609375 0.1305555546875 0.2359375 0.37777777734375 0.3078125 0.3944444453125 0.3296875 0.1444444453125 0.2609375 0.1305555546875
0 0.1828125 0.133333333984375 0.1515625 0.3555555546875 0.2203125 0.37777777734375 0.2484375 0.15 0.1828125 0.133333333984375
0 0.10625 0.12222222265625 0.0640625 0.341666666015625 0.1296875 0.3694444453125 0.1578125 0.136111111328125 0.10625 0.12222222265625
0 0 0.4194444453125 0.078125 0.283333333984375 0.0328125 0.2 0 0.25277777734375 0 0.4194444453125
0 0 1 0.0640625 0.99722222265625 0.0859375 0.8194444453125 0.003125 0.8 0 1
0 0.1234375 0.8194444453125 0.0828125 0.99722222265625 0.1828125 0.99722222265625 0.203125 0.836111111328125 0.1234375 0.8194444453125
0 0.30625 0.85277777734375 0.2265625 0.84722222265625 0.2046875 1 0.2953125 0.9944444453125 0.30625 0.85277777734375
0 0.4078125 0.85 0.3265625 0.841666666015625 0.325 1 0.4046875 0.9944444453125 0.4078125 0.85
0 0.5203125 0.82222222265625 0.4453125 0.82777777734375 0.44375 0.9944444453125 0.521875 1 0.5203125 0.82222222265625
0 0.6375 0.7805555546875 0.55 0.783333333984375 0.5546875 1 0.6453125 0.9944444453125 0.6375 0.7805555546875
0 0.7484375 0.8305555546875 0.66875 0.838888888671875 0.6765625 0.99722222265625 0.7609375 0.99722222265625 0.7484375 0.8305555546875
0 0.8421875 0.84722222265625 0.7734375 0.85277777734375 0.7796875 1 0.8609375 0.99722222265625 0.8421875 0.84722222265625