1 0.9988839296875 0.3035714296875 0.943080357421875 0.3055555546875 0.9754464296875 0.404761904296875 1 0.404761904296875 0.9988839296875 0.3035714296875
1 0.8895089296875 0.3214285703125 0.9229910703125 0.412698412109375 0.978794642578125 0.40674603125 0.94084821484375 0.311507935546875 0.8895089296875 0.3214285703125
1 0.8348214296875 0.3194444453125 0.8683035703125 0.416666666015625 0.9229910703125 0.41071428515625 0.888392857421875 0.317460318359375 0.8348214296875 0.3194444453125
1 0.7823660703125 0.3214285703125 0.8113839296875 0.41865079296875 0.8660714296875 0.414682541015625 0.8359375 0.3194444453125 0.7823660703125 0.3214285703125
1 0.7276785703125 0.32539682421875 0.75334821484375 0.420634919921875 0.80803571484375 0.412698412109375 0.7801339296875 0.3214285703125 0.7276785703125 0.32539682421875
1 0.669642857421875 0.3194444453125 0.6886160703125 0.414682541015625 0.75 0.412698412109375 0.724330357421875 0.3194444453125 0.669642857421875 0.3194444453125
1 0.6082589296875 0.317460318359375 0.62834821484375 0.416666666015625 0.689732142578125 0.40674603125 0.66852678515625 0.317460318359375 0.6082589296875 0.317460318359375
1 0.55133928515625 0.317460318359375 0.564732142578125 0.42658730078125 0.6261160703125 0.412698412109375 0.6104910703125 0.317460318359375 0.55133928515625 0.317460318359375
1 0.549107142578125 0.317460318359375 0.486607142578125 0.3214285703125 0.502232142578125 0.420634919921875 0.5625 0.414682541015625 0.549107142578125 0.317460318359375
1 0.48772321484375 0.317460318359375 0.4296875 0.317460318359375 0.4363839296875 0.432539681640625 0.5011160703125 0.432539681640625 0.4988839296875 0.414682541015625 0.48772321484375 0.317460318359375
0 0.37165178515625 0.259920634765625 0.372767857421875 0.440476189453125 0.43303571484375 0.436507935546875 0.4207589296875 0.255952380859375 0.37165178515625 0.259920634765625
1 0.299107142578125 0.3055555546875 0.296875 0.4305555546875 0.3660714296875 0.436507935546875 0.3660714296875 0.3055555546875 0.299107142578125 0.3055555546875
0 0.234375 0.26190476171875 0.224330357421875 0.42460317578125 0.286830357421875 0.4285714296875 0.2901785703125 0.265873015625 0.234375 0.26190476171875
0 0.1651785703125 0.251984126953125 0.140625 0.442460318359375 0.21428571484375 0.45634920703125 0.2254464296875 0.259920634765625 0.1651785703125 0.251984126953125
0 0.10602678515625 0.26190476171875 0.06696428515625 0.3988095234375 0.1339285703125 0.404761904296875 0.158482142578125 0.267857142578125 0.10602678515625 0.26190476171875
0 0 0.815476189453125 0.064732142578125 0.829365080078125 0.09375 0.587301587890625 0.0234375 0.585317458984375 0 0.815476189453125
0 0.18415178515625 0.57341269921875 0.11272321484375 0.5714285703125 0.080357142578125 0.829365080078125 0.16741071484375 0.837301587890625 0.18415178515625 0.57341269921875
0 0.267857142578125 0.5714285703125 0.1953125 0.567460318359375 0.1808035703125 0.8214285703125 0.2566964296875 0.82341269921875 0.267857142578125 0.5714285703125
1 0.3604910703125 0.623015873046875 0.27790178515625 0.62103174609375 0.271205357421875 0.791666666015625 0.3582589296875 0.791666666015625 0.3604910703125 0.623015873046875
0 0.421875 0.5535714296875 0.3660714296875 0.5535714296875 0.36383928515625 0.787698412109375 0.4296875 0.78174603125 0.421875 0.5535714296875
1 0.510044642578125 0.60515873046875 0.4363839296875 0.61309523828125 0.443080357421875 0.767857142578125 0.5245535703125 0.76190476171875 0.510044642578125 0.60515873046875
1 0.5848214296875 0.60515873046875 0.51227678515625 0.615079365234375 0.52790178515625 0.7579365078125 0.603794642578125 0.751984126953125 0.5848214296875 0.60515873046875
1 0.65290178515625 0.6011904765625 0.583705357421875 0.609126984375 0.60491071484375 0.748015873046875 0.6785714296875 0.7420634921875 0.65290178515625 0.6011904765625
0 0.7120535703125 0.509920634765625 0.6495535703125 0.52777777734375 0.6953125 0.75 0.7578125 0.740079365234375 0.7120535703125 0.509920634765625
1 0.791294642578125 0.595238095703125 0.734375 0.60515873046875 0.7589285703125 0.73809523828125 0.8292410703125 0.732142857421875 0.791294642578125 0.595238095703125
1 0.8582589296875 0.58928571484375 0.79241071484375 0.59920634765625 0.830357142578125 0.73015873046875 0.8995535703125 0.7261904765625 0.8582589296875 0.58928571484375
1 0.924107142578125 0.58928571484375 0.8604910703125 0.595238095703125 0.90178571484375 0.72222222265625 0.9676339296875 0.720238095703125 0.924107142578125 0.58928571484375
1 0.997767857421875 0.716269841796875 1 0.62103174609375 0.9854910703125 0.587301587890625 0.9229910703125 0.587301587890625 0.970982142578125 0.720238095703125 0.997767857421875 0.716269841796875