0 0.10539641203703703 0.20653211805555555 0.09819878472222221 0.261328125
0 0.18160445601851852 0.2157986111111111 0.09114583333333331 0.25809461805555556
0 0.263671875 0.22480468750000002 0.10040509259259256 0.2779730902777778
0 0.3528645833333333 0.22960069444444445 0.09888599537037035 0.28374565972222227
0 0.5171440972222222 0.21937934027777778 0.09541377314814814 0.2631510416666667
0 0.8371310763888888 0.19639756944444445 0.1093026620370372 0.26668836805555557
0 0 0.3764881328125 0.06574711328125 0.267160013671875 0.027387810546875 0.154498361328125 0 0.1855120703125 0 0.3764881328125
0 0 0.9574292734375 0.03610365234375 0.77943738671875 0 0.77866598828125 0 0.9574292734375
0 0 0.996707818359375 0.119000001953125 0.9914189296875 0.1461528203125 0.7929924921875 0.066794546875 0.785451798828125 0.006957271484375 0.985324076171875 0 0.992122658203125 0 0.996707818359375
0 0.234585236328125 0.98628180859375 0.25028359765625 0.78836445703125 0.173282181640625 0.777029830078125 0.133314009765625 0.982476853515625 0.234585236328125 0.98628180859375
0 0.35329439453125 0.981005845703125 0.36315617578125 0.777814033203125 0.278043125 0.77790765234375 0.2483217265625 0.985671296875 0.35329439453125 0.981005845703125
0 0.465755703125 0.97600756640625 0.472904830078125 0.767402453125 0.39675228515625 0.772631689453125 0.377064009765625 0.97164351953125 0.465755703125 0.97600756640625
0 0.5813409375 0.970870443359375 0.5887933828125 0.716136365234375 0.499240890625 0.720116474609375 0.48290248828125 0.972476853515625 0.5813409375 0.970870443359375
0 0.690722197265625 0.951406849609375 0.68746980078125 0.743109326171875 0.6110984609375 0.7372804765625 0.603626509765625 0.96157407421875 0.690722197265625 0.951406849609375
0 0.804443552734375 0.957420291015625 0.790778134765625 0.74958556640625 0.71892785546875 0.752778912109375 0.71102748828125 0.96233796484375 0.804443552734375 0.957420291015625
1 0.43912760416666663 0.23452690972222223 0.09411168981481488 0.2192925347222222
1 0.5965350115740741 0.23823784722222224 0.09660734953703698 0.21356336805555554
1 0.6794704861111112 0.2355251736111111 0.09429253472222232 0.20859374999999997
1 0.7536168981481481 0.233203125 0.09950086805555558 0.20006510416666667
1 0.920970775462963 0.22089843750000002 0.0918330439814814 0.20167100694444445