0 0.44317853009259256 0.006457971643518519 0.05884693287037046 0.012915943287037037
1 0.38067853009259256 0.007933666087962962 0.06890190972222232 0.015867332175925924
1 0.30938946759259256 0.008461733217592592 0.06890190972222232 0.016923466435185185
1 0.2420066550925926 0.009194155092592592 0.06604456018518517 0.018388310185185185
1 0.17317708333333331 0.016565393518518517 0.07291666666666663 0.033130787037037035
1 0.09834346064814815 0.02102864583333333 0.07682291666666666 0.03625578703703704
1 0.04381537109375 0.39793595703125 0.1206382890625 0.39679783984375 0.123987267578125 0.2484375 0.0549768515625 0.249459876953125 0.04381537109375 0.39793595703125
0 0.132512431640625 0.134760802734375 0.11621763671875 0.389911267578125 0.191465193359375 0.402700619140625 0.201078103515625 0.145331791015625 0.132512431640625 0.134760802734375
1 0.21150012890625 0.2332368828125 0.206404322265625 0.393209876953125 0.2887785078125 0.396624228515625 0.288151578125 0.22978394921875 0.21150012890625 0.2332368828125
1 0.286335091796875 0.222858796875 0.29182741796875 0.384992283203125 0.37385866796875 0.383777005859375 0.3668927890625 0.219347994140625 0.286335091796875 0.222858796875
1 0.36559070703125 0.219367283203125 0.374989283203125 0.38144290234375 0.452498072265625 0.38956404296875 0.4412830078125 0.220563271484375 0.36559070703125 0.219367283203125
0 0.44830246875 0.1393518515625 0.46959662109375 0.3916280859375 0.533570173828125 0.392997685546875 0.50134494921875 0.133931328125 0.44830246875 0.1393518515625
1 0.594071501953125 0.206712962890625 0.515946501953125 0.207870369140625 0.533500515625 0.374459876953125 0.617659224609375 0.3710061640625 0.594071501953125 0.206712962890625
0 0.631054955078125 0.389236111328125 0.7065757890625 0.38811728515625 0.669142232421875 0.1291280859375 0.598213521484375 0.139448302734375 0.631054955078125 0.389236111328125
0 0.71291473828125 0.38570601953125 0.7940886484375 0.37291666796875 0.7541205859375 0.132503857421875 0.679285623046875 0.142881943359375 0.71291473828125 0.38570601953125
0 0.768170224609375 0.14619984375 0.813276962890625 0.36799768359375 0.876323515625 0.339255400390625 0.821485982421875 0.126871142578125 0.768170224609375 0.14619984375
0 0.84214784765625 0.124247685546875 0.89427940625 0.352893517578125 0.9633916328125 0.3356481484375 0.908484439453125 0.104726080078125 0.84214784765625 0.124247685546875
0 1 0.213216015625 0.9799329140625 0.18940972265625 0.940189900390625 0.268788578125 1 0.364768201171875 1 0.213216015625
0 0.86388138671875 0.83998842578125 0.900896990234375 0.987750771484375 0.99187135546875 0.9840856484375 0.933266890625 0.808834876953125 0.86388138671875 0.83998842578125
0 0.84157450390625 0.83800154296875 0.761874142578125 0.853086419921875 0.787444271484375 0.987114197265625 0.868173439453125 0.9859182109375 0.84157450390625 0.83800154296875
0 0.734289265625 0.832638890625 0.6514703359375 0.840817900390625 0.66782407421875 0.991203703125 0.74968385546875 0.987673611328125 0.734289265625 0.832638890625
0 0.626157408203125 0.99182098828125 0.61346879296875 0.820524693359375 0.536474408203125 0.819347994140625 0.545428240234375 0.993016974609375 0.626157408203125 0.99182098828125
0 0.51548032421875 0.9934606484375 0.505770962890625 0.791994599609375 0.420449673828125 0.783989197265625 0.426938658203125 0.994772376953125 0.51548032421875 0.9934606484375
0 0.396990740234375 0.995216048828125 0.3934863671875 0.84232253125 0.317794068359375 0.84112654296875 0.317563658203125 0.99639274609375 0.396990740234375 0.995216048828125
0 0.29282407421875 0.996759259765625 0.293911822265625 0.853067130859375 0.21708890625 0.854205248046875 0.21079282421875 0.997974537109375 0.29282407421875 0.996759259765625