1 0.9988839296875 0.317460318359375 0.9464285703125 0.317460318359375 0.97991071484375 0.404761904296875 1 0.40674603125 0.9988839296875 0.317460318359375
1 0.89397321484375 0.317460318359375 0.927455357421875 0.414682541015625 0.97991071484375 0.40674603125 0.94866071484375 0.32341269921875 0.89397321484375 0.317460318359375
1 0.838169642578125 0.3214285703125 0.872767857421875 0.41865079296875 0.9285714296875 0.414682541015625 0.89397321484375 0.32341269921875 0.838169642578125 0.3214285703125
1 0.786830357421875 0.32539682421875 0.8136160703125 0.414682541015625 0.87053571484375 0.414682541015625 0.83928571484375 0.32341269921875 0.786830357421875 0.32539682421875
1 0.732142857421875 0.32341269921875 0.7589285703125 0.42658730078125 0.814732142578125 0.41865079296875 0.78571428515625 0.32341269921875 0.732142857421875 0.32341269921875
1 0.6707589296875 0.32341269921875 0.693080357421875 0.420634919921875 0.75334821484375 0.41865079296875 0.7265625 0.32539682421875 0.6707589296875 0.32341269921875
1 0.6160714296875 0.32341269921875 0.6339285703125 0.420634919921875 0.693080357421875 0.41865079296875 0.671875 0.3214285703125 0.6160714296875 0.32341269921875
1 0.5546875 0.32341269921875 0.568080357421875 0.420634919921875 0.6328125 0.416666666015625 0.614955357421875 0.32341269921875 0.5546875 0.32341269921875
1 0.4921875 0.32539682421875 0.50334821484375 0.42460317578125 0.56584821484375 0.42460317578125 0.5546875 0.32539682421875 0.4921875 0.32539682421875
1 0.43415178515625 0.32539682421875 0.439732142578125 0.4285714296875 0.50334821484375 0.422619046875 0.49553571484375 0.327380953125 0.43415178515625 0.32539682421875
0 0.37946428515625 0.26984126953125 0.3828125 0.4464285703125 0.43415178515625 0.440476189453125 0.42522321484375 0.26984126953125 0.37946428515625 0.26984126953125
1 0.3035714296875 0.313492064453125 0.302455357421875 0.4285714296875 0.37165178515625 0.42658730078125 0.37165178515625 0.313492064453125 0.3035714296875 0.313492064453125
0 0.29352678515625 0.267857142578125 0.24665178515625 0.267857142578125 0.2421875 0.267857142578125 0.23102678515625 0.436507935546875 0.2890625 0.42658730078125 0.29352678515625 0.267857142578125
0 0.17633928515625 0.25396825390625 0.146205357421875 0.438492064453125 0.2109375 0.44841269921875 0.2198660703125 0.263888888671875 0.17633928515625 0.25396825390625
0 0.166294642578125 0.26190476171875 0.111607142578125 0.25396825390625 0.078125 0.408730158203125 0.1395089296875 0.41865079296875 0.166294642578125 0.26190476171875
0 0.03125 0.57539682421875 0.00334821484375 0.74603174609375 0.0011160703125 0.835317458984375 0.07366071484375 0.835317458984375 0.09709821484375 0.58928571484375 0.03125 0.57539682421875
0 0.08928571484375 0.835317458984375 0.1707589296875 0.83928571484375 0.185267857421875 0.57341269921875 0.1183035703125 0.5694444453125 0.08928571484375 0.835317458984375
0 0.2723214296875 0.563492064453125 0.2020089296875 0.559523810546875 0.1863839296875 0.845238095703125 0.2566964296875 0.83928571484375 0.2723214296875 0.563492064453125
1 0.36272321484375 0.62896825390625 0.279017857421875 0.6329365078125 0.27790178515625 0.80158730078125 0.3660714296875 0.795634919921875 0.36272321484375 0.62896825390625
0 0.419642857421875 0.5535714296875 0.37165178515625 0.559523810546875 0.369419642578125 0.787698412109375 0.4285714296875 0.787698412109375 0.419642857421875 0.5535714296875
1 0.515625 0.615079365234375 0.439732142578125 0.623015873046875 0.4464285703125 0.771825396484375 0.529017857421875 0.76190476171875 0.515625 0.615079365234375
1 0.5870535703125 0.609126984375 0.5145089296875 0.61309523828125 0.53125 0.759920634765625 0.60491071484375 0.7579365078125 0.5870535703125 0.609126984375
1 0.65959821484375 0.603174603515625 0.588169642578125 0.615079365234375 0.607142857421875 0.751984126953125 0.68303571484375 0.74603174609375 0.65959821484375 0.603174603515625
0 0.70758928515625 0.5079365078125 0.65625 0.53174603125 0.703125 0.7579365078125 0.763392857421875 0.73809523828125 0.70758928515625 0.5079365078125
1 0.796875 0.6011904765625 0.73883928515625 0.607142857421875 0.76227678515625 0.734126984375 0.83147321484375 0.73015873046875 0.796875 0.6011904765625
1 0.86383928515625 0.59920634765625 0.799107142578125 0.60515873046875 0.833705357421875 0.734126984375 0.90290178515625 0.732142857421875 0.86383928515625 0.59920634765625
1 0.927455357421875 0.595238095703125 0.861607142578125 0.595238095703125 0.9051339296875 0.73015873046875 0.9754464296875 0.7261904765625 0.927455357421875 0.595238095703125
1 0.9988839296875 0.720238095703125 1 0.615079365234375 0.989955357421875 0.58928571484375 0.9285714296875 0.59325396875 0.9754464296875 0.72222222265625 0.9988839296875 0.720238095703125