1 0.0145089296875 0.587731482421875 0.0011160703125 0.58535052734375 0.002232142578125 0.67863756640625 0.052455357421875 0.678141533203125 0.0145089296875 0.587731482421875
1 0.0703125 0.5814484140625 0.013392857421875 0.57976190625 0.05022321484375 0.676091271484375 0.1026785703125 0.67764550390625 0.0703125 0.5814484140625
1 0.0691964296875 0.583399470703125 0.1026785703125 0.673677248046875 0.15959821484375 0.675363755859375 0.1261160703125 0.5831018515625 0.0691964296875 0.583399470703125
1 0.1261160703125 0.5831018515625 0.158482142578125 0.677314814453125 0.213169642578125 0.67893518359375 0.18415178515625 0.586805556640625 0.1261160703125 0.5831018515625
1 0.26897321484375 0.67860449609375 0.2410714296875 0.584523810546875 0.177455357421875 0.582638888671875 0.185267857421875 0.586838625 0.213169642578125 0.6749669296875 0.26897321484375 0.67860449609375
1 0.2421875 0.5885251328125 0.26897321484375 0.676620369140625 0.325892857421875 0.67632275 0.306919642578125 0.582506615234375 0.2421875 0.5885251328125
1 0.3058035703125 0.586441798828125 0.3270089296875 0.68032407421875 0.3839285703125 0.68201058203125 0.3660714296875 0.584259259765625 0.3058035703125 0.586441798828125
1 0.364955357421875 0.58621031640625 0.385044642578125 0.68402777734375 0.4441964296875 0.685780421875 0.4285714296875 0.584126982421875 0.364955357421875 0.58621031640625
1 0.4296875 0.586144181640625 0.4453125 0.68779762109375 0.505580357421875 0.687599205078125 0.494419642578125 0.5821097890625 0.4296875 0.586144181640625
1 0.49665178515625 0.582175927734375 0.5078125 0.685681216796875 0.564732142578125 0.687367724609375 0.55915178515625 0.578075396484375 0.49665178515625 0.582175927734375
0 0.564732142578125 0.572288359375 0.575892857421875 0.74325396875 0.62053571484375 0.744576720703125 0.619419642578125 0.573908728515625 0.564732142578125 0.572288359375
1 0.62946428515625 0.58809523828125 0.62834821484375 0.699173279296875 0.6953125 0.70115740625 0.697544642578125 0.58812830859375 0.62946428515625 0.58809523828125
0 0.71428571484375 0.58267195703125 0.71540178515625 0.7513558203125 0.7566964296875 0.752579365234375 0.76897321484375 0.588260580078125 0.71428571484375 0.58267195703125
0 0.84821428515625 0.580687830078125 0.7901785703125 0.573015875 0.77678571484375 0.759126984375 0.828125 0.7606481484375 0.84821428515625 0.580687830078125
0 0.9207589296875 0.59672619140625 0.8683035703125 0.591203703125 0.8370535703125 0.75297619140625 0.8917410703125 0.76054894140625 0.9207589296875 0.59672619140625
0 0.99665178515625 0.28151455078125 1 0.188359787109375 0.9308035703125 0.1863095234375 0.904017857421875 0.42559523828125 0.958705357421875 0.44904100390625 0.99665178515625 0.28151455078125
0 0.8136160703125 0.446726189453125 0.875 0.45449735546875 0.911830357421875 0.18773148046875 0.83147321484375 0.175429896484375 0.8136160703125 0.446726189453125
0 0.73102678515625 0.448247353515625 0.791294642578125 0.454001322265625 0.81584821484375 0.190839947265625 0.7433035703125 0.180753966796875 0.73102678515625 0.448247353515625
1 0.635044642578125 0.3898478828125 0.71540178515625 0.38826058203125 0.7254464296875 0.223875662109375 0.63727678515625 0.221263228515625 0.635044642578125 0.3898478828125
0 0.62834821484375 0.2229828046875 0.5691964296875 0.2251984140625 0.575892857421875 0.4634920625 0.62834821484375 0.463062169921875 0.62834821484375 0.2229828046875
1 0.55022321484375 0.2385251328125 0.4698660703125 0.2440806875 0.4854910703125 0.405257935546875 0.55803571484375 0.39550264453125 0.55022321484375 0.2385251328125
1 0.470982142578125 0.242129630859375 0.3895089296875 0.24368386328125 0.41071428515625 0.3951058203125 0.48883928515625 0.3954365078125 0.470982142578125 0.242129630859375
1 0.3895089296875 0.253604498046875 0.314732142578125 0.259325396484375 0.341517857421875 0.39702380859375 0.4140625 0.391236771484375 0.3895089296875 0.253604498046875
0 0.29352678515625 0.246792328125 0.23772321484375 0.268948412109375 0.28571428515625 0.490608466796875 0.349330357421875 0.46868386328125 0.29352678515625 0.246792328125
1 0.2354910703125 0.256977513671875 0.16741071484375 0.264880953125 0.200892857421875 0.404761904296875 0.2589285703125 0.392592591796875 0.2354910703125 0.256977513671875
1 0.1640625 0.26478174609375 0.0948660703125 0.268683861328125 0.13616071484375 0.39887566015625 0.200892857421875 0.396825396484375 0.1640625 0.26478174609375
1 0.09375 0.266666666015625 0.0245535703125 0.27255291015625 0.0703125 0.40684523828125 0.135044642578125 0.404794974609375 0.09375 0.266666666015625
1 0.0011160703125 0.379001322265625 0.0089285703125 0.403042328125 0.0691964296875 0.404828041015625 0.0223214296875 0.2744708984375 0 0.2738095234375 0.0011160703125 0.379001322265625