0 0.109375 0.22265625 0.083984375 0.2626953125
0 0.189453125 0.234375 0.0693359375 0.2470703125
0 0.279296875 0.2333984375 0.0771484375 0.2783203125
0 0.365234375 0.2392578125 0.080078125 0.2734375
0 0.529296875 0.232421875 0.0771484375 0.2587890625
0 0.8525390625 0.2353515625 0.0888671875 0.2529296875
0 0.032712546875 0.16548353125 0 0.206199201171875 0.00052080078125 0.39722222265625 0.076447501953125 0.282078482421875 0.032712546875 0.16548353125
0 0 0.9946032421875 0.05978653515625 1 0.1003975625 0.7984275546875 0.00364580078125 0.786111111328125 0 0.9946032421875
0 0.17537176953125 1 0.203487095703125 0.80027823828125 0.120182455078125 0.8039796953125 0.08645830078125 0.988888888671875 0.17537176953125 1
0 0.30761796875 1 0.308659310546875 0.8039796953125 0.228478498046875 0.789173958984375 0.20364580078125 0.9944444453125 0.30761796875 1
0 0.4190379375 1 0.42216186328125 0.796576783203125 0.330526787109375 0.79472609765625 0.32395830078125 0.9805555546875 0.4190379375 1
0 0.53566451171875 1 0.52421015234375 0.785472501953125 0.44819460546875 0.787323271484375 0.44739580078125 0.99722222265625 0.53566451171875 1
0 0.65020840625 1 0.637712705078125 0.750308974609375 0.552325478515625 0.7484582890625 0.55677080078125 0.983333333984375 0.65020840625 1
0 0.76266971484375 1 0.74080223828125 0.7928754140625 0.667910712890625 0.7928754140625 0.66927080078125 0.986111111328125 0.76266971484375 1
0 0.87304853515625 1 0.843891771484375 0.8039796953125 0.76995890625 0.8039796953125 0.77552080078125 0.986111111328125 0.87304853515625 1
1 0.4482421875 0.25390625 0.08203125 0.201171875
1 0.6103515625 0.259765625 0.0791015625 0.21875
1 0.689453125 0.2548828125 0.083984375 0.201171875
1 0.76953125 0.26953125 0.078125 0.2109375
1 0.93359375 0.2578125 0.08203125 0.19921875