0 0.503125 0.15277777734375 0.5 0.408333333984375 0.5703125 0.4 0.565625 0.15277777734375 0.503125 0.15277777734375
0 0.84375 0.39722222265625 0.9140625 0.3944444453125 0.8828125 0.14722222265625 0.8171875 0.15 0.84375 0.39722222265625
0 0.33125 0.39722222265625 0.3953125 0.411111111328125 0.4109375 0.1555555546875 0.3484375 0.1444444453125 0.33125 0.39722222265625
0 0.2375 0.383333333984375 0.3125 0.4 0.3328125 0.15277777734375 0.259375 0.141666666015625 0.2375 0.383333333984375
0 0.159375 0.363888888671875 0.215625 0.3805555546875 0.24375 0.1555555546875 0.1828125 0.138888888671875 0.159375 0.363888888671875
0 0.15 0.136111111328125 0.1 0.125 0.0734375 0.3555555546875 0.1296875 0.366666666015625 0.15 0.136111111328125
0 0.0390625 0.2194444453125 0 0.261111111328125 0.0046875 0.436111111328125 0.078125 0.29722222265625 0.0390625 0.2194444453125
0 0 1 0.053125 0.99722222265625 0.0828125 0.8194444453125 0 0.816666666015625 0 1
0 0.084375 0.99722222265625 0.1765625 0.99722222265625 0.2078125 0.841666666015625 0.121875 0.836111111328125 0.084375 0.99722222265625
0 0.2875 1 0.3078125 0.84722222265625 0.2203125 0.863888888671875 0.2046875 1 0.2875 1
0 0.4125 0.858333333984375 0.3328125 0.85277777734375 0.3328125 0.9944444453125 0.4046875 1 0.4125 0.858333333984375
0 0.5265625 0.986111111328125 0.5234375 0.833333333984375 0.446875 0.8305555546875 0.4484375 0.991666666015625 0.5265625 0.986111111328125
0 0.65 1 0.6453125 0.7944444453125 0.5609375 0.7944444453125 0.5625 0.99722222265625 0.65 1
0 0.7625 1 0.7484375 0.85277777734375 0.671875 0.85277777734375 0.6796875 0.99722222265625 0.7625 1
0 0.86875 0.99722222265625 0.84375 0.863888888671875 0.7796875 0.8694444453125 0.7921875 1 0.86875 0.99722222265625
0 0.528125 0 0.528125 0.0305555546875 0.5875 0.02777777734375 0.5859375 0 0.528125 0
1 0.5875 0 0.58125 0.038888888671875 0.6546875 0.038888888671875 0.6546875 0 0.5875 0
1 0.7296875 0.038888888671875 0.7296875 0.00277777734375 0.653125 0 0.65625 0.038888888671875 0.7296875 0.038888888671875
1 0.796875 0.036111111328125 0.7953125 0.00277777734375 0.728125 0 0.7296875 0.033333333984375 0.796875 0.036111111328125
1 0.79375 0 0.7984375 0.0305555546875 0.8671875 0.033333333984375 0.865625 0 0.79375 0
1 0.8671875 0 0.8671875 0.025 0.9453125 0.033333333984375 0.9359375 0 0.8671875 0
1 0.9078125 0.3944444453125 0.9890625 0.388888888671875 0.965625 0.2444444453125 0.8984375 0.238888888671875 0.9078125 0.3944444453125
1 0.74375 0.39722222265625 0.828125 0.388888888671875 0.81875 0.241666666015625 0.734375 0.241666666015625 0.74375 0.39722222265625
1 0.6515625 0.2305555546875 0.6609375 0.386111111328125 0.740625 0.39722222265625 0.734375 0.24722222265625 0.6515625 0.2305555546875
1 0.578125 0.391666666015625 0.659375 0.391666666015625 0.6546875 0.233333333984375 0.5796875 0.233333333984375 0.578125 0.391666666015625
1 0.409375 0.3805555546875 0.4953125 0.388888888671875 0.5015625 0.2194444453125 0.4203125 0.213888888671875 0.409375 0.3805555546875