0 0.5480034722222222 0.2507740162037037 0.0918113425925926 0.24746093749999998
0 0.13004918981481484 0.2445746527777778 0.09302662037037035 0.2708984375
0 0.21048177083333336 0.24903790509259258 0.08187934027777777 0.26276765046296297
0 0.298828125 0.2552228009259259 0.0908058449074074 0.28448350694444446
0 0.38274739583333334 0.27034143518518516 0.09045138888888893 0.27764756944444446
0 0.8735026041666667 0.24699797453703703 0.10782696759259247 0.27426215277777777
0 0.58486605859375 0.97324126953125 0.573201427734375 0.808620212890625 0.495760697265625 0.803500638671875 0.5050655546875 0.97822530859375 0.58486605859375 0.97324126953125
0 0.12960404296875 0.821763837890625 0.0441409140625 0.811049384765625 0.0503245 0.97054391015625 0.056073275390625 0.9926162578125 0.1168449921875 0.99807427734375 0.12960404296875 0.821763837890625
0 0.237969234375 0.99448541015625 0.249402107421875 0.80437930859375 0.1751221953125 0.799999611328125 0.1404836328125 0.986016619140625 0.237969234375 0.99448541015625
0 0.02409325390625 0.4289398984375 0.090746587890625 0.297432044921875 0.045054791015625 0.20172075390625 0.012902083984375 0.24215753515625 0.02132980078125 0.41136042578125 0.02409325390625 0.4289398984375
0 0.26370422265625 0.830278330078125 0.25733597265625 0.97524212890625 0.346118919921875 0.987331544921875 0.3554594609375 0.832495169921875 0.26370422265625 0.830278330078125
0 0.3685691328125 0.83539702734375 0.372908263671875 0.990487216796875 0.4677769921875 0.9763190390625 0.466210505859375 0.844020197265625 0.3685691328125 0.83539702734375
0 0.705932810546875 0.968530955078125 0.68999611328125 0.768292326171875 0.601937861328125 0.7659659453125 0.616424154296875 0.9768532265625 0.705932810546875 0.968530955078125
0 0.810371935546875 0.965436462890625 0.788331609375 0.80815308203125 0.712288501953125 0.805470697265625 0.728246529296875 0.963662873046875 0.810371935546875 0.965436462890625
0 0.920612021484375 0.9671056015625 0.89244260546875 0.81658455859375 0.818333208984375 0.8154901015625 0.83970479296875 0.97023750390625 0.920612021484375 0.9671056015625
0 0.521395306640625 0 0.522602208984375 0.021408892578125 0.59301470703125 0.022612962890625 0.58974968359375 0 0.521395306640625 0
1 0.4703703703703703 0.28143807870370374 0.0903284143518519 0.23766637731481488
1 0.6291449652777777 0.2689091435185185 0.09071180555555558 0.20745081018518519
1 0.7133318865740741 0.2703269675925926 0.09055989583333335 0.20452112268518519
1 0.794017650462963 0.2796730324074074 0.08687065972222241 0.18978587962962967
1 0.9558666087962964 0.2816478587962963 0.08826678240740726 0.1841290509259259
1 0.86577708984375 0 0.866677484375 0.016149583984375 0.93876816796875 0.014013564453125 0.934600189453125 0 0.86577708984375 0
1 0.5837998203125 0 0.58428605859375 0.032742615234375 0.65452820703125 0.0306613671875 0.654121287109375 0 0.5837998203125 0
1 0.654903892578125 0 0.6536891953125 0.032331375 0.730401048828125 0.030058431640625 0.724900482421875 0 0.654903892578125 0
1 0.733292125 0 0.733331466796875 0.0151650625 0.803658791015625 0.014726474609375 0.79824684375 0 0.733292125 0
1 0.79572501171875 0 0.799293142578125 0.01979133984375 0.86869628515625 0.019380134765625 0.86623655859375 0 0.79572501171875 0
1 0.939689783203125 0 0.940616703125 0.01395879296875 0.99985315234375 0.0138488203125 0.998839572265625 0 0.939689783203125 0