1 1 0.623015873046875 0.9854910703125 0.583333333984375 0.921875 0.58928571484375 0.970982142578125 0.73015873046875 1 0.72222222265625 1 0.623015873046875
1 0.8582589296875 0.59325396875 0.8995535703125 0.73015873046875 0.9676339296875 0.7261904765625 0.919642857421875 0.587301587890625 0.8582589296875 0.59325396875
1 0.794642857421875 0.59920634765625 0.828125 0.73015873046875 0.89508928515625 0.728174603515625 0.857142857421875 0.59722222265625 0.794642857421875 0.59920634765625
1 0.7354910703125 0.607142857421875 0.7589285703125 0.736111111328125 0.825892857421875 0.73015873046875 0.79241071484375 0.6011904765625 0.7354910703125 0.607142857421875
0 0.6495535703125 0.52777777734375 0.6953125 0.7579365078125 0.7578125 0.740079365234375 0.708705357421875 0.509920634765625 0.6495535703125 0.52777777734375
1 0.583705357421875 0.607142857421875 0.6026785703125 0.755952380859375 0.681919642578125 0.748015873046875 0.6551339296875 0.603174603515625 0.583705357421875 0.607142857421875
1 0.510044642578125 0.609126984375 0.5245535703125 0.76190476171875 0.6015625 0.76190476171875 0.58147321484375 0.60515873046875 0.510044642578125 0.609126984375
1 0.4363839296875 0.619047619140625 0.4441964296875 0.771825396484375 0.5223214296875 0.759920634765625 0.510044642578125 0.609126984375 0.4363839296875 0.619047619140625
0 0.3683035703125 0.55158730078125 0.3660714296875 0.79365079296875 0.4308035703125 0.791666666015625 0.41852678515625 0.54960317578125 0.3683035703125 0.55158730078125
1 0.27790178515625 0.62103174609375 0.26897321484375 0.779761904296875 0.3604910703125 0.787698412109375 0.359375 0.62103174609375 0.27790178515625 0.62103174609375
0 0.19977678515625 0.563492064453125 0.171875 0.83134920703125 0.25334821484375 0.841269841796875 0.271205357421875 0.5714285703125 0.19977678515625 0.563492064453125
0 0.11272321484375 0.567460318359375 0.075892857421875 0.83134920703125 0.1651785703125 0.841269841796875 0.18415178515625 0.5714285703125 0.11272321484375 0.567460318359375
0 0.0234375 0.577380953125 0 0.811507935546875 0.0625 0.83928571484375 0.09709821484375 0.59325396875 0.0234375 0.577380953125
0 0.09709821484375 0.259920634765625 0.0714285703125 0.396825396484375 0.1328125 0.4285714296875 0.16071428515625 0.27777777734375 0.09709821484375 0.259920634765625
0 0.1395089296875 0.4464285703125 0.205357142578125 0.44841269921875 0.21875 0.25396825390625 0.161830357421875 0.25396825390625 0.1395089296875 0.4464285703125
0 0.2890625 0.265873015625 0.234375 0.26190476171875 0.228794642578125 0.434523810546875 0.2823660703125 0.436507935546875 0.2890625 0.265873015625
1 0.3660714296875 0.3035714296875 0.30022321484375 0.3035714296875 0.294642857421875 0.4285714296875 0.369419642578125 0.4285714296875 0.3660714296875 0.3035714296875
0 0.4296875 0.434523810546875 0.419642857421875 0.265873015625 0.3738839296875 0.265873015625 0.375 0.432539681640625 0.377232142578125 0.436507935546875 0.4296875 0.434523810546875
1 0.48883928515625 0.315476189453125 0.427455357421875 0.317460318359375 0.435267857421875 0.41865079296875 0.5011160703125 0.41865079296875 0.48883928515625 0.315476189453125
1 0.549107142578125 0.317460318359375 0.4910714296875 0.3214285703125 0.50334821484375 0.420634919921875 0.564732142578125 0.416666666015625 0.549107142578125 0.317460318359375
1 0.6082589296875 0.3194444453125 0.549107142578125 0.32341269921875 0.56696428515625 0.420634919921875 0.625 0.414682541015625 0.6082589296875 0.3194444453125
1 0.6651785703125 0.315476189453125 0.6104910703125 0.317460318359375 0.62834821484375 0.41865079296875 0.69084821484375 0.412698412109375 0.6651785703125 0.315476189453125
1 0.72209821484375 0.311507935546875 0.6707589296875 0.315476189453125 0.689732142578125 0.41071428515625 0.7488839296875 0.40674603125 0.72209821484375 0.311507935546875
1 0.779017857421875 0.315476189453125 0.7265625 0.317460318359375 0.7511160703125 0.414682541015625 0.80915178515625 0.41071428515625 0.779017857421875 0.315476189453125
1 0.8348214296875 0.313492064453125 0.78125 0.315476189453125 0.8125 0.408730158203125 0.864955357421875 0.40674603125 0.8348214296875 0.313492064453125
1 0.8895089296875 0.317460318359375 0.8359375 0.317460318359375 0.8683035703125 0.412698412109375 0.924107142578125 0.41071428515625 0.8895089296875 0.317460318359375
1 0.9386160703125 0.317460318359375 0.8895089296875 0.317460318359375 0.92633928515625 0.414682541015625 0.9776785703125 0.41071428515625 0.9386160703125 0.317460318359375
1 0.9988839296875 0.313492064453125 0.94196428515625 0.315476189453125 0.978794642578125 0.40674603125 0.997767857421875 0.40674603125 0.9988839296875 0.313492064453125