1 0 0.681311482421875 0.036215828125 0.67827380859375 0.001501875 0.5846726171875 0 0.584943927734375 0 0.681311482421875
1 0.0026179453125 0.584623013671875 0.03844797265625 0.6781746015625 0.092019400390625 0.675793650390625 0.05739362890625 0.57822420703125 0.0026179453125 0.584623013671875
1 0.05739362890625 0.57822420703125 0.0897872578125 0.67589285546875 0.145590828125 0.673412697265625 0.11319719921875 0.575744048828125 0.05739362890625 0.57822420703125
1 0.11319719921875 0.575744048828125 0.1467509921875 0.67137896875 0.200322419921875 0.668998017578125 0.173376875 0.577033728515625 0.11319719921875 0.575744048828125
1 0.173376875 0.577033728515625 0.20135030859375 0.672916666015625 0.254965828125 0.6685515859375 0.23252866015625 0.574404759765625 0.173376875 0.577033728515625
1 0.23252866015625 0.574404759765625 0.255993716796875 0.67247023828125 0.31072530859375 0.6680555546875 0.29288469921875 0.5677579375 0.23252866015625 0.574404759765625
1 0.29288469921875 0.5677579375 0.31300154296875 0.665972220703125 0.370993166015625 0.665376982421875 0.354312720703125 0.563045634765625 0.29288469921875 0.5677579375
1 0.354312720703125 0.563045634765625 0.36996527734375 0.661458333984375 0.431261021484375 0.662698412109375 0.41676862890625 0.562251984375 0.354312720703125 0.563045634765625
1 0.41676862890625 0.562251984375 0.430233134765625 0.658779763671875 0.49174933984375 0.650099205078125 0.482925486328125 0.545436509765625 0.41676862890625 0.562251984375
1 0.48288139453125 0.54742063671875 0.4905009921875 0.65610119140625 0.550768849609375 0.65342262109375 0.54864142578125 0.548462302734375 0.48288139453125 0.54742063671875
0 0.5534143515625 0.534375001953125 0.5606068125 0.712450396484375 0.605293759765625 0.708482142578125 0.607073962890625 0.52802579296875 0.5534143515625 0.534375001953125
1 0.616589505859375 0.551388888671875 0.6141644609375 0.660515873046875 0.680056767578125 0.655605158203125 0.68574184375 0.550297619140625 0.616589505859375 0.551388888671875
0 0.700603505859375 0.53377976171875 0.6945353828125 0.706498015625 0.740250220703125 0.706448412109375 0.75743496484375 0.53521825390625 0.700603505859375 0.53377976171875
0 0.771312830078125 0.512797619140625 0.75922343359375 0.705605158203125 0.810342263671875 0.713244046875 0.843416556640625 0.52941468359375 0.771312830078125 0.512797619140625
0 0.914712853515625 0.5321924609375 0.8522569453125 0.532986109375 0.820960095703125 0.687003966796875 0.87774746484375 0.690426587890625 0.914712853515625 0.5321924609375
0 0.990699404296875 0.2235615078125 0.996075837890625 0.13214285546875 0.929464287109375 0.11924603125 0.89051476953125 0.366765873046875 0.955966158203125 0.3816964296875 0.990699404296875 0.2235615078125
0 0.80302028125 0.390476189453125 0.87217262109375 0.389384921875 0.911342591796875 0.131944443359375 0.831382275390625 0.11765873046875 0.80302028125 0.390476189453125
0 0.8099123671875 0.130505951171875 0.739776234375 0.125694443359375 0.720166447265625 0.406051587890625 0.78927469140625 0.4069444453125 0.8099123671875 0.130505951171875
1 0.71965663671875 0.178124998046875 0.632514880859375 0.185962302734375 0.629031634765625 0.342708333984375 0.70827270703125 0.3391865078125 0.71965663671875 0.178124998046875
0 0.62363040234375 0.184375 0.562202380859375 0.189087302734375 0.565839947265625 0.42678571484375 0.618339396484375 0.422470236328125 0.62363040234375 0.184375
1 0.46569113671875 0.21716269921875 0.478009259765625 0.36527777734375 0.55287423046875 0.357986111328125 0.549572861328125 0.205505953125 0.46569113671875 0.21716269921875
1 0.476937279296875 0.36334325390625 0.465647044921875 0.219146826171875 0.386273697265625 0.22862103125 0.40211640234375 0.36865079296875 0.476937279296875 0.36334325390625
1 0.4031883828125 0.37058531640625 0.386273697265625 0.22862103125 0.308060515625 0.2360615078125 0.332699515625 0.38164682421875 0.4031883828125 0.37058531640625
0 0.333300263671875 0.454960318359375 0.289219576171875 0.230952380859375 0.22967096484375 0.2514384921875 0.276027888671875 0.473363095703125 0.333300263671875 0.454960318359375
1 0.252606923828125 0.3733134921875 0.228598986328125 0.24950396875 0.157082232421875 0.25664682421875 0.195422728515625 0.387748015625 0.252606923828125 0.3733134921875
1 0.1909143515625 0.3899305546875 0.157082232421875 0.25664682421875 0.0911017421875 0.26552579296875 0.128282076171875 0.398660712890625 0.1909143515625 0.3899305546875
1 0.1261381171875 0.39479166796875 0.0878417109375 0.261706349609375 0.019584986328125 0.272668650390625 0.060201720703125 0.4016865078125 0.1261381171875 0.39479166796875
1 0 0.410100875 0.001901455078125 0.416170634765625 0.06346175 0.405505951171875 0.01735284375 0.272767857421875 0 0.27791710546875 0 0.410100875