0 0.837890625 0.7116391782407407 0.09968171296296302 0.26939380787037037
0 0.746997974537037 0.7179976851851853 0.08539496527777768 0.29966001157407396
0 0.6635561342592593 0.7025245949074075 0.10188802083333348 0.28605324074074057
0 0.5786675347222222 0.7065827546296296 0.09581163194444442 0.2827763310185185
0 0.41373697916666663 0.7280237268518519 0.0932436342592593 0.28748553240740726
0 0.08955439814814814 0.7336226851851851 0.10872395833333337 0.2602068865740741
0 0.9494020390625 0.532808638671875 0.878073587890625 0.65720838671875 0.914898615234375 0.76189641796875 0.9406862734375 0.72167387890625 0.9494020390625 0.532808638671875
0 0.921464673828125 0 0.888891783203125 0.133271900390625 0.984458623046875 0.143549380859375 0.995472521484375 0 0.921464673828125 0
0 0.805319564453125 0 0.779554400390625 0.13975115234375 0.862940755859375 0.147707837890625 0.9022675 0 0.805319564453125 0
0 0.6909965703125 0 0.676246068359375 0.13481758984375 0.75470009375 0.139381353515625 0.782890390625 0 0.6909965703125 0
0 0.580485328125 0 0.570169703125 0.13926094921875 0.652377630859375 0.149130029296875 0.671633431640625 0 0.580485328125 0
0 0.464502861328125 0 0.4522539375 0.177572603515625 0.541751048828125 0.187009814453125 0.55355876171875 0 0.464502861328125 0
0 0.34609024609375 0 0.32954293359375 0.210640650390625 0.428411826171875 0.2195224140625 0.442937798828125 0 0.34609024609375 0
0 0.239455330078125 0 0.227879677734375 0.1834985234375 0.319240673828125 0.181769662109375 0.3211537734375 0 0.239455330078125 0
0 0.128183544921875 0 0.1329834921875 0.190964564453125 0.214424349609375 0.1971939765625 0.213663869140625 0.006697529296875 0.173489380859375 0 0.128183544921875 0
1 0.49186197916666663 0.697142650462963 0.0932436342592593 0.23498263888888893
1 0.33796296296296297 0.6877893518518519 0.09233940972222221 0.20964988425925934
1 0.2544849537037037 0.6859302662037037 0.09494357638888884 0.21855468749999996
1 0.173828125 0.698488136574074 0.10022424768518517 0.2373408564814814
1 0.029911747685185182 0.7140118634259259 0.059823495370370364 0.20810185185185182