0 0.1181640625 0.216796875 0.0771484375 0.23828125
0 0.203125 0.224609375 0.068359375 0.244140625
0 0.2861328125 0.2314453125 0.0771484375 0.2685546875
0 0.3720703125 0.2431640625 0.0810546875 0.27734375
0 0.5400390625 0.236328125 0.078125 0.2666015625
0 0.8623046875 0.2392578125 0.0859375 0.2705078125
0 0.047290833984375 0.156229935546875 0 0.222855623046875 0.00989580078125 0.40277777734375 0.0847779375 0.2654220625 0.047290833984375 0.156229935546875
0 0.072282236328125 1 0.104562828125 0.796576783203125 0.00052080078125 0.7694444453125 0 1 0.072282236328125 1
0 0.196198 1 0.207652361328125 0.79472609765625 0.12955423046875 0.789173958984375 0.09427080078125 0.9805555546875 0.196198 1
0 0.3138658203125 1 0.32115501171875 0.80583037890625 0.235767689453125 0.7984275546875 0.21927080078125 0.991666666015625 0.3138658203125 1
0 0.4294510546875 0.99645384375 0.423203203125 0.807681064453125 0.340939806640625 0.807681064453125 0.33177080078125 0.99722222265625 0.4294510546875 0.99645384375
0 0.5408710234375 1 0.531499248046875 0.7984275546875 0.461731646484375 0.79472609765625 0.45364580078125 0.986111111328125 0.5408710234375 1
0 0.654373671875 1 0.648125822265625 0.763263939453125 0.5648211796875 0.763263939453125 0.56458330078125 0.97777777734375 0.654373671875 1
0 0.761628470703125 0.99645384375 0.750174015625 0.7928754140625 0.6804064140625 0.7928754140625 0.68020830078125 0.983333333984375 0.761628470703125 0.99645384375
0 0.879296384765625 0.9946032421875 0.855346228515625 0.80583037890625 0.786619873046875 0.809531833984375 0.78645830078125 0.988888888671875 0.879296384765625 0.9946032421875
1 0.4609375 0.2578125 0.0791015625 0.2158203125
1 0.6181640625 0.263671875 0.0732421875 0.2041015625
1 0.701171875 0.271484375 0.0791015625 0.2099609375
1 0.78125 0.267578125 0.0771484375 0.19921875
1 0.9482421875 0.2587890625 0.08203125 0.1904296875