1 0.358244525390625 0.64943066796875 0.358925857421875 0.819706138671875 0.434447056640625 0.81411843359375 0.442014767578125 0.653738486328125 0.358244525390625 0.64943066796875
1 0.525785005859375 0.658046302734375 0.514348455078125 0.825469044921875 0.590789224609375 0.82837183984375 0.606694513671875 0.66216340625 0.525785005859375 0.658046302734375
1 0.606844974609375 0.66983458984375 0.59246624609375 0.8272279453125 0.668781666015625 0.823356416015625 0.68956135546875 0.6689647265625 0.606844974609375 0.66983458984375
1 0.691085798828125 0.6677894921875 0.669551259765625 0.825469044921875 0.743875673828125 0.82836268359375 0.77218362109375 0.669365419921875 0.691085798828125 0.6677894921875
1 0.85437578125 0.677412896484375 0.82998680859375 0.824668244140625 0.90005148828125 0.827296927734375 0.935191171875 0.682800587890625 0.85437578125 0.677412896484375
0 0.783798998046875 0.64932837109375 0.734489205078125 0.909124115234375 0.807678931640625 0.9382140625 0.86109483203125 0.663419478515625 0.783798998046875 0.64932837109375
0 0.47294560185185186 0.76953125 0.08528645833333326 0.2593098958333333
0 0.3075086805555556 0.7506510416666666 0.10087528935185186 0.2729817708333333
0 0.22356047453703703 0.7578125 0.10564959490740744 0.28496093749999996
0 0.1041160390625 0.7341525546875 0.113561474609375 0.87577648828125 0.1805259375 0.866932630859375 0.17424262890625 0.63157134375 0.112436115234375 0.6121286015625 0.1041160390625 0.7341525546875
0 0.01656588671875 0.7722475078125 0.03667772265625 0.909739017578125 0.105416224609375 0.902026353515625 0.09075809375 0.63418523046875 0.0141396796875 0.63035419921875 0.01656588671875 0.7722475078125
0 0.079027517578125 0.005268501953125 0.104984115234375 0.17966617578125 0.18467844921875 0.17991233984375 0.176292052734375 0.011752802734375 0.079027517578125 0.005268501953125
0 0.03684714988425926 0.09524739583333333 0.07369429976851852 0.189453125
0 0.2443576388888889 0.09283854166666668 0.10405815972222221 0.15852864583333334
0 0.3552517361111111 0.10611979166666667 0.10687934027777779 0.17037760416666667
0 0.4736689814814815 0.123828125 0.09758391203703698 0.18919270833333332
0 0.5857204861111112 0.14798177083333333 0.11762152777777768 0.22356770833333334
0 0.7056206597222222 0.132421875 0.10243055555555558 0.17591145833333333
0 0.810474537037037 0.13450520833333332 0.09877748842592604 0.16595052083333334