0 0.81640625 0.919921875 0.09765625 0.1591796875
0 0.7080078125 0.912109375 0.10546875 0.1748046875
0 0.6005859375 0.8955078125 0.0908203125 0.208984375
0 0.4833984375 0.90625 0.083984375 0.1875
0 0.3642578125 0.91796875 0.091796875 0.1640625
0 0.248046875 0.919921875 0.09375 0.1591796875
0 0.0341796875 0.900390625 0.068359375 0.1982421875
0 0.177557875 1 0.1993662265625 0.833501359375 0.119532998046875 0.823831837890625 0.077862443359375 1 0.177557875 1
0 0 0.4244046640625 0.062292046875 0.331901685546875 0.068267005859375 0.280342673828125 0.05631708984375 0.240915193359375 0.01790660546875 0.21058634765625 0 0.238848357421875 0 0.4244046640625
0 0.07168128125 0.25153027734375 0.06485273046875 0.37436205859375 0.138259466796875 0.371329166015625 0.15789148046875 0.137797130859375 0.095943361328125 0.11186964453125 0.07168128125 0.25153027734375
0 0.1595986171875 0.272760482421875 0.1502093828125 0.3925594140625 0.2253232109375 0.38649362890625 0.242394541015625 0.148412255859375 0.1773531015625 0.136446169921875 0.1595986171875 0.272760482421875
0 0.31153341015625 0.397108712890625 0.326044056640625 0.133247833984375 0.2556907734375 0.12552326953125 0.22959103125 0.401658009765625 0.31153341015625 0.397108712890625
0 0.3968900625 0.407723794921875 0.405425703125 0.137797130859375 0.3309563828125 0.129619357421875 0.319215505859375 0.4198553671875 0.3968900625 0.407723794921875
0 0.52734375 0.263671875 0.0703125 0.265625
0 0.906248267578125 0.4025814609375 0.87210565234375 0.12203971484375 0.79714233984375 0.136446169921875 0.827720166015625 0.41016365234375 0.906248267578125 0.4025814609375
1 0.9770943203125 0.3874170390625 0.953194390625 0.235772857421875 0.887000259765625 0.24021371875 0.903687583984375 0.385900591796875 0.9770943203125 0.3874170390625
1 0.818330931640625 0.38286769921875 0.80296673828125 0.225157775390625 0.725716814453125 0.223829369140625 0.734681462890625 0.378318359375 0.818330931640625 0.38286769921875
1 0.73382787109375 0.38286769921875 0.7261457734375 0.225157775390625 0.64814715625 0.22109864453125 0.6518855390625 0.38286769921875 0.73382787109375 0.38286769921875
1 0.652715392578125 0.381944248046875 0.6484475703125 0.22423432421875 0.569809484375 0.21290646875 0.571626607421875 0.378911439453125 0.652715392578125 0.381944248046875
1 0.48883063671875 0.37284565234375 0.49309850390625 0.21058634765625 0.413902154296875 0.2088103828125 0.40347403125 0.36981276171875 0.48883063671875 0.37284565234375