0 0.53515625 0.2724609375 0.076171875 0.2724609375
0 0.369140625 0.279296875 0.0810546875 0.302734375
0 0.2841796875 0.2666015625 0.0859375 0.2880859375
0 0.2001953125 0.259765625 0.078125 0.255859375
0 0.486328125 0.912109375 0.0908203125 0.1748046875
0 0.6005859375 0.8974609375 0.08984375 0.205078125
0 0.712890625 0.9140625 0.0888671875 0.171875
0 0.818359375 0.9267578125 0.083984375 0.1455078125
0 0.3662109375 0.9189453125 0.095703125 0.162109375
0 0.2529296875 0.9189453125 0.091796875 0.162109375
0 0.037109375 0.8984375 0.07421875 0.203125
0 0.1810253515625 1 0.200127388671875 0.837672359375 0.1202461796875 0.829959521484375 0.085515208984375 1 0.1810253515625 1
0 0.9100815546875 0.40619472265625 0.87882369140625 0.134702138671875 0.80384655078125 0.140186146484375 0.82933204296875 0.400024419921875 0.9100815546875 0.40619472265625
0 0.14699452734375 0.3743867265625 0.17564758203125 0.119862435546875 0.10306530078125 0.1137972578125 0.061035404296875 0.366673845703125 0.14699452734375 0.3743867265625
0 0 0.44225986328125 0.0662450625 0.338907560546875 0.07579608203125 0.272577001953125 0.029777541015625 0.2047038671875 0 0.255463923828125 0 0.44225986328125
0 0.5498046875 0.0224609375 0.0654296875 0.044921875
1 0.58799515234375 0 0.58799515234375 0.024449939453125 0.655720537109375 0.02136478515625 0.6539839375 0 0.58799515234375 0
1 0.65697155078125 0 0.65745704296875 0.03216277734375 0.727787234375 0.030620201171875 0.721709369140625 0 0.65697155078125 0
1 0.72691898046875 0 0.726050728515625 0.024449939453125 0.797249171875 0.025992515625 0.797249171875 0 0.72691898046875 0
1 0.79290905078125 0 0.796380919921875 0.025992515625 0.86757936328125 0.03216277734375 0.8615015 0 0.79290905078125 0
1 0.86556530078125 0 0.871052470703125 0.033705353515625 0.937041302734375 0.0352479296875 0.9292268359375 0 0.86556530078125 0
1 0.93353405078125 0 0.94311926171875 0.03833308203125 1 0.041418232421875 0.99955702734375 0 0.93353405078125 0
1 0.4959581171875 0.3806029609375 0.49682637109375 0.223260689453125 0.42128651953125 0.215547830078125 0.414340353515625 0.37443269921875 0.4959581171875 0.3806029609375
1 0.655720537109375 0.386773265625 0.65485228515625 0.23560125390625 0.57728405078125 0.2249083671875 0.576707580078125 0.3806029609375 0.655720537109375 0.386773265625
1 0.739074806640625 0.386773265625 0.73299694140625 0.2340586796875 0.65697155078125 0.236019478515625 0.658325390625 0.38368811328125 0.739074806640625 0.386773265625
1 0.8250339296875 0.39911383203125 0.809404998046875 0.241771537109375 0.73587780078125 0.23463058984375 0.7425479140625 0.388315841796875 0.8250339296875 0.39911383203125
1 0.98653294921875 0.39911383203125 0.96482605859375 0.251026994140625 0.89212780078125 0.2443528125 0.91272965234375 0.39294352734375 0.98653294921875 0.39911383203125