0 0.10546875 0.228515625 0.0712890625 0.240234375
0 0.193359375 0.236328125 0.0712890625 0.2666015625
0 0.2802734375 0.2529296875 0.076171875 0.27734375
0 0.3662109375 0.259765625 0.0771484375 0.3037109375
0 0.5302734375 0.2529296875 0.0791015625 0.2578125
0 0.85546875 0.25 0.0966796875 0.267578125
0 0.00364580078125 0.42222222265625 0.0712409921875 0.267272748046875 0 0.237661359375 0.00364580078125 0.42222222265625
0 0.002514587890625 0.990901703125 0.060827875 1 0.095191052734375 0.80583037890625 0.00052080078125 0.77777777734375 0.002514587890625 0.990901703125
0 0.17953703515625 1 0.200363171875 0.81138260546875 0.121223794921875 0.79472609765625 0.07708330078125 0.99722222265625 0.17953703515625 1
0 0.300328779296875 1 0.31490716015625 0.824337486328125 0.229519837890625 0.809531833984375 0.19739580078125 0.988888888671875 0.300328779296875 1
0 0.4252857890625 1 0.42216186328125 0.81693474609375 0.33677463671875 0.807681064453125 0.31927080078125 0.986111111328125 0.4252857890625 1
0 0.536705853515625 1 0.5387884375 0.80212892578125 0.44819460546875 0.7817711328125 0.44270830078125 0.9805555546875 0.536705853515625 1
0 0.654373671875 1 0.6429193125 0.761413255859375 0.5564906484375 0.7540104296875 0.55989580078125 0.991666666015625 0.654373671875 1
0 0.757463205078125 1 0.756421865234375 0.80212892578125 0.666869373046875 0.7984275546875 0.67239580078125 0.988888888671875 0.757463205078125 1
0 0.77864580078125 0.991666666015625 0.78870245703125 1 0.8678419296875 0.99645384375 0.855346228515625 0.815083974609375 0.76995890625 0.818785345703125 0.77864580078125 0.991666666015625
1 0.4501953125 0.2646484375 0.0810546875 0.2236328125
1 0.611328125 0.26953125 0.080078125 0.2109375
1 0.693359375 0.275390625 0.080078125 0.201171875
1 0.7744140625 0.2744140625 0.080078125 0.203125
1 0.9375 0.2763671875 0.0810546875 0.2158203125