1 1 0.315476189453125 0.947544642578125 0.317460318359375 0.984375 0.412698412109375 1 0.412698412109375 1 0.315476189453125
1 0.89397321484375 0.3194444453125 0.92633928515625 0.412698412109375 0.9832589296875 0.408730158203125 0.9441964296875 0.3194444453125 0.89397321484375 0.3194444453125
1 0.83928571484375 0.32341269921875 0.872767857421875 0.420634919921875 0.92633928515625 0.41071428515625 0.8917410703125 0.32341269921875 0.83928571484375 0.32341269921875
1 0.786830357421875 0.32341269921875 0.814732142578125 0.412698412109375 0.87165178515625 0.420634919921875 0.838169642578125 0.32341269921875 0.786830357421875 0.32341269921875
1 0.7276785703125 0.3194444453125 0.7589285703125 0.42460317578125 0.8125 0.41865079296875 0.783482142578125 0.3194444453125 0.7276785703125 0.3194444453125
1 0.669642857421875 0.315476189453125 0.69084821484375 0.416666666015625 0.75334821484375 0.414682541015625 0.728794642578125 0.315476189453125 0.669642857421875 0.315476189453125
1 0.6104910703125 0.32539682421875 0.630580357421875 0.422619046875 0.693080357421875 0.412698412109375 0.669642857421875 0.32341269921875 0.6104910703125 0.32539682421875
1 0.55022321484375 0.32341269921875 0.568080357421875 0.42460317578125 0.630580357421875 0.422619046875 0.6104910703125 0.3214285703125 0.55022321484375 0.32341269921875
1 0.494419642578125 0.3214285703125 0.5066964296875 0.41865079296875 0.56696428515625 0.41865079296875 0.55133928515625 0.3194444453125 0.494419642578125 0.3214285703125
1 0.431919642578125 0.32341269921875 0.44084821484375 0.4285714296875 0.505580357421875 0.420634919921875 0.4933035703125 0.32341269921875 0.431919642578125 0.32341269921875
0 0.37834821484375 0.265873015625 0.37834821484375 0.442460318359375 0.43303571484375 0.438492064453125 0.4207589296875 0.267857142578125 0.37834821484375 0.265873015625
1 0.3046875 0.311507935546875 0.3035714296875 0.41865079296875 0.37053571484375 0.422619046875 0.37053571484375 0.311507935546875 0.3046875 0.311507935546875
0 0.2410714296875 0.263888888671875 0.234375 0.432539681640625 0.2890625 0.4305555546875 0.2879464296875 0.263888888671875 0.2410714296875 0.263888888671875
0 0.16852678515625 0.255952380859375 0.142857142578125 0.42658730078125 0.2109375 0.44841269921875 0.22209821484375 0.259920634765625 0.16852678515625 0.255952380859375
0 0.16071428515625 0.267857142578125 0.109375 0.265873015625 0.075892857421875 0.40674603125 0.138392857421875 0.412698412109375 0.16071428515625 0.267857142578125
0 0.03459821484375 0.577380953125 0.00334821484375 0.7420634921875 0 0.833333333984375 0.0714285703125 0.827380953125 0.099330357421875 0.595238095703125 0.03459821484375 0.577380953125
0 0.083705357421875 0.827380953125 0.16741071484375 0.841269841796875 0.1875 0.5714285703125 0.119419642578125 0.567460318359375 0.083705357421875 0.827380953125
0 0.27008928515625 0.57341269921875 0.19977678515625 0.5694444453125 0.1875 0.83134920703125 0.260044642578125 0.82539682421875 0.27008928515625 0.57341269921875
1 0.36383928515625 0.62103174609375 0.2801339296875 0.62103174609375 0.2734375 0.791666666015625 0.361607142578125 0.797619046875 0.36383928515625 0.62103174609375
0 0.424107142578125 0.55158730078125 0.369419642578125 0.5555555546875 0.37165178515625 0.791666666015625 0.431919642578125 0.787698412109375 0.424107142578125 0.55158730078125
1 0.513392857421875 0.611111111328125 0.44084821484375 0.62103174609375 0.4464285703125 0.779761904296875 0.53125 0.767857142578125 0.513392857421875 0.611111111328125
1 0.588169642578125 0.609126984375 0.51227678515625 0.615079365234375 0.53125 0.763888888671875 0.6082589296875 0.755952380859375 0.588169642578125 0.609126984375
1 0.6573660703125 0.603174603515625 0.5859375 0.609126984375 0.607142857421875 0.75 0.681919642578125 0.744047619140625 0.6573660703125 0.603174603515625
0 0.713169642578125 0.505952380859375 0.65290178515625 0.52777777734375 0.7020089296875 0.7579365078125 0.76116071484375 0.7420634921875 0.713169642578125 0.505952380859375
1 0.76116071484375 0.75 0.8348214296875 0.736111111328125 0.794642857421875 0.59722222265625 0.73772321484375 0.60515873046875 0.76116071484375 0.75
1 0.861607142578125 0.59325396875 0.79352678515625 0.59920634765625 0.833705357421875 0.732142857421875 0.90178571484375 0.732142857421875 0.861607142578125 0.59325396875
1 0.90516409375 0.732142857421875 0.9776785703125 0.732142857421875 0.92633928515625 0.58928571484375 0.859375 0.595238095703125 0.90516409375 0.732142857421875
1 1 0.6170634921875 0.989955357421875 0.587301587890625 0.92633928515625 0.59325396875 0.9754464296875 0.7261904765625 1 0.7261904765625 1 0.6170634921875