0 0.1123046875 0.224609375 0.0830078125 0.2490234375
0 0.19140625 0.2275390625 0.0693359375 0.2431640625
0 0.2783203125 0.2333984375 0.080078125 0.271484375
0 0.3681640625 0.23828125 0.0791015625 0.283203125
0 0.53125 0.2392578125 0.0771484375 0.263671875
0 0.8544921875 0.2333984375 0.0849609375 0.267578125
0 0.032712546875 0.16918490234375 0 0.20804988671875 0.00364580078125 0.4 0.0785300859375 0.270974203125 0.032712546875 0.16918490234375
0 0.069158310546875 1 0.091025787109375 0.791024642578125 0 0.775 0 1 0.069158310546875 1
0 0.176413109375 1 0.19932192578125 0.807681064453125 0.123306380859375 0.8039796953125 0.08645830078125 1 0.176413109375 1
0 0.300328779296875 1 0.308659310546875 0.813233205078125 0.2263959140625 0.815083974609375 0.20364580078125 0.991666666015625 0.300328779296875 1
0 0.421120619140625 1 0.414872767578125 0.80583037890625 0.3378158828125 0.79472609765625 0.31927080078125 0.99722222265625 0.421120619140625 1
0 0.533581927734375 1 0.528375322265625 0.789173958984375 0.4492359453125 0.783621818359375 0.44739580078125 0.991666666015625 0.533581927734375 1
0 0.652291087890625 1 0.6429193125 0.766965396484375 0.557531990234375 0.7595625703125 0.55364580078125 1 0.652291087890625 1
0 0.759545791015625 1 0.7439261640625 0.80027823828125 0.671034638671875 0.7984275546875 0.66927080078125 0.988888888671875 0.759545791015625 1
0 0.863676759765625 0.990901703125 0.843891771484375 0.815083974609375 0.774124171875 0.815083974609375 0.78177080078125 1 0.863676759765625 0.990901703125
1 0.4541015625 0.2578125 0.08203125 0.2216796875
1 0.609375 0.2646484375 0.0771484375 0.2080078125
1 0.693359375 0.26953125 0.0859375 0.2060546875
1 0.775390625 0.26953125 0.0771484375 0.1953125
1 0.9365234375 0.2666015625 0.083984375 0.2001953125