0 0.10123697916666666 0.23674045138888888 0.08385416666666667 0.25954861111111116
0 0.18893229166666667 0.24748263888888888 0.0771484375 0.26525607638888893
0 0.27358940972222223 0.2630425347222222 0.08524305555555556 0.27812499999999996
0 0.35970052083333337 0.25713975694444446 0.07901475694444438 0.3053168402777777
0 0.5264105902777778 0.2735460069444444 0.08200954861111098 0.26438802083333335
0 0.8500434027777778 0.2631510416666667 0.09761284722222219 0.2637586805555556
0 0 0.396606970703125 0.072467310546875 0.27457 0.02049901953125 0.1752788671875 0 0.223486984375 0 0.396606970703125
0 0.04196748828125 1 0.075365634765625 0.800496630859375 0 0.788588451171875 0 1 0.04196748828125 1
0 0.161801078125 1 0.17600234375 0.8193976484375 0.10139828125 0.801075134765625 0.059733763671875 0.993483794921875 0.1222898984375 1 0.161801078125 1
0 0.281736943359375 1 0.294546994140625 0.829438541015625 0.200870365234375 0.82550515625 0.17998453515625 0.998935185546875 0.193791564453125 1 0.281736943359375 1
0 0.39691560546875 1 0.398760123046875 0.82805101953125 0.308248544921875 0.822336453125 0.2957329921875 0.995949072265625 0.326375990234375 1 0.39691560546875 1
0 0.507499533203125 1 0.512674041015625 0.812066193359375 0.424327302734375 0.802696453125 0.4176079921875 0.99865740625 0.4301988125 1 0.507499533203125 1
0 0.6267771015625 1 0.62408084375 0.768251244140625 0.543064421875 0.757192712890625 0.53179305078125 1 0.6267771015625 1
0 0.73769027734375 1 0.720606677734375 0.831499966796875 0.645591341796875 0.83168464453125 0.649799958984375 1 0.73769027734375 1
0 0.84244667578125 1 0.825490904296875 0.846792177734375 0.756805677734375 0.84341415625 0.75957395703125 1 0.84244667578125 1
1 0.4461588541666667 0.27957899305555556 0.08355034722222221 0.24587673611111116
1 0.6022135416666667 0.29184027777777777 0.08420138888888884 0.23124999999999996
1 0.6833116319444444 0.29168836805555554 0.08543836805555549 0.24299045138888897
1 0.7654513888888889 0.2886284722222222 0.08387586805555558 0.21660156249999996
1 0.9304904513888889 0.29229600694444446 0.09648437499999996 0.21297743055555562