1 0.03487654296875 0.383068783203125 0.112061837890625 0.38760747265625 0.12072034765625 0.23097718359375 0.0535796953125 0.226512896484375 0.03487654296875 0.383068783203125
0 0.127030974609375 0.12193287109375 0.10844907421875 0.381630291015625 0.184430115234375 0.384176587890625 0.203452931640625 0.13439980078125 0.127030974609375 0.12193287109375
1 0.205100859375 0.22168485546875 0.199702380859375 0.3763558203125 0.27997133984375 0.374966931640625 0.281668873046875 0.212334654296875 0.205100859375 0.22168485546875
1 0.28055280078125 0.21232638671875 0.277739197265625 0.374950396484375 0.3601521171875 0.371593916015625 0.360821759765625 0.2109375 0.28055280078125 0.21232638671875
1 0.358765984375 0.214889220703125 0.36350033203125 0.371618716796875 0.443592923828125 0.36626157421875 0.439034943359375 0.213500330078125 0.358765984375 0.214889220703125
0 0.445728615234375 0.13817791015625 0.4600997578125 0.386218583984375 0.523627646484375 0.3847056875 0.503411595703125 0.130671296875 0.445728615234375 0.13817791015625
1 0.515955689453125 0.212086640625 0.5274746484375 0.3708498671875 0.60859512890625 0.363516865234375 0.59270006640625 0.206704697265625 0.515955689453125 0.212086640625
0 0.59554673828125 0.145238095703125 0.62375165234375 0.403298611328125 0.701523919921875 0.395940806640625 0.66970623828125 0.131903109375 0.59554673828125 0.145238095703125
0 0.680191798828125 0.1418981484375 0.705900021484375 0.393989748046875 0.7878720234375 0.3807126328125 0.75675980859375 0.13254794921875 0.680191798828125 0.1418981484375
0 0.761576830078125 0.140517525390625 0.7956845234375 0.380770501953125 0.86846340234375 0.3614748671875 0.828188380859375 0.13307705078125 0.761576830078125 0.140517525390625
0 0.845516423828125 0.121304564453125 0.88350143359375 0.373487103515625 0.952667548828125 0.348214287109375 0.915564373046875 0.115873015625 0.845516423828125 0.121304564453125
0 1 0.226156876953125 0.979183201171875 0.191716271484375 0.93797949609375 0.26876653515625 1 0.388887505859375 1 0.226156876953125
0 1 0.81249891796875 0.955974427734375 0.82427248828125 0.9906058515625 1 1 1 1 0.81249891796875
0 0.96570239453125 1 0.9200837734375 0.82003968359375 0.834000220703125 0.841220236328125 0.872975435546875 1 0.96570239453125 1
0 0.8437071796875 1 0.816994599609375 0.835143849609375 0.734435625 0.8603174609375 0.757843498046875 1 0.8437071796875 1
0 0.7236880546875 1 0.708382935546875 0.826405421875 0.624002423828125 0.835697751953125 0.632391630859375 1 0.7236880546875 1
0 0.59892475390625 1 0.5897266328125 0.81759259375 0.510661927734375 0.820973876953125 0.517524365234375 1 0.59892475390625 1
0 0.4435875546875 1 0.48837632421875 0.997337962890625 0.48246527734375 0.7890294296875 0.394295634765625 0.788376322265625 0.399293078125 1 0.4435875546875 1
0 0.3657934609375 1 0.369449955078125 0.831828705078125 0.29423225390625 0.82135416796875 0.286707509765625 1 0.3657934609375 1
0 0.199155390625 1 0.25855379296875 0.997619046875 0.268504740234375 0.84496527734375 0.19560736328125 0.836491400390625 0.175145845703125 1 0.199155390625 1