0 0.1142578125 0.23046875 0.0849609375 0.2666015625
0 0.1953125 0.2470703125 0.0712890625 0.26171875
0 0.2783203125 0.2587890625 0.078125 0.279296875
0 0.369140625 0.2626953125 0.0869140625 0.2978515625
0 0.5341796875 0.2724609375 0.0791015625 0.271484375
0 0.8525390625 0.2578125 0.0927734375 0.27734375
0 0.021258140625 0.193244234375 0 0.23025844921875 0.00364580078125 0.425 0.077488841796875 0.287630625 0.021258140625 0.193244234375
0 0.51379703515625 0 0.5169209609375 0.028530705078125 0.580440806640625 0.028530705078125 0.57864580078125 0 0.51379703515625 0
0 0 0.9946032421875 0.06186921484375 1 0.097273638671875 0.818785345703125 0.00052080078125 0.80277777734375 0 0.9946032421875
0 0.17953703515625 1 0.19932192578125 0.82803902734375 0.12538896484375 0.8039796953125 0.08333330078125 0.991666666015625 0.17953703515625 1
0 0.302411458984375 0.99645384375 0.303452703125 0.85024758984375 0.228478498046875 0.833591166015625 0.21145830078125 0.991666666015625 0.302411458984375 0.99645384375
0 0.4190379375 0.99645384375 0.4190379375 0.833591166015625 0.3294854453125 0.831740396484375 0.32552080078125 0.99722222265625 0.4190379375 0.99645384375
0 0.528375322265625 0.990901703125 0.527334078125 0.818785345703125 0.446112021484375 0.809531833984375 0.44427080078125 0.986111111328125 0.528375322265625 0.990901703125
0 0.652291087890625 1 0.649167162109375 0.796576783203125 0.553366724609375 0.7928754140625 0.55677080078125 0.988888888671875 0.652291087890625 1
0 0.761628470703125 1 0.756421865234375 0.833591166015625 0.6647867890625 0.82803902734375 0.66927080078125 0.986111111328125 0.761628470703125 1
0 0.869924609375 1 0.84493311328125 0.83914330859375 0.779330681640625 0.842844677734375 0.77552080078125 0.991666666015625 0.869924609375 1
1 0.455078125 0.2783203125 0.07421875 0.2294921875
1 0.6123046875 0.2734375 0.080078125 0.2177734375
1 0.693359375 0.2841796875 0.0810546875 0.2294921875
1 0.7744140625 0.2724609375 0.0673828125 0.2294921875
1 0.9423828125 0.28515625 0.0869140625 0.205078125
1 0.582523390625 0 0.578358125 0.030381390625 0.649167162109375 0.041485669921875 0.64895830078125 0 0.582523390625 0
1 0.65020840625 0 0.646043236328125 0.045187126953125 0.70748040234375 0.052589951171875 0.70677080078125 0 0.65020840625 0
1 0.716852177734375 0 0.716852177734375 0.039634986328125 0.79390896875 0.045187126953125 0.79427080078125 0.008333333984375 0.716852177734375 0
1 0.789743796875 0 0.789743796875 0.0377842578125 0.865759248046875 0.03408284375 0.86302080078125 0 0.789743796875 0
1 0.8595113984375 0 0.860552833984375 0.041485669921875 0.93032043359375 0.041485669921875 0.93020830078125 0.013888888671875 0.8595113984375 0