0 0.8401692708333334 0.8177155671296297 0.09589843750000004 0.2560546874999998
0 0.7531901041666667 0.814185474537037 0.08209635416666661 0.2533926504629629
0 0.670703125 0.8020688657407407 0.09648437500000018 0.27944155092592604
0 0.5868489583333334 0.7957609953703704 0.10162760416666661 0.2836009837962963
0 0.418359375 0.7948640046296296 0.09498697916666665 0.25698061342592604
0 0.09615885416666667 0.7771773726851852 0.10514322916666669 0.27794415509259274
0 0.954606513671875 0.654359568359375 0.879239421875 0.775278998046875 0.910912736328125 0.89577639453125 0.947079947265625 0.845652650390625 0.954606513671875 0.654359568359375
0 0.9370895390625 0.048589828125 0.894919142578125 0.257958037109375 0.98291669921875 0.276743828125 1 0.0518518515625 0.9370895390625 0.048589828125
0 0.8604325859375 0.2580269296875 0.919606513671875 0.0504706796875 0.815256455078125 0.042272556640625 0.77695026953125 0.24069846875 0.8604325859375 0.2580269296875
0 0.7631121796875 0.228838185546875 0.79892364453125 0.049787810546875 0.699671220703125 0.036279248046875 0.6825070234375 0.215373158203125 0.7631121796875 0.228838185546875
0 0.65125297265625 0.245323494140625 0.675300958984375 0.046165125 0.583044646484375 0.0302319453125 0.5617695703125 0.2239696171875 0.65125297265625 0.245323494140625
0 0.536955748046875 0.23568272265625 0.553981513671875 0.03151234765625 0.470583337890625 0.0244006171875 0.460940296875 0.2317411796875 0.536955748046875 0.23568272265625
0 0.425451798828125 0.278185951171875 0.44736114453125 0.03155864453125 0.351874177734375 0.018245328125 0.342887443359375 0.262762169921875 0.425451798828125 0.278185951171875
0 0.311169458984375 0.236975119140625 0.32861114453125 0.025401236328125 0.242300384765625 0.016122138671875 0.248019853515625 0.22812936328125 0.311169458984375 0.236975119140625
0 0.215808349609375 0.209745134765625 0.226863458984375 0.022912810546875 0.1238275390625 0.0064206875 0.14028642578125 0.198400685546875 0.215808349609375 0.209745134765625
1 0.4962890625 0.7724464699074074 0.09414062499999998 0.24428530092592604
1 0.33769531249999996 0.7554036458333333 0.09075520833333339 0.2226996527777778
1 0.25852864583333335 0.7522786458333334 0.09778645833333333 0.22598379629629628
1 0.17682291666666666 0.7431423611111112 0.08958333333333335 0.2197193287037038
1 0.030859375 0.7355613425925926 0.06171875 0.20079571759259274