1 1 0.52583992578125 0.987624009765625 0.523735119140625 0.955934009765625 0.617162697265625 1 0.616005755859375 1 0.52583992578125
1 0.95035365234375 0.617534720703125 0.9865079375 0.5238095234375 0.9329218125 0.525396826171875 0.9012318125 0.61882440625 0.95035365234375 0.617534720703125
1 0.876016865234375 0.531175595703125 0.849877828125 0.620262896484375 0.9001304375 0.620882935546875 0.930763154296875 0.53546626953125 0.876016865234375 0.531175595703125
1 0.8476456875 0.620411705078125 0.876016865234375 0.531175595703125 0.8190090390625 0.5230654765625 0.794059560546875 0.621999009765625 0.8476456875 0.620411705078125
1 0.789595275390625 0.62229662890625 0.816806291015625 0.527182541015625 0.761002720703125 0.530902779296875 0.738255990234375 0.625719248046875 0.789595275390625 0.62229662890625
1 0.734878380859375 0.621974205078125 0.762118791015625 0.530828373046875 0.70295230859375 0.53278769921875 0.68245241796875 0.629439484375 0.734878380859375 0.621974205078125
1 0.679148294921875 0.635615078125 0.701865630859375 0.536830357421875 0.634871951171875 0.537326388671875 0.618865740234375 0.637648810546875 0.679148294921875 0.635615078125
1 0.6210831875 0.635515873046875 0.63713348828125 0.541145833984375 0.572342556640625 0.53752480078125 0.5596992578125 0.639608134765625 0.6210831875 0.635515873046875
1 0.55972865234375 0.643576388671875 0.575734861328125 0.54325396875 0.50758101953125 0.5378720234375 0.50054747265625 0.6435515859375 0.55972865234375 0.643576388671875
1 0.499431400390625 0.6436259921875 0.508726484375 0.54176587109375 0.44508101953125 0.542038689453125 0.438062169921875 0.6497023828125 0.499431400390625 0.6436259921875
0 0.431777263671875 0.705704365234375 0.442775388671875 0.53226686328125 0.384783767578125 0.542088294921875 0.3826407265625 0.705009921875 0.431777263671875 0.705704365234375
1 0.3767517265625 0.663715279296875 0.37594337890625 0.554588294921875 0.306746951171875 0.559201388671875 0.31200488671875 0.666046626953125 0.3767517265625 0.663715279296875
0 0.291181658203125 0.719047619140625 0.28988830078125 0.5444444453125 0.235186103515625 0.546106150390625 0.249872318359375 0.71981646875 0.291181658203125 0.719047619140625
0 0.22433494921875 0.739384919921875 0.213921958984375 0.539583333984375 0.15146605078125 0.5497023828125 0.17745994921875 0.742509919921875 0.22433494921875 0.739384919921875
0 0.138146677734375 0.560515873046875 0.080096267578125 0.562400794921875 0.112624927734375 0.7329365078125 0.1717032265625 0.719072421875 0.138146677734375 0.560515873046875
0 0.0421636171875 0.416046626953125 0.1001111484375 0.40027281640625 0.07374981640625 0.157862103515625 0.002306546875 0.160639880859375 0.006389623046875 0.259623015625 0.0421636171875 0.416046626953125
0 0.122579548828125 0.4186259921875 0.1895438359375 0.414161705078125 0.169673169921875 0.14352678515625 0.09053498046875 0.162698412109375 0.122579548828125 0.4186259921875
0 0.20519823046875 0.41708829296875 0.26881430078125 0.412847220703125 0.2545680859375 0.14779266015625 0.18208223046875 0.160565474609375 0.20519823046875 0.41708829296875
1 0.28514384765625 0.356175595703125 0.366631759765625 0.352728173828125 0.364310515625 0.19010416796875 0.27614087109375 0.195982142578125 0.28514384765625 0.356175595703125
0 0.432376173828125 0.183581349609375 0.374325763671875 0.185466267578125 0.37381319921875 0.4177579375 0.426283251953125 0.416245041015625 0.432376173828125 0.183581349609375
1 0.52849059375 0.19503968359375 0.451437572265625 0.194221228515625 0.44365538671875 0.349578373046875 0.517360193359375 0.3506200390625 0.52849059375 0.19503968359375
1 0.610066689453125 0.2034970234375 0.530766828125 0.20084325390625 0.5184909609375 0.35252976171875 0.5910796953125 0.353645833984375 0.610066689453125 0.2034970234375
1 0.687090314453125 0.20034722265625 0.611153365234375 0.199454365234375 0.593282443359375 0.34952876953125 0.663624337890625 0.3488095234375 0.687090314453125 0.20034722265625
0 0.7653181953125 0.20902777734375 0.700497869140625 0.2014384921875 0.661965388671875 0.426339287109375 0.714567716796875 0.44268353125 0.7653181953125 0.20902777734375
1 0.834573412109375 0.212351189453125 0.76418742578125 0.2071180546875 0.74064796484375 0.34565972265625 0.7998585390625 0.34965277734375 0.834573412109375 0.212351189453125
1 0.904885912109375 0.207663689453125 0.836790859375 0.21021825390625 0.802075984375 0.34751984375 0.865692056640625 0.343278771484375 0.904885912109375 0.207663689453125
1 0.975257201171875 0.21091269921875 0.90493000390625 0.2136160703125 0.86570675390625 0.345262896484375 0.930468291015625 0.344915673828125 0.975257201171875 0.21091269921875
1 1 0.20529296484375 0.979692091796875 0.20664682421875 0.93270043359375 0.344766865234375 0.9907361484375 0.34089781640625 1 0.31601832421875 1 0.20529296484375