0 0.5576171875 0.0107421875 0.0576171875 0.0166015625
1 0.6201171875 0.0107421875 0.0673828125 0.0205078125
1 0.69140625 0.0107421875 0.0673828125 0.0205078125
1 0.7587890625 0.0107421875 0.064453125 0.021484375
1 0.828125 0.017578125 0.0703125 0.03515625
1 0.9033203125 0.0224609375 0.07421875 0.03515625
1 0.963541666015625 0.25 0.89453125 0.25 0.908854166015625 0.3981481484375 0.985677083984375 0.3981481484375 0.963541666015625 0.25
0 0.809895833984375 0.1481481484375 0.838541666015625 0.40509259375 0.912760416015625 0.391203705078125 0.877604166015625 0.13657407421875 0.809895833984375 0.1481481484375
1 0.729166666015625 0.233796294921875 0.740885416015625 0.400462962890625 0.822916666015625 0.395833333984375 0.805989583984375 0.236111111328125 0.729166666015625 0.233796294921875
1 0.649739583984375 0.224537037109375 0.654947916015625 0.388888888671875 0.736979166015625 0.388888888671875 0.73046875 0.2268518515625 0.649739583984375 0.224537037109375
1 0.575520833984375 0.2268518515625 0.576822916015625 0.395833333984375 0.653645833984375 0.38657407421875 0.651041666015625 0.224537037109375 0.575520833984375 0.2268518515625
0 0.509114583984375 0.141203705078125 0.49609375 0.400462962890625 0.559895833984375 0.3981481484375 0.5625 0.145833333984375 0.509114583984375 0.141203705078125
1 0.41046966015625 0.379739947265625 0.494791666015625 0.3819444453125 0.5 0.21527777734375 0.421875 0.21527777734375 0.41046966015625 0.379739947265625
0 0.412760416015625 0.1481481484375 0.341145833984375 0.138888888671875 0.322916666015625 0.3981481484375 0.3984375 0.3981481484375 0.412760416015625 0.1481481484375
0 0.33203125 0.15277777734375 0.256510416015625 0.143518517578125 0.234375 0.384259259765625 0.31640625 0.395833333984375 0.33203125 0.15277777734375
0 0.188802083984375 0.138888888671875 0.149739583984375 0.3518518515625 0.21484375 0.37962962890625 0.243489583984375 0.15740740625 0.188802083984375 0.138888888671875
0 0.100260416015625 0.1180555546875 0.0625 0.349537037109375 0.1328125 0.365740740234375 0.16796875 0.13657407421875 0.100260416015625 0.1180555546875
0 0.03515625 0.203703705078125 0 0.25 0.00390625 0.423611111328125 0.080729166015625 0.28240740625 0.03515625 0.203703705078125
0 0.053385416015625 1 0.079427083984375 0.837962962890625 0.001302083984375 0.8055555546875 0 1 0.053385416015625 1
0 0.127604166015625 0.821759259765625 0.08203125 0.997685185546875 0.173177083984375 1 0.19921875 0.8518518515625 0.127604166015625 0.821759259765625
0 0.205729166015625 0.997685185546875 0.286458333984375 0.997685185546875 0.302083333984375 0.86342592578125 0.221354166015625 0.849537037109375 0.205729166015625 0.997685185546875
0 0.32421875 0.997685185546875 0.40625 1 0.411458333984375 0.849537037109375 0.328125 0.84259259375 0.32421875 0.997685185546875
0 0.528645833984375 1 0.524739583984375 0.826388888671875 0.447916666015625 0.828703705078125 0.447916666015625 1 0.528645833984375 1
0 0.647135416015625 1 0.638020833984375 0.7893518515625 0.553385416015625 0.798611111328125 0.55859375 1 0.647135416015625 1
0 0.756510416015625 1 0.744791666015625 0.84490740625 0.669270833984375 0.84722222265625 0.677083333984375 1 0.756510416015625 1
0 0.86328125 1 0.846354166015625 0.856481482421875 0.76953125 0.856481482421875 0.78125 1 0.86328125 1