0 0.9165364583333333 0.7368055555555555 0.08491030092592577 0.26639178240740735
0 0.8410879629629631 0.7358217592592593 0.07886284722222214 0.2436776620370371
0 0.7499131944444444 0.733695023148148 0.08654513888888893 0.2791377314814816
0 0.6594618055555557 0.726634837962963 0.09250578703703694 0.28139467592592604
0 0.5005859375 0.7407479745370371 0.085011574074074 0.26834490740740735
0 0.920015130859375 0 0.90760216015625 0.168043427734375 1 0.1727663203125 1 0 0.920015130859375 0
0 1 0.5784444453125 0.947816794921875 0.681839810546875 0.998158939453125 0.786859517578125 1 0.784082361328125 1 0.5784444453125
0 0.80258542578125 0 0.7977849609375 0.164459177734375 0.875609455078125 0.175269375 0.893709017578125 0 0.80258542578125 0
0 0.689433791015625 0 0.690242271484375 0.164468396484375 0.771286654296875 0.176967296875 0.78461278515625 0 0.689433791015625 0
0 0.569267201171875 0 0.57957566015625 0.16463959765625 0.670553341796875 0.167344962890625 0.6716178671875 0 0.569267201171875 0
0 0.4569080234375 0 0.47185539453125 0.181359228515625 0.552323998046875 0.182753849609375 0.550150986328125 0 0.4569080234375 0
0 0.34299060546875 0 0.362354685546875 0.224150857421875 0.445097798828125 0.229138865234375 0.433437693359375 0 0.34299060546875 0
0 0.229938978515625 0 0.261223173828125 0.18671383203125 0.3292921328125 0.190607056640625 0.319102390625 0 0.229938978515625 0
0 0.11485884765625 0 0.15927094140625 0.19385590234375 0.221749447265625 0.19061627734375 0.2145499296875 0.008371912109375 0.120762458984375 0 0.11485884765625 0
1 0.5721571180555556 0.7047236689814815 0.08648726851851851 0.2216724537037038
1 0.4149305555555556 0.7128761574074074 0.08763020833333335 0.20614872685185182
1 0.33325376157407405 0.7239655671296297 0.08582899305555558 0.2089771412037038
1 0.2499927662037037 0.723386863425926 0.08475115740740746 0.20697337962962958
1 0.09219473379629631 0.7394024884259258 0.08926504629629628 0.21889467592592604
0 0.1710792824074074 0.75 0.10225694444444444 0.3004050925925925