0 0.8928385416666667 0.21526331018518519 0.07306857638888875 0.2412905092592592
0 0.8048900462962962 0.22437789351851853 0.07326388888888902 0.26765769675925927
0 0.7178530092592592 0.24226707175925927 0.078226273148148 0.27847222222222223
0 0.6318648726851852 0.2503761574074074 0.07939814814814827 0.30485387731481484
0 0.4678530092592593 0.24597077546296295 0.08101128472222219 0.258984375
0 0.14267939814814815 0.24785879629629629 0.09866174768518521 0.26901041666666664
0 0.926779208984375 0.25351335546875 0.993226626953125 0.407461419921875 0.998239544921875 0.222846544921875 0.926779208984375 0.25351335546875
0 0.9937178828125 0.762970677734375 0.898839833984375 0.792425802734375 0.931764716796875 0.98608633984375 0.990145400390625 0.976124140625 0.9937178828125 0.762970677734375
0 0.9155298671875 0.9835493828125 0.872889345703125 0.78170719140625 0.7936265859375 0.799536134765625 0.813055556640625 0.9878449921875 0.9155298671875 0.9835493828125
0 0.795279095703125 0.97699845703125 0.764483630859375 0.7981173125 0.67898663671875 0.814187962890625 0.6922638125 0.9896345 0.795279095703125 0.97699845703125
0 0.673424671875 0.976026234375 0.657242541015625 0.79785550390625 0.571786767578125 0.808374181640625 0.567306802734375 0.99148571484375 0.673424671875 0.976026234375
0 0.55002832421875 0.972299380859375 0.546014498046875 0.77359623828125 0.4552698671875 0.795296162109375 0.45588673828125 0.9931363828125 0.55002832421875 0.972299380859375
0 0.43275851953125 0.985146603515625 0.43792408984375 0.747439919921875 0.35144058984375 0.756123171875 0.338218919921875 0.994879609375 0.43275851953125 0.985146603515625
0 0.320279095703125 0.9840354921875 0.327216349609375 0.793492287109375 0.237636439453125 0.798520361328125 0.23512938671875 0.996406861328125 0.320279095703125 0.9840354921875
0 0.21400851953125 0.98838734375 0.223976017578125 0.815377330078125 0.13861611328125 0.812940955078125 0.124776931640625 0.994495947265625 0.203890134765625 0.996869666015625 0.21400851953125 0.98838734375
1 0.5478443287037037 0.2565031828703704 0.08271122685185195 0.22483362268518514
1 0.3866753472222222 0.2637731481481481 0.08164062499999991 0.21212384259259265
1 0.3046006944444445 0.2708478009259259 0.08156828703703711 0.20235821759259265
1 0.22355324074074073 0.2710720486111111 0.0815827546296296 0.20431134259259254
1 0.06045283564814815 0.2754412615740741 0.08265335648148149 0.21702112268518525