0 0.115234375 0.2509765625 0.0791015625 0.240234375
0 0.2001953125 0.259765625 0.07421875 0.263671875
0 0.28125 0.2705078125 0.0859375 0.2705078125
0 0.3701171875 0.271484375 0.0732421875 0.2763671875
0 0.5361328125 0.265625 0.0810546875 0.25390625
0 0.8583984375 0.2724609375 0.1005859375 0.2734375
0 0 0.437538419921875 0.0826953515625 0.278377029296875 0.0347951328125 0.204348517578125 0.00052080078125 0.241666666015625 0 0.437538419921875
0 0.00052080078125 0.811111111328125 0.000431955078125 0.833591166015625 0 0.99645384375 0.0587452890625 1 0.098314978515625 0.818785345703125 0.00052080078125 0.811111111328125
0 0.180578375 1 0.2045284375 0.8206361171875 0.12538896484375 0.81138260546875 0.08802080078125 0.991666666015625 0.180578375 1
0 0.296163609375 1 0.31282448046875 0.84469544921875 0.22535457421875 0.835441767578125 0.21145830078125 0.988888888671875 0.296163609375 1
0 0.416955353515625 1 0.42736846875 0.837292537109375 0.33156803125 0.833591166015625 0.33177080078125 0.983333333984375 0.416955353515625 1
0 0.52421015234375 0.990901703125 0.527334078125 0.82803902734375 0.45364580078125 0.84722222265625 0.45131853125 0.989051103515625 0.52421015234375 0.990901703125
0 0.65020840625 1 0.646043236328125 0.789173958984375 0.56169725390625 0.7817711328125 0.55833330078125 0.99722222265625 0.65020840625 1
0 0.759545791015625 1 0.750174015625 0.833591166015625 0.67519980859375 0.81693474609375 0.67552080078125 0.991666666015625 0.759545791015625 1
0 0.86680068359375 1 0.855346228515625 0.85024758984375 0.779330681640625 0.846546048828125 0.78645830078125 0.991666666015625 0.86680068359375 1
0 0.514838376953125 0 0.514838376953125 0.028530705078125 0.5846059765625 0.03408284375 0.58020830078125 0.00277777734375 0.514838376953125 0
1 0.58489580078125 0 0.58668865625 0.045187126953125 0.666869373046875 0.041485669921875 0.65541501171875 0 0.58489580078125 0
1 0.65364580078125 0 0.654373671875 0.03408284375 0.72518261328125 0.03408284375 0.7241413671875 0 0.65364580078125 0
1 0.72864580078125 0 0.7283065390625 0.0322321171875 0.79911557421875 0.0322321171875 0.798074234375 0 0.72864580078125 0
1 0.79078504296875 0 0.7959916484375 0.030381390625 0.8678419296875 0.03408284375 0.86302080078125 0 0.79078504296875 0
1 0.8595113984375 0 0.8678419296875 0.039634986328125 0.9355270390625 0.039634986328125 0.93802080078125 0.008333333984375 0.8595113984375 0
1 0.93032043359375 0 0.93032043359375 0.03408284375 0.996964109375 0.03408284375 0.99739580078125 0.011111111328125 0.93032043359375 0
1 0.4560546875 0.275390625 0.0791015625 0.234375
1 0.615234375 0.2900390625 0.0927734375 0.1962890625
1 0.7001953125 0.2880859375 0.080078125 0.1806640625
1 0.7763671875 0.2861328125 0.0869140625 0.177734375
1 0.9423828125 0.2939453125 0.083984375 0.1943359375