0 0.13187934027777778 0.7430483217592593 0.08444010416666664 0.24433593750000004
0 0.21664496527777777 0.7298538773148149 0.080078125 0.2675202546296296
0 0.2974609375 0.7149088541666666 0.09194878472222223 0.2749638310185185
0 0.3863064236111111 0.7093243634259259 0.07938368055555556 0.28016493055555536
0 0.5524522569444444 0.7065755208333333 0.08669704861111116 0.2581090856481483
0 0.8745659722222222 0.6830295138888889 0.10666232638888884 0.2786530671296297
0 0.01737265234375 0.758306330078125 0.05247627734375 0.793847291015625 0.09873141796875 0.717335064453125 0.012499146484375 0.562461580078125 0.01737265234375 0.758306330078125
0 0.03163734765625 0 0.000078802734375 0.00354615625 0.0041299296875 0.166386435546875 0.00471833203125 0.188861884765625 0.102341970703125 0.17611683984375 0.059486501953125 0 0.03163734765625 0
0 0.11471849609375 0 0.088205986328125 0.00376929296875 0.129580462890625 0.182115744140625 0.20851430078125 0.168758705078125 0.182046880859375 0 0.11471849609375 0
0 0.212503900390625 0 0.21170521484375 0.000146607421875 0.229011423828125 0.1528731796875 0.316275693359375 0.139084021484375 0.298163431640625 0 0.212503900390625 0
0 0.332152361328125 0 0.335266005859375 0.14921641796875 0.430984189453125 0.1405476171875 0.418825654296875 0 0.332152361328125 0
0 0.45204331640625 0 0.45704086328125 0.12925540234375 0.53115543359375 0.144617724609375 0.52516178125 0 0.45204331640625 0
0 0.5593861015625 0 0.56654678515625 0.18910382421875 0.650728259765625 0.177327501953125 0.650291455078125 0 0.5593861015625 0
0 0.67625008984375 0 0.67926792578125 0.148054892578125 0.753871990234375 0.127510921875 0.75820688671875 0 0.67625008984375 0
0 0.785773134765625 0 0.78274076953125 0.113044212890625 0.858674060546875 0.105401125 0.8643712734375 0 0.785773134765625 0
0 0.602368794921875 0.96713734765625 0.606070802734375 0.93560425390625 0.536426583984375 0.944773970703125 0.537060599609375 0.97330467578125 0.602368794921875 0.96713734765625
1 0.677637234375 0.966015517578125 0.68816969140625 0.92393591796875 0.607906720703125 0.92439198046875 0.6071180234375 0.9696720703125 0.677637234375 0.966015517578125
1 0.74636358984375 0.9624519296875 0.746647439453125 0.928315095703125 0.675838498046875 0.931986669921875 0.6758680234375 0.96610725390625 0.74636358984375 0.9624519296875
1 0.82029645703125 0.958618373046875 0.82062152734375 0.926332259765625 0.7498124921875 0.93000383984375 0.7508680234375 0.962218365234375 0.82029645703125 0.958618373046875
1 0.8852430234375 0.9552507734375 0.889306755859375 0.9209179453125 0.817538728515625 0.92834496875 0.813007265625 0.95899633203125 0.8852430234375 0.9552507734375
1 0.960057837890625 0.94302855078125 0.956868484375 0.911856205078125 0.889183375 0.915365802734375 0.88173362109375 0.9554327421875 0.960057837890625 0.94302855078125
1 1 0.915178294921875 0.951785259765625 0.917678318359375 0.95254265625 0.951761162109375 1 0.941400912109375 1 0.915178294921875
1 0.47215711805555555 0.7009620949074074 0.08430989583333337 0.23847656249999982
1 0.6310112847222222 0.6780598958333333 0.0971354166666667 0.2010995370370372
1 0.716015625 0.6756076388888889 0.08409288194444464 0.18481626157407405
1 0.7922309027777777 0.6736111111111112 0.09086371527777781 0.18224103009259274
1 0.9569607204861111 0.6571903935185186 0.08607855902777772 0.1986906828703705