0 0.11325954861111112 0.2195674189814815 0.08893229166666666 0.2506076388888889
0 0.20438368055555556 0.22004484953703704 0.08733362268518519 0.25732783564814815
0 0.28892505787037037 0.22581018518518517 0.09442274305555554 0.26261574074074073
0 0.37824797453703707 0.2293330439814815 0.09538483796296293 0.28117042824074073
0 0.5432870370370371 0.21955295138888892 0.08861400462962954 0.2632450810185185
0 0.8630931712962963 0.19080584490740743 0.09878472222222223 0.27163628472222223
0 0.048966169921875 0.17051588671875 0.01253466015625 0.19309522265625 0.0242425078125 0.39700617578125 0.089854875 0.294328095703125 0.048966169921875 0.17051588671875
0 0.053045314453125 0.994515935546875 0.1113585546875 0.9910603359375 0.1315764140625 0.7967965078125 0.04157018359375 0.7916358046875 0.053045314453125 0.994515935546875
0 0.23138888671875 0.989360767578125 0.24243486328125 0.799509232421875 0.159403849609375 0.789578271484375 0.138166119140625 0.992098767578125 0.23138888671875 0.989360767578125
0 0.350667623046875 0.97316614453125 0.355184060546875 0.798397 0.26505578515625 0.7925994453125 0.258478619140625 0.984969138671875 0.350667623046875 0.97316614453125
0 0.469848544921875 0.975229826171875 0.4577937734375 0.78303430859375 0.374009318359375 0.778717369140625 0.3738155546875 0.97256173046875 0.469848544921875 0.975229826171875
0 0.580043298828125 0.965142712890625 0.570351046875 0.778220703125 0.487799857421875 0.777543427734375 0.495978619140625 0.970895064453125 0.580043298828125 0.965142712890625
0 0.704142939453125 0.961345712890625 0.6735080390625 0.73312329296875 0.598629794921875 0.739416892578125 0.610041119140625 0.9641358046875 0.704142939453125 0.961345712890625
0 0.81235107421875 0.953232783203125 0.779654037109375 0.765817564453125 0.709694509765625 0.766250484375 0.7239595859375 0.954598767578125 0.81235107421875 0.953232783203125
0 0.91865253515625 0.948634033203125 0.88549799609375 0.772540189453125 0.818758259765625 0.7746386796875 0.83133998828125 0.939876544921875 0.91865253515625 0.948634033203125
1 0.46469184027777777 0.23400607638888887 0.09382957175925921 0.2324001736111111
1 0.6237196180555555 0.22164351851851855 0.08864293981481497 0.22625144675925923
1 0.7061559606481482 0.22459490740740742 0.09275173611111098 0.23038917824074073
1 0.7862847222222222 0.22082609953703702 0.08820167824074066 0.19896556712962965
1 0.9490523726851852 0.22391493055555556 0.08896122685185182 0.21361400462962965