0 0.7618923611111111 0.8775896990740741 0.10708912037037033 0.16424334490740744
0 0.6539568865740741 0.8753978587962963 0.1158275462962961 0.1802734374999999
0 0.5475188078703703 0.8643663194444444 0.10320457175925934 0.21369357638888875
0 0.4296947337962963 0.8811848958333333 0.09509548611111107 0.1918547453703705
0 0.30985966435185186 0.8990813078703703 0.10151909722222219 0.16882233796296298
0 0.1935329861111111 0.9070601851851852 0.10318287037037038 0.16404079861111098
0 0.010438368055555557 0.8986183449074074 0.020876736111111113 0.20178674768518512
0 0.118298615234375 0.990793294921875 0.149973552734375 0.8231638515625 0.070713333984375 0.817633830078125 0.01860318359375 0.9959626875 0.118298615234375 0.990793294921875
0 0 0.38887946484375 0.042623798828125 0.328671728515625 0.051654107421875 0.27680290234375 0.042040634765625 0.237995048828125 0.0054274140625 0.209657857421875 0 0.2177486484375 0 0.38887946484375
0 0.089314048828125 0.106894802734375 0.056775783203125 0.247813470703125 0.0426683125 0.37099932421875 0.116254775390625 0.36416015625 0.149725724609375 0.129610166015625 0.089314048828125 0.106894802734375
0 0.16926740234375 0.127250083984375 0.143435033203125 0.264484998046875 0.126946603515625 0.384770779296875 0.202419884765625 0.374810203125 0.233599740234375 0.135843650390625 0.16926740234375 0.127250083984375
0 0.288001041015625 0.38095512890625 0.318147888671875 0.116341845703125 0.248252357421875 0.112265228515625 0.20578907421875 0.3897532890625 0.288001041015625 0.38095512890625
0 0.37272865234375 0.387144310546875 0.397259947265625 0.116775056640625 0.323275236328125 0.11245865625 0.2943351875 0.403303451171875 0.37272865234375 0.387144310546875
0 0.51171875 0.236328125 0.08605324074074083 0.26927083333333335
0 0.882391587890625 0.355590810546875 0.864873669921875 0.076819421875 0.789056640625 0.09511286328125 0.803414171875 0.367244828125 0.882391587890625 0.355590810546875
1 0.9541362734375 0.336752888671875 0.939222666015625 0.186347962890625 0.872765373046875 0.19422111328125 0.880819400390625 0.339042716796875 0.9541362734375 0.336752888671875
1 0.795642474609375 0.340435724609375 0.7896240546875 0.183522462890625 0.7124528515625 0.186199607421875 0.71226259765625 0.340223765625 0.795642474609375 0.340435724609375
1 0.7111394140625 0.344817365234375 0.71280308984375 0.187505771484375 0.635045013671875 0.187491013671875 0.62919708203125 0.3490662265625 0.7111394140625 0.344817365234375
1 0.63008166015625 0.34809974609375 0.635159611328125 0.1906111171875 0.5571928046875 0.183360791015625 0.549172595703125 0.349271541015625 0.63008166015625 0.34809974609375
1 0.466736080078125 0.34749887890625 0.4806193125 0.18501827734375 0.401528205078125 0.1873487890625 0.381559201171875 0.34889188671875 0.466736080078125 0.34749887890625