0 0.0908203125 0.22727864583333332 0.09531250000000002 0.2630208333333333
0 0.178125 0.23020833333333335 0.0888671875 0.2684244791666667
0 0.26217447916666664 0.23821614583333334 0.09752604166666667 0.281640625
0 0.3486328125 0.22467447916666666 0.09251302083333335 0.3085286458333334
0 0.5147786458333333 0.22623697916666666 0.09368489583333339 0.2677734375
0 0.8391927083333333 0.18710937500000002 0.10924479166666679 0.26783854166666665
0 0 0.366844103515625 0.060341759765625 0.267589546875 0.012732927734375 0.173111572265625 0 0.20116922265625 0 0.366844103515625
0 0 0.982765041015625 0.03987996484375 0.79222032421875 0 0.78945798828125 0 0.982765041015625
0 0.117035634765625 0.9877531796875 0.139776388671875 0.802142953125 0.065912611328125 0.790484814453125 0.015659689453125 0.986215279296875 0.117035634765625 0.9877531796875
0 0.236786037109375 0.9797698203125 0.257992021484375 0.801631921875 0.1643976484375 0.806029001953125 0.13578700390625 0.980972224609375 0.236786037109375 0.9797698203125
0 0.352371271484375 0.97206413671875 0.3623696640625 0.790988322265625 0.27202258984375 0.7933265390625 0.251782375 0.9677083359375 0.352371271484375 0.97206413671875
0 0.46298640625 0.961159400390625 0.477106119140625 0.76491437109375 0.38908839453125 0.763412296875 0.373657375 0.9595833359375 0.46298640625 0.961159400390625
0 0.58250049609375 0.956722189453125 0.59056926953125 0.71128798828125 0.509964119140625 0.7074491953125 0.487534689453125 0.9547569453125 0.58250049609375 0.956722189453125
0 0.6949618046875 0.94922476953125 0.68438072265625 0.765835998046875 0.609283130859375 0.772685048828125 0.605729134765625 0.95517361328125 0.6949618046875 0.94922476953125
0 0.800134017578125 0.942213287109375 0.788689169921875 0.771779576171875 0.72008619921875 0.7745105625 0.715659689453125 0.93954861328125 0.800134017578125 0.942213287109375
1 0.4341796875 0.23938802083333333 0.09440104166666674 0.24934895833333337
1 0.58984375 0.23776041666666667 0.09440104166666674 0.23476562500000003
1 0.6710286458333333 0.23040364583333334 0.0961588541666667 0.2465494791666667
1 0.7533854166666667 0.22005208333333331 0.09342447916666652 0.22011718749999998
1 0.9184244791666667 0.20904947916666666 0.10585937500000009 0.21705729166666665