0 0.115234375 0.21484375 0.0791015625 0.2568359375
0 0.197265625 0.2255859375 0.06640625 0.2607421875
0 0.28515625 0.232421875 0.076171875 0.26953125
0 0.3701171875 0.2451171875 0.083984375 0.2783203125
0 0.5322265625 0.2421875 0.0703125 0.2568359375
0 0.859375 0.236328125 0.0927734375 0.2666015625
0 0 0.408333333984375 0.0826953515625 0.282078482421875 0.03375383984375 0.161782078125 0 0.206199201171875 0 0.408333333984375
0 0.064993140625 1 0.1066454140625 0.7817711328125 0.00052080078125 0.775 0.001473294921875 1 0.064993140625 1
0 0.1826609609375 1 0.210776287109375 0.79472609765625 0.13163681640625 0.789173958984375 0.09114580078125 0.991666666015625 0.1826609609375 1
0 0.311783234375 0.99645384375 0.3180310859375 0.807681064453125 0.2305611796875 0.7928754140625 0.20677080078125 0.991666666015625 0.311783234375 0.99645384375
0 0.4294510546875 1 0.42840971484375 0.80027823828125 0.3336507109375 0.7928754140625 0.33333330078125 0.99722222265625 0.4294510546875 1
0 0.53982977734375 1 0.534623171875 0.79472609765625 0.455483796875 0.787323271484375 0.45052080078125 0.988888888671875 0.53982977734375 1
0 0.654373671875 1 0.643960556640625 0.75771180078125 0.558573330078125 0.7540104296875 0.56458330078125 0.986111111328125 0.654373671875 1
0 0.765793640625 1 0.74496750390625 0.789173958984375 0.674158564453125 0.787323271484375 0.68353033984375 0.99645384375 0.765793640625 1
0 0.87825494921875 1 0.85638747265625 0.7928754140625 0.781413267578125 0.7984275546875 0.78802080078125 1 0.87825494921875 1
1 0.4580078125 0.25390625 0.078125 0.234375
1 0.6181640625 0.259765625 0.08203125 0.2255859375
1 0.69921875 0.2646484375 0.078125 0.201171875
1 0.78125 0.2568359375 0.0771484375 0.205078125
1 0.943359375 0.263671875 0.080078125 0.1962890625