0 0.521875 0 0.521875 0.0305555546875 0.5890625 0.033333333984375 0.5890625 0 0.521875 0
1 0.5828125 0 0.5828125 0.02222222265625 0.6546875 0.02222222265625 0.6578125 0 0.5828125 0
1 0.724330357421875 0.03174603125 0.724330357421875 0.001984126953125 0.65959821484375 0 0.65959821484375 0.033730158203125 0.724330357421875 0.03174603125
1 0.796875 0.02777777734375 0.79352678515625 0.001984126953125 0.7265625 0 0.728794642578125 0.02777777734375 0.796875 0.02777777734375
1 0.869419642578125 0.03571428515625 0.86383928515625 0.00396825390625 0.79352678515625 0 0.80133928515625 0.037698412109375 0.869419642578125 0.03571428515625
1 0.87165178515625 0.039682541015625 0.9386160703125 0.039682541015625 0.931919642578125 0.005952380859375 0.872767857421875 0 0.864955357421875 0.001984126953125 0.87165178515625 0.039682541015625
1 0.9051339296875 0.39484126953125 0.986607142578125 0.39484126953125 0.9609375 0.244047619140625 0.89397321484375 0.244047619140625 0.9051339296875 0.39484126953125
1 0.732142857421875 0.2420634921875 0.7433035703125 0.390873015625 0.82366071484375 0.388888888671875 0.80915178515625 0.240079365234375 0.732142857421875 0.2420634921875
1 0.65178571484375 0.23809523828125 0.65959821484375 0.388888888671875 0.736607142578125 0.392857142578125 0.7276785703125 0.240079365234375 0.65178571484375 0.23809523828125
1 0.578125 0.22420634765625 0.57477678515625 0.388888888671875 0.6551339296875 0.388888888671875 0.650669642578125 0.232142857421875 0.578125 0.22420634765625
1 0.41741071484375 0.21428571484375 0.4073660703125 0.373015873046875 0.4910714296875 0.38690476171875 0.497767857421875 0.22420634765625 0.41741071484375 0.21428571484375
0 0.8370535703125 0.40079365234375 0.9140625 0.3988095234375 0.88616071484375 0.146825396484375 0.8125 0.146825396484375 0.8370535703125 0.40079365234375
0 0.4988839296875 0.396825396484375 0.56584821484375 0.40277777734375 0.5691964296875 0.162698412109375 0.5066964296875 0.15277777734375 0.4988839296875 0.396825396484375
0 0.3203125 0.404761904296875 0.392857142578125 0.42460317578125 0.40959821484375 0.146825396484375 0.3448660703125 0.142857142578125 0.3203125 0.404761904296875
0 0.265625 0.134920634765625 0.236607142578125 0.390873015625 0.3113839296875 0.408730158203125 0.3270089296875 0.146825396484375 0.265625 0.134920634765625
0 0.15290178515625 0.369047619140625 0.224330357421875 0.3829365078125 0.244419642578125 0.15674603125 0.177455357421875 0.138888888671875 0.15290178515625 0.369047619140625
0 0.10491071484375 0.126984126953125 0.0625 0.34722222265625 0.1316964296875 0.380952380859375 0.16741071484375 0.146825396484375 0.10491071484375 0.126984126953125
0 0.03571428515625 0.21825396875 0 0.263888888671875 0.002232142578125 0.440476189453125 0.0792410703125 0.3035714296875 0.03571428515625 0.21825396875
0 0.0558035703125 1 0.0848214296875 0.833333333984375 0 0.811507935546875 0 1 0.0558035703125 1
0 0.1785714296875 1 0.2020089296875 0.8511904765625 0.1171875 0.835317458984375 0.0848214296875 1 0.1785714296875 1
0 0.203125 0.99603174609375 0.296875 0.99603174609375 0.310267857421875 0.86309523828125 0.2198660703125 0.8511904765625 0.203125 0.99603174609375
0 0.32477678515625 0.998015873046875 0.40959821484375 0.998015873046875 0.416294642578125 0.853174603515625 0.328125 0.84722222265625 0.32477678515625 0.998015873046875
0 0.5301339296875 1 0.5234375 0.83134920703125 0.44866071484375 0.829365080078125 0.44866071484375 1 0.5301339296875 1
0 0.64397321484375 0.994047619140625 0.63727678515625 0.79365079296875 0.556919642578125 0.79960317578125 0.560267857421875 1 0.64397321484375 0.994047619140625
0 0.7578125 1 0.74665178515625 0.841269841796875 0.671875 0.84325396875 0.6796875 1 0.7578125 1
0 0.864955357421875 1 0.845982142578125 0.859126984375 0.77678571484375 0.861111111328125 0.7957589296875 1 0.864955357421875 1