1 0.001983025390625 0.613078703125 0.021963734375 0.767418982421875 0.089212962890625 0.76115740625 0.074166666015625 0.595462962890625 0.001983025390625 0.613078703125
0 0.07704475390625 0.606412037109375 0.104054783203125 0.865821759765625 0.17780092578125 0.848125 0.153854166015625 0.591331017578125 0.07704475390625 0.606412037109375
1 0.245733025390625 0.600439814453125 0.162920525390625 0.604733796875 0.17315586328125 0.7762268515625 0.252905091796875 0.769317130859375 0.245733025390625 0.600439814453125
1 0.24579475390625 0.597662037109375 0.254282408203125 0.777569443359375 0.3385956796875 0.77597222265625 0.334672068359375 0.60137731640625 0.24579475390625 0.597662037109375
1 0.336234568359375 0.601296296875 0.33878086328125 0.767638888671875 0.40753086328125 0.76407407421875 0.411358025390625 0.5918518515625 0.336234568359375 0.601296296875
0 0.42391975390625 0.58842592578125 0.416925154296875 0.832951388671875 0.479301697265625 0.835266203125 0.492608025390625 0.587638888671875 0.42391975390625 0.58842592578125
1 0.49242283984375 0.59597222265625 0.485532408203125 0.765578703125 0.561847994140625 0.77271990625 0.578298611328125 0.594293982421875 0.49242283984375 0.59597222265625
0 0.589791666015625 0.5687268515625 0.568487654296875 0.825092591796875 0.64330246875 0.829537037109375 0.673981482421875 0.572685185546875 0.589791666015625 0.5687268515625
0 0.678730708984375 0.5696643515625 0.651300154296875 0.820798609375 0.71974151171875 0.831122685546875 0.75023533984375 0.58260416796875 0.678730708984375 0.5696643515625
0 0.76586033984375 0.581793982421875 0.732673611328125 0.811030091796875 0.797928240234375 0.82429398046875 0.83411651171875 0.600451390625 0.76586033984375 0.581793982421875
0 0.856300154296875 0.585428240234375 0.82298996875 0.82021990625 0.874243828125 0.831435185546875 0.92130787109375 0.6098032421875 0.856300154296875 0.585428240234375
0 0.987098765625 0.528703703125 0.90594907421875 0.668865740234375 0.94940972265625 0.749849537109375 0.9833950625 0.69537037109375 0.987098765625 0.528703703125
0 0.929271509765625 0 0.910050154296875 0.133159720703125 0.9924305546875 0.148310185546875 0.998039140625 0 0.929271509765625 0
0 0.8112919921875 0 0.793233025390625 0.122569443359375 0.872550154296875 0.135104166015625 0.906029189453125 0 0.8112919921875 0
0 0.701495666015625 0 0.69047839453125 0.11125 0.7700424375 0.112673611328125 0.788541765625 0 0.701495666015625 0
0 0.59408016015625 0 0.588854166015625 0.119293982421875 0.669918982421875 0.1234143515625 0.67387740234375 0 0.59408016015625 0
0 0.477791818359375 0 0.4757368828125 0.152905091796875 0.55086033984375 0.1434606484375 0.555391095703125 0 0.477791818359375 0
0 0.354747990234375 0 0.35762345703125 0.2006481484375 0.445185185546875 0.19333333203125 0.445298916015625 0 0.354747990234375 0
0 0.239510373046875 0 0.247797068359375 0.156400462890625 0.32766975390625 0.143935185546875 0.323756234375 0 0.239510373046875 0
0 0.13945934375 0 0.1544174375 0.14459490625 0.22329089453125 0.135474537109375 0.2205441171875 0 0.13945934375 0