0 0.8739583333333334 0.7822265625 0.07791521990740735 0.2353515625
0 0.7918764467592593 0.775390625 0.07594762731481475 0.2333984375
0 0.7098451967592592 0.775390625 0.07912326388888902 0.2666015625
0 0.6208695023148149 0.7607421875 0.07926793981481484 0.2861328125
0 0.45880353009259256 0.7666015625 0.07021122685185177 0.25
0 0.1326388888888889 0.767578125 0.08980758101851849 0.2587890625
0 1 0.624909212890625 0.997406154296875 0.563888888671875 0.901947248046875 0.738279392578125 0.945353728515625 0.83451646875 1 0.764018458984375 1 0.624909212890625
0 0.923552498046875 0 0.89199796875 0.238586744140625 1 0.2470782421875 1 0.110220455078125 0.998526705078125 0 0.923552498046875 0
0 0.855524693359375 0.2348852890625 0.90272765625 0.016666666015625 0.7975541484375 0 0.78357844921875 0.22193032421875 0.855524693359375 0.2348852890625
0 0.75750467578125 0.216378181640625 0.774540927734375 0.008333333984375 0.6819689140625 0 0.6741588125 0.210826041015625 0.75750467578125 0.216378181640625
0 0.565342435546875 0 0.561628958984375 0.2015724453125 0.654387724609375 0.212676728515625 0.663685732421875 0.0194444453125 0.672597138671875 0 0.565342435546875 0
0 0.52890913671875 0.00169538671875 0.4549637109375 0 0.457553015625 0.208975357421875 0.532554640625 0.212676728515625 0.533998232421875 0.0194444453125 0.52890913671875 0.00169538671875
0 0.424505263671875 0.2459895703125 0.426062275390625 0.00277777734375 0.334171966796875 0 0.349448802734375 0.2348852890625 0.424505263671875 0.2459895703125
0 0.315880203125 0.2015724453125 0.31362400390625 0.011111111328125 0.2237932421875 0 0.24503013671875 0.1960203046875 0.315880203125 0.2015724453125
0 0.11341451953125 0 0.136624326171875 0.181214654296875 0.213708630859375 0.184916025390625 0.20260419921875 0 0.11341451953125 0
1 0.5357783564814815 0.7431640625 0.08561197916666652 0.2197265625
1 0.3765625 0.73828125 0.07982494212962954 0.2294921875
1 0.2964409722222222 0.732421875 0.08166232638888893 0.2138671875
1 0.2153790509259259 0.7314453125 0.0766276041666667 0.193359375
1 0.051359953703703706 0.7373046875 0.07779947916666666 0.2197265625