1 0.934207818359375 0.78527777734375 0.96184413671875 0.630208333984375 0.888612396484375 0.62302083203125 0.8673289609375 0.775451388671875 0.934207818359375 0.78527777734375
0 0.88174511328125 0.639548611328125 0.816428755859375 0.6297569453125 0.777790638671875 0.870763888671875 0.843004115234375 0.883333333984375 0.88174511328125 0.639548611328125
1 0.777443416015625 0.795694443359375 0.79580761328125 0.637638890625 0.711638375 0.630208333984375 0.696193416015625 0.793888888671875 0.777443416015625 0.795694443359375
1 0.714248970703125 0.644166666015625 0.6346643515625 0.6396180546875 0.6177597734375 0.800486111328125 0.700469392578125 0.805104166015625 0.714248970703125 0.644166666015625
1 0.63289608984375 0.645138888671875 0.554873970703125 0.640625 0.544630916015625 0.79052083203125 0.62421553515625 0.795069443359375 0.63289608984375 0.645138888671875
0 0.534143517578125 0.8625694453125 0.543197015625 0.618125 0.469450875 0.624826388671875 0.470923353515625 0.880625 0.534143517578125 0.8625694453125
1 0.462892232421875 0.633020833984375 0.387480708984375 0.642465279296875 0.387763630859375 0.803715279296875 0.464531892578125 0.799861111328125 0.462892232421875 0.633020833984375
0 0.3732960390625 0.60322916796875 0.304237396484375 0.61003472265625 0.30560699609375 0.868611111328125 0.380915638671875 0.861944443359375 0.3732960390625 0.60322916796875
0 0.294463734375 0.873923611328125 0.28715277734375 0.606875 0.208204732421875 0.627361111328125 0.23175797265625 0.87809027734375 0.294463734375 0.873923611328125
0 0.215084876953125 0.8638194453125 0.19424511328125 0.624270833984375 0.1230066875 0.647708333984375 0.15832047265625 0.876458333984375 0.215084876953125 0.8638194453125
0 0.100392232421875 0.62496527734375 0.044573044921875 0.6543055546875 0.06853780859375 0.893923611328125 0.128838734375 0.8702430546875 0.100392232421875 0.62496527734375
0 0 0.8059644609375 0.053247169921875 0.71565972265625 0 0.613059228515625 0 0.8059644609375
0 0 0.192689408203125 0.0764338984375 0.1740625 0.053125 0.0011805546875 0.003125 0.0000694453125 0 0.058890271484375 0 0.192689408203125
0 0.0828125 0.00184027734375 0.116956017578125 0.1777430546875 0.197157921875 0.165625 0.1734375 0.003854166015625 0.0828125 0.00184027734375
0 0.215805041015625 0.168819443359375 0.29454732421875 0.153888888671875 0.288959619140625 0.009201388671875 0.2046875 0.004548611328125 0.215805041015625 0.168819443359375
0 0.3234375 0.0071875 0.320698302734375 0.165590279296875 0.40673868359375 0.164722220703125 0.4125 0.009166666015625 0.3234375 0.0071875
0 0.44666923828125 0.015486109375 0.4401877578125 0.190486109375 0.513316615234375 0.200451388671875 0.524897119140625 0.014444443359375 0.44666923828125 0.015486109375
0 0.559375 0.0124305546875 0.54666280859375 0.2289930546875 0.627809927734375 0.233576390625 0.645209619140625 0.0171180546875 0.559375 0.0124305546875
0 0.678125 0.0150694453125 0.662474279296875 0.184305556640625 0.737680041015625 0.180416666015625 0.759375 0.016875 0.678125 0.0150694453125
0 0.7875 0.0175 0.76767618359375 0.1727430546875 0.833198302734375 0.17697916796875 0.8671875 0.019270833984375 0.7875 0.0175