0 0.5083333333333333 0.9794270833333334 0.058723958333333215 0.017881944444444464
1 0.4458333333333333 0.9808159722222223 0.06875000000000009 0.022005208333333304
1 0.3745442708333333 0.9824001736111111 0.06875000000000009 0.022005208333333304
1 0.3071614583333333 0.9838975694444445 0.0658854166666667 0.022916666666666696
1 0.23736979166666666 0.9786024305555556 0.07265624999999998 0.03671874999999991
1 0.16184895833333335 0.975390625 0.07656249999999998 0.036805555555555536
1 0.131269291015625 0.599826388671875 0.054446373046875 0.601533564453125 0.086458333984375 0.749189814453125 0.15546875 0.74765625 0.131269291015625 0.599826388671875
0 0.12782600390625 0.60685763671875 0.1799575625 0.860706017578125 0.2468942890625 0.847627314453125 0.201118828125 0.591319443359375 0.12782600390625 0.60685763671875
1 0.217361111328125 0.60023148046875 0.244936341796875 0.759577546875 0.321913580078125 0.7601851875 0.299083720703125 0.593778935546875 0.217361111328125 0.60023148046875
1 0.30376157421875 0.605266203125 0.321074458984375 0.767158564453125 0.401957947265625 0.7676793984375 0.38579282421875 0.603443287109375 0.30376157421875 0.605266203125
1 0.387249228515625 0.605729166015625 0.400655865234375 0.767708333984375 0.476022375 0.76371527734375 0.463454861328125 0.59476273046875 0.387249228515625 0.605729166015625
0 0.480227623046875 0.592071759765625 0.4944444453125 0.844444443359375 0.548138501953125 0.84788773046875 0.54387538671875 0.58833912109375 0.480227623046875 0.592071759765625
1 0.552314814453125 0.773611111328125 0.630439814453125 0.771875 0.630881009765625 0.60715937890625 0.546412037109375 0.606828703125 0.552314814453125 0.773611111328125
0 0.717206791015625 0.5868055546875 0.64168595703125 0.588483796875 0.64402970703125 0.838802083984375 0.71626157421875 0.846469908203125 0.717206791015625 0.5868055546875
0 0.8066743828125 0.5987268515625 0.72387152734375 0.588975693359375 0.724450232421875 0.83237847265625 0.800588349609375 0.8399594921875 0.8066743828125 0.5987268515625
0 0.826514275390625 0.602922455078125 0.812683255859375 0.825781251953125 0.86860532421875 0.843084490234375 0.89347029296875 0.62925347265625 0.826514275390625 0.602922455078125
0 0.909471451171875 0.61498842578125 0.889592978515625 0.844936341796875 0.958535880859375 0.861950232421875 0.980864197265625 0.62962962890625 0.909471451171875 0.61498842578125
0 1 0.627436767578125 0.96711033984375 0.697164353515625 1 0.747444521484375 1 0.627436767578125
0 0.94464325 0 0.931375384765625 0.141579861328125 1 0.167796376953125 1 0 0.94464325 0
0 0.82482586328125 0 0.81065779296875 0.130353009765625 0.88427855078125 0.158854166015625 0.914663900390625 0 0.82482586328125 0
0 0.71302453125 0 0.707021603515625 0.121064814453125 0.788676697265625 0.13315972265625 0.793831490234375 0 0.71302453125 0
0 0.59417257421875 0 0.598572529296875 0.137384259765625 0.682368826171875 0.1424768515625 0.676462177734375 0 0.59417257421875 0
0 0.47228861328125 0 0.486834490234375 0.16304976953125 0.563503087890625 0.15902777734375 0.552901234375 0 0.47228861328125 0
0 0.35372746875 0 0.376022375 0.202604166015625 0.460040509765625 0.19146412109375 0.442314388671875 0 0.35372746875 0
0 0.244260447265625 0 0.26554783984375 0.149421296875 0.3409143515625 0.145428240234375 0.32376297265625 0 0.244260447265625 0
0 0.13728110546875 0 0.163213734375 0.140104166015625 0.240036650390625 0.138396990234375 0.219472310546875 0 0.13728110546875 0