0 0.1573660703125 0.27579365234375 0.09709821484375 0.263888888671875 0.07477678515625 0.408730158203125 0.135044642578125 0.414682541015625 0.1573660703125 0.27579365234375
0 0.22321428515625 0.263888888671875 0.1640625 0.251984126953125 0.142857142578125 0.4464285703125 0.20647321484375 0.45039682421875 0.22321428515625 0.263888888671875
0 0.2890625 0.265873015625 0.2354910703125 0.259920634765625 0.224330357421875 0.436507935546875 0.28571428515625 0.438492064453125 0.2890625 0.265873015625
1 0.3660714296875 0.3055555546875 0.30133928515625 0.3055555546875 0.2957589296875 0.420634919921875 0.3671875 0.420634919921875 0.3660714296875 0.3055555546875
0 0.43415178515625 0.432539681640625 0.421875 0.267857142578125 0.377232142578125 0.267857142578125 0.3738839296875 0.267857142578125 0.3761160703125 0.438492064453125 0.43415178515625 0.432539681640625
1 0.48883928515625 0.313492064453125 0.43303571484375 0.315476189453125 0.439732142578125 0.42460317578125 0.4988839296875 0.41865079296875 0.48883928515625 0.313492064453125
1 0.549107142578125 0.317460318359375 0.48883928515625 0.317460318359375 0.50334821484375 0.422619046875 0.5625 0.414682541015625 0.549107142578125 0.317460318359375
1 0.6104910703125 0.3194444453125 0.55133928515625 0.3194444453125 0.564732142578125 0.41865079296875 0.62834821484375 0.412698412109375 0.6104910703125 0.3194444453125
1 0.66741071484375 0.317460318359375 0.611607142578125 0.317460318359375 0.62834821484375 0.41865079296875 0.689732142578125 0.416666666015625 0.66741071484375 0.317460318359375
1 0.724330357421875 0.315476189453125 0.66741071484375 0.3194444453125 0.69084821484375 0.412698412109375 0.7511160703125 0.408730158203125 0.724330357421875 0.315476189453125
1 0.77790178515625 0.3214285703125 0.7265625 0.3214285703125 0.7511160703125 0.40674603125 0.80803571484375 0.408730158203125 0.77790178515625 0.3214285703125
1 0.83147321484375 0.315476189453125 0.7801339296875 0.3194444453125 0.8113839296875 0.408730158203125 0.8660714296875 0.408730158203125 0.83147321484375 0.315476189453125
1 0.88616071484375 0.313492064453125 0.8348214296875 0.313492064453125 0.864955357421875 0.40674603125 0.921875 0.404761904296875 0.88616071484375 0.313492064453125
1 0.94196428515625 0.3194444453125 0.8917410703125 0.315476189453125 0.924107142578125 0.404761904296875 0.974330357421875 0.40277777734375 0.94196428515625 0.3194444453125
1 0.99665178515625 0.315476189453125 0.9441964296875 0.315476189453125 0.9776785703125 0.40079365234375 1 0.40079365234375 0.99665178515625 0.315476189453125
1 1 0.62103174609375 0.986607142578125 0.58928571484375 0.921875 0.595238095703125 0.96875 0.720238095703125 1 0.71428571484375 1 0.62103174609375
1 0.8582589296875 0.59325396875 0.8995535703125 0.728174603515625 0.966517857421875 0.72222222265625 0.9207589296875 0.58928571484375 0.8582589296875 0.59325396875
1 0.7957589296875 0.6011904765625 0.8270089296875 0.73015873046875 0.8984375 0.72420634765625 0.857142857421875 0.59325396875 0.7957589296875 0.6011904765625
1 0.7332589296875 0.611111111328125 0.755580357421875 0.740079365234375 0.828125 0.73015873046875 0.79352678515625 0.59920634765625 0.7332589296875 0.611111111328125
0 0.6473214296875 0.51984126953125 0.697544642578125 0.755952380859375 0.7566964296875 0.734126984375 0.7042410703125 0.50396825390625 0.6473214296875 0.51984126953125
1 0.583705357421875 0.607142857421875 0.6015625 0.759920634765625 0.6808035703125 0.748015873046875 0.65290178515625 0.6011904765625 0.583705357421875 0.607142857421875
1 0.510044642578125 0.611111111328125 0.525669642578125 0.765873015625 0.599330357421875 0.755952380859375 0.583705357421875 0.60515873046875 0.510044642578125 0.611111111328125
1 0.4363839296875 0.6170634921875 0.443080357421875 0.76984126953125 0.5234375 0.759920634765625 0.51116071484375 0.609126984375 0.4363839296875 0.6170634921875
0 0.369419642578125 0.54960317578125 0.37053571484375 0.79960317578125 0.427455357421875 0.78571428515625 0.41852678515625 0.54960317578125 0.369419642578125 0.54960317578125
1 0.27790178515625 0.619047619140625 0.26897321484375 0.78571428515625 0.357142857421875 0.77777777734375 0.357142857421875 0.619047619140625 0.27790178515625 0.619047619140625
0 0.197544642578125 0.561507935546875 0.171875 0.829365080078125 0.252232142578125 0.841269841796875 0.26897321484375 0.563492064453125 0.197544642578125 0.561507935546875
0 0.114955357421875 0.565476189453125 0.080357142578125 0.82341269921875 0.161830357421875 0.84325396875 0.1863839296875 0.5694444453125 0.114955357421875 0.565476189453125
0 0.0234375 0.585317458984375 0 0.815476189453125 0.0625 0.841269841796875 0.095982142578125 0.591269841796875 0.0234375 0.585317458984375