1 0.9600823046875 0.229012345703125 0.8897698046875 0.2295331796875 0.907811427734375 0.379870755859375 0.9846514921875 0.38161651171875 0.9600823046875 0.229012345703125
0 0.804397076171875 0.1306230703125 0.831039951171875 0.3873842578125 0.90649219921875 0.377565587890625 0.874658134765625 0.12315779296875 0.804397076171875 0.1306230703125
1 0.72822573828125 0.219155091796875 0.73982553125 0.378800154296875 0.82576303125 0.378163580078125 0.807687115234375 0.223196373046875 0.72822573828125 0.219155091796875
1 0.647445130859375 0.212808642578125 0.65385373828125 0.37480709765625 0.738540595703125 0.381124615234375 0.72558727734375 0.214544751953125 0.647445130859375 0.212808642578125
1 0.650049296875 0.212789353515625 0.573192087890625 0.20872878125 0.57314171875 0.377719908203125 0.651283865234375 0.37945601953125 0.650049296875 0.212789353515625
0 0.501045953125 0.137500001953125 0.49505101171875 0.382928240234375 0.56145726171875 0.382436341796875 0.55967399609375 0.1416956015625 0.501045953125 0.137500001953125
1 0.41690779296875 0.20525655859375 0.409044923828125 0.3743055546875 0.48982553125 0.380652005859375 0.495084234375 0.211622298828125 0.41690779296875 0.20525655859375
0 0.336932013671875 0.131770833984375 0.31673418359375 0.393508875 0.39492776953125 0.4021894296875 0.407313099609375 0.1405092578125 0.336932013671875 0.131770833984375
0 0.257487783203125 0.1300443671875 0.233280822265625 0.377922453125 0.31407857421875 0.38658371875 0.326566787109375 0.138792439453125 0.257487783203125 0.1300443671875
0 0.17550797265625 0.137596451171875 0.149827458984375 0.362336033203125 0.22414908984375 0.375675154296875 0.24199995703125 0.148678626953125 0.17550797265625 0.137596451171875
0 0.092037466796875 0.119695216796875 0.058527306640625 0.34217785546875 0.14078146484375 0.37166280859375 0.159745798828125 0.119193673828125 0.092037466796875 0.119695216796875
0 0.003172154296875 0.428240740234375 0.075060013671875 0.288811728515625 0.030171896484375 0.205806326171875 0.001783265625 0.240740740234375 0.003172154296875 0.428240740234375
0 0.780888080078125 0.849421296875 0.793121693359375 0.99417989453125 0.871217298828125 0.9896329375 0.852272560546875 0.8429398125 0.780888080078125 0.849421296875
0 0.671454291015625 0.842294974609375 0.684862765625 0.9949818125 0.764074443359375 0.990426587890625 0.748389734375 0.83180390234375 0.671454291015625 0.842294974609375
0 0.556116806640625 0.791559193359375 0.566559193359375 0.995858134765625 0.651351228515625 0.99126157421875 0.642054306640625 0.790922619140625 0.556116806640625 0.791559193359375
0 0.450295783203125 0.82012235546875 0.451603837890625 0.99670965625 0.53529449609375 0.994105490234375 0.529536853515625 0.819535384765625 0.450295783203125 0.82012235546875
0 0.333255255859375 0.8408316796875 0.32995205078125 0.99761078125 0.40917842578125 0.995039681640625 0.416990005859375 0.84417989453125 0.333255255859375 0.8408316796875
0 0.29088955078125 0.9979001328125 0.3054122578125 0.8489748671875 0.227184376953125 0.83566468359375 0.20602403125 0.99257605859375 0.29088955078125 0.9979001328125
0 0.125533693359375 0.824512234375 0.084416337890625 0.999429564453125 0.17480342578125 0.99677579296875 0.21273423828125 0.8437086640625 0.125533693359375 0.824512234375
0 0.050934193359375 0.999677580078125 0.084194958984375 0.8188657421875 0.005981775390625 0.807539681640625 0.007407408203125 1 0.050934193359375 0.999677580078125