0 0.11563223379629631 0.22876880787037035 0.0866970486111111 0.25209780092592593
0 0.1947771990740741 0.23462818287037038 0.07293836805555554 0.24573206018518517
0 0.28177806712962966 0.2437065972222222 0.08410011574074072 0.2744502314814815
0 0.37169415509259257 0.25191695601851855 0.08329716435185186 0.2861328125
0 0.5347945601851852 0.25893373842592593 0.0810546875 0.266529224537037
0 0.8579499421296296 0.2650462962962963 0.08892505787037042 0.27072482638888884
0 0.035218990234375 0.170396478515625 0.003082220703125 0.20804988671875 0.0095717265625 0.400135029296875 0.08254451953125 0.273882724609375 0.035218990234375 0.170396478515625
0 0.084204103515625 1 0.102744669921875 0.79439596875 0.011481482421875 0.775 0.014814814453125 1 0.084204103515625 1
0 0.191912447265625 1 0.2112875703125 0.815063357421875 0.13521719140625 0.80854659765625 0.1018315078125 1 0.191912447265625 1
0 0.315475494140625 1 0.320707208984375 0.82466503125 0.238471232421875 0.8234690078125 0.218337158203125 0.999209103515625 0.224763435546875 1 0.315475494140625 1
0 0.4352033671875 1 0.42681099609375 0.821196037109375 0.349589603515625 0.807237796875 0.33474134765625 1 0.4352033671875 1
0 0.547616626953125 1 0.5400667890625 0.808743416015625 0.460845158203125 0.8002601875 0.46203796875 1 0.547616626953125 1
0 0.665778388671875 1 0.654281763671875 0.79077722265625 0.56878476953125 0.78021190234375 0.56848827734375 1 0.665778388671875 1
0 0.771751337890625 1 0.755782138671875 0.82783105859375 0.6828631953125 0.823280689453125 0.68384501953125 1 0.771751337890625 1
0 0.875453966796875 1 0.85596708984375 0.846339224609375 0.786199490234375 0.843755240234375 0.79496182421875 1 0.875453966796875 1
1 0.4579210069444445 0.2746310763888889 0.08531539351851847 0.22471788194444442
1 0.6132957175925926 0.2872178819444444 0.08023003472222223 0.21086516203703698
1 0.6973524305555555 0.29521122685185186 0.08899016203703702 0.20923755787037035
1 0.7793836805555556 0.2982494212962963 0.0800419560185186 0.19816984953703698
1 0.9404730902777778 0.3012876157407407 0.0869502314814814 0.20330584490740744