0 0.137531830078125 0 0.1566808125 0.145763888671875 0.222285236328125 0.145625 0.213095966796875 0 0.137531830078125 0
0 0.23971977734375 0 0.24882716015625 0.14722222265625 0.330056583984375 0.146388888671875 0.3226033515625 0 0.23971977734375 0
0 0.353371798828125 0 0.356310443359375 0.186875 0.4453523671875 0.185694443359375 0.446727880859375 0 0.353371798828125 0
0 0.470562669921875 0 0.473641974609375 0.16222222265625 0.550204474609375 0.1588194453125 0.552754333984375 0 0.470562669921875 0
0 0.5890917109375 0 0.5816808125 0.126875 0.661265431640625 0.137222220703125 0.67381296484375 0 0.5890917109375 0
0 0.7139699296875 0 0.6957433125 0.1218055546875 0.772285236328125 0.1211805546875 0.78752161328125 0 0.7139699296875 0
0 0.81814740625 0 0.7862860078125 0.128888888671875 0.875266203125 0.136041666015625 0.905141181640625 0 0.81814740625 0
0 0.942437720703125 0 0.91741255078125 0.139722220703125 0.998600822265625 0.144444443359375 0.99967078125 0 0.942437720703125 0
0 0.994178240234375 0.530625 0.916484052734375 0.6868055546875 0.962844650390625 0.75416666796875 0.994423869140625 0.70833333203125 0.994178240234375 0.530625
0 0.929539609375 0.61125 0.857664609375 0.614444443359375 0.826372169921875 0.832430556640625 0.89978909375 0.8319444453125 0.929539609375 0.61125
0 0.840538837890625 0.606875 0.775078447265625 0.5875694453125 0.745245626953125 0.819375 0.809225822265625 0.827638888671875 0.840538837890625 0.606875
0 0.75795267578125 0.58 0.67988940234375 0.575138888671875 0.66076774609375 0.837013888671875 0.73416409375 0.839305556640625 0.75795267578125 0.58
0 0.679909978515625 0.572361111328125 0.603388630859375 0.570208333984375 0.585829474609375 0.832013888671875 0.66076774609375 0.837013888671875 0.679909978515625 0.572361111328125
0 0.5047865234375 0.596805556640625 0.4360365234375 0.599861111328125 0.43428755078125 0.835972220703125 0.4904963984375 0.83902777734375 0.5047865234375 0.596805556640625
0 0.187433126953125 0.844166666015625 0.165785751953125 0.603541666015625 0.089017490234375 0.63472222265625 0.120122169921875 0.8638194453125 0.187433126953125 0.844166666015625
1 0.08607767578125 0.609861111328125 0.01264017578125 0.613125 0.03650848828125 0.764791666015625 0.105320216796875 0.753402779296875 0.08607767578125 0.609861111328125
1 0.17514017578125 0.60590277734375 0.186487912109375 0.760902779296875 0.261487912109375 0.7575694453125 0.251723251953125 0.59972222265625 0.17514017578125 0.60590277734375
1 0.33912037109375 0.60972222265625 0.256287294921875 0.6161805546875 0.263009259765625 0.7630555546875 0.34900848828125 0.75090277734375 0.33912037109375 0.60972222265625
1 0.34076517578125 0.598541666015625 0.34267618359375 0.762291666015625 0.417655607421875 0.761736109375 0.415744599609375 0.597986111328125 0.34076517578125 0.598541666015625
1 0.506287294921875 0.605069443359375 0.498864455078125 0.763680556640625 0.580114455078125 0.7600694453125 0.5921219140625 0.615138888671875 0.506287294921875 0.605069443359375
1 0.197280091796875 0.99090277734375 0.194299125 0.971597220703125 0.127111625 0.97458333203125 0.126967591796875 0.99402777734375 0.197280091796875 0.99090277734375
1 0.12386316796875 0.991388888671875 0.120882201171875 0.97208333203125 0.056819701171875 0.9749305546875 0.062905091796875 0.996875 0.12386316796875 0.991388888671875