0 0.1064453125 0.2431640625 0.0751953125 0.248046875
0 0.1953125 0.2587890625 0.0703125 0.2685546875
0 0.275390625 0.2587890625 0.0810546875 0.2841796875
0 0.3642578125 0.26171875 0.0791015625 0.2705078125
0 0.5322265625 0.2685546875 0.087890625 0.2529296875
0 0.8544921875 0.2646484375 0.09765625 0.263671875
0 0.017092921875 0.18954278125 0 0.25801915234375 0.00052080078125 0.433333333984375 0.074364916015625 0.283929169921875 0.017092921875 0.18954278125
0 0.001473294921875 0.9946032421875 0.066034384765625 1 0.0868606171875 0.80583037890625 0 0.79722222265625 0.001473294921875 0.9946032421875
0 0.181619619140625 1 0.215982796875 0.82248688671875 0.121223794921875 0.80212892578125 0.08020830078125 0.991666666015625 0.181619619140625 1
0 0.298246193359375 0.99645384375 0.31594840625 0.833591166015625 0.229519837890625 0.82248688671875 0.20677080078125 0.986111111328125 0.298246193359375 0.99645384375
0 0.32395830078125 0.988888888671875 0.3138658203125 0.99645384375 0.420079279296875 1 0.412790087890625 0.8261882578125 0.326361521484375 0.81693474609375 0.32395830078125 0.988888888671875
0 0.5387884375 1 0.534623171875 0.807681064453125 0.447153265625 0.809531833984375 0.44739580078125 0.99722222265625 0.5387884375 1
0 0.65020840625 1 0.641877970703125 0.785472501953125 0.550242798828125 0.7817711328125 0.55208330078125 0.991666666015625 0.65020840625 1
0 0.67239580078125 0.99722222265625 0.765793640625 1 0.7439261640625 0.7928754140625 0.688736849609375 0.80583037890625 0.662704107421875 0.80212892578125 0.67239580078125 0.99722222265625
0 0.86680068359375 1 0.837643921875 0.80583037890625 0.7720414921875 0.815083974609375 0.78802080078125 0.991666666015625 0.78870245703125 1 0.86680068359375 1
0 0.51927080078125 0 0.52004488671875 0.03408284375 0.58981258203125 0.0322321171875 0.5887712421875 0 0.51927080078125 0
1 0.4501953125 0.275390625 0.0810546875 0.216796875
1 0.61328125 0.2841796875 0.0810546875 0.1845703125
1 0.6923828125 0.283203125 0.080078125 0.205078125
1 0.7724609375 0.2880859375 0.0849609375 0.1875
1 0.9365234375 0.2900390625 0.0830078125 0.20703125
1 0.576275541015625 0 0.577316880859375 0.03408284375 0.643960556640625 0.03408284375 0.64427080078125 0.00277777734375 0.576275541015625 0
1 0.649167162109375 0 0.65124974609375 0.030381390625 0.71893476171875 0.024829248046875 0.71927080078125 0 0.649167162109375 0
1 0.72310002734375 0 0.72310002734375 0.0266799765625 0.7876611171875 0.024829248046875 0.78802080078125 0 0.72310002734375 0
1 0.786619873046875 0 0.7918263828125 0.0322321171875 0.861594078125 0.028530705078125 0.85989580078125 0 0.786619873046875 0
1 0.92865972265625 0.000627048828125 0.857428908203125 0 0.861594078125 0.030381390625 0.929279189453125 0.028530705078125 0.92865972265625 0.000627048828125