1 0.9609375 0.24603174609375 0.89508928515625 0.251984126953125 0.90290178515625 0.38690476171875 0.98102678515625 0.3829365078125 0.9609375 0.24603174609375
0 0.802455357421875 0.142857142578125 0.8270089296875 0.388888888671875 0.9073660703125 0.380952380859375 0.875 0.1329365078125 0.802455357421875 0.142857142578125
1 0.806919642578125 0.2261904765625 0.7332589296875 0.23015873046875 0.739955357421875 0.380952380859375 0.8203125 0.376984126953125 0.806919642578125 0.2261904765625
1 0.57366071484375 0.220238095703125 0.5714285703125 0.375 0.654017857421875 0.369047619140625 0.650669642578125 0.220238095703125 0.57366071484375 0.220238095703125
1 0.6495535703125 0.22420634765625 0.65625 0.375 0.73883928515625 0.375 0.728794642578125 0.22420634765625 0.6495535703125 0.22420634765625
0 0.5 0.142857142578125 0.4910714296875 0.3829365078125 0.55915178515625 0.3829365078125 0.5613839296875 0.14484126953125 0.5 0.142857142578125
1 0.41852678515625 0.20634920703125 0.40625 0.36309523828125 0.486607142578125 0.375 0.494419642578125 0.21825396875 0.41852678515625 0.20634920703125
0 0.33928571484375 0.134920634765625 0.31584821484375 0.39484126953125 0.392857142578125 0.404761904296875 0.41071428515625 0.142857142578125 0.33928571484375 0.134920634765625
0 0.3292410703125 0.14484126953125 0.26116071484375 0.1329365078125 0.234375 0.392857142578125 0.30915178515625 0.39484126953125 0.3292410703125 0.14484126953125
0 0.177455357421875 0.1329365078125 0.15178571484375 0.3511904765625 0.21428571484375 0.380952380859375 0.2421875 0.15277777734375 0.177455357421875 0.1329365078125
0 0.0948660703125 0.115079365234375 0.05915178515625 0.35515873046875 0.135044642578125 0.373015873046875 0.1573660703125 0.134920634765625 0.0948660703125 0.115079365234375
0 0.0301339296875 0.208333333984375 0 0.25 0.0011160703125 0.420634919921875 0.07366071484375 0.28174603125 0.0301339296875 0.208333333984375
0 0.0011160703125 1 0.056919642578125 0.998015873046875 0.08258928515625 0.83134920703125 0.0011160703125 0.807539681640625 0.0011160703125 1
0 0.169642857421875 1 0.1941964296875 0.83928571484375 0.119419642578125 0.82341269921875 0.0848214296875 1 0.169642857421875 1
0 0.30133928515625 0.853174603515625 0.22991071484375 0.845238095703125 0.2042410703125 1 0.28459821484375 0.998015873046875 0.30133928515625 0.853174603515625
0 0.4129464296875 0.99603174609375 0.416294642578125 0.84325396875 0.330357142578125 0.841269841796875 0.322544642578125 0.994047619140625 0.4129464296875 0.99603174609375
0 0.5234375 1 0.521205357421875 0.82539682421875 0.4453125 0.833333333984375 0.447544642578125 1 0.5234375 1
0 0.6316964296875 0.795634919921875 0.55915178515625 0.79960317578125 0.560267857421875 1 0.642857142578125 0.998015873046875 0.6316964296875 0.795634919921875
0 0.7566964296875 0.998015873046875 0.7433035703125 0.829365080078125 0.6707589296875 0.833333333984375 0.677455357421875 1 0.7566964296875 0.998015873046875
0 0.78571428515625 0.998015873046875 0.8660714296875 0.99603174609375 0.845982142578125 0.845238095703125 0.7745535703125 0.845238095703125 0.78571428515625 0.998015873046875