0 0.9014684606481481 0.7738498263888889 0.09051649305555554 0.25952690972222214
0 0.8208839699074074 0.7658637152777777 0.08364438657407414 0.23986545138888893
0 0.7362919560185185 0.7560112847222222 0.09375 0.265451388888889
0 0.6509765625 0.7510633680555556 0.0917824074074074 0.28394097222222214
0 0.4833116319444445 0.7606553819444445 0.08713107638888884 0.25067274305555554
0 0.16012008101851855 0.7688151041666667 0.1020182291666667 0.2744140625
0 1 0.587845279296875 0.9335263984375 0.714679333984375 0.9778126171875 0.82486595703125 1 0.792172134765625 1 0.587845279296875
0 0.912311951171875 0 0.89284619921875 0.21160927734375 0.984783509765625 0.235506013671875 1 0.182697736328125 1 0 0.912311951171875 0
0 0.7861427109375 0 0.786618392578125 0.19358855859375 0.859605974609375 0.19381943359375 0.89292469140625 0 0.7861427109375 0
0 0.67383027734375 0 0.676033494140625 0.171959033203125 0.758023248046875 0.184959748046875 0.7661124296875 0.00244212890625 0.753142353515625 0 0.67383027734375 0
0 0.565242775390625 0 0.563682494140625 0.196689875 0.656550833984375 0.19833176953125 0.654892283203125 0 0.565242775390625 0
0 0.4400674375 0 0.45766095703125 0.202751544921875 0.54304818359375 0.20085405078125 0.529898728515625 0 0.4400674375 0
0 0.387084689453125 0 0.325271955078125 0.001880515625 0.350242833984375 0.242195560546875 0.432889986328125 0.247770314453125 0.418716251953125 0 0.387084689453125 0
0 0.222038376953125 0 0.240574705078125 0.177930087890625 0.31763149609375 0.17621771484375 0.30546299609375 0.018240740234375 0.227775177734375 0 0.222038376953125 0
0 0.1796793046875 0 0.108679677734375 0.00669367578125 0.14363706640625 0.17823152734375 0.211979568359375 0.169301361328125 0.1966418828125 0 0.1796793046875 0
1 0.5634548611111111 0.7412760416666666 0.08808593750000004 0.21265190972222214
1 0.40151186342592593 0.7292317708333333 0.091333912037037 0.20004340277777777
1 0.3163990162037037 0.7281901041666667 0.09296875000000004 0.21276041666666679
1 0.23344184027777778 0.7310112847222222 0.08757957175925929 0.20288628472222214
1 0.07646846064814816 0.7393880208333333 0.08286313657407407 0.18717447916666674