1 0.9988839296875 0.309523810546875 0.9441964296875 0.313492064453125 0.9832589296875 0.41071428515625 1 0.41071428515625 0.9988839296875 0.309523810546875
1 0.892857142578125 0.3194444453125 0.9308035703125 0.416666666015625 0.982142857421875 0.41071428515625 0.943080357421875 0.3194444453125 0.892857142578125 0.3194444453125
1 0.84040178515625 0.32341269921875 0.87053571484375 0.414682541015625 0.9296875 0.414682541015625 0.892857142578125 0.3214285703125 0.84040178515625 0.32341269921875
1 0.78459821484375 0.32341269921875 0.8136160703125 0.414682541015625 0.8683035703125 0.414682541015625 0.838169642578125 0.329365080078125 0.78459821484375 0.32341269921875
1 0.7276785703125 0.3214285703125 0.755580357421875 0.422619046875 0.8136160703125 0.416666666015625 0.78459821484375 0.32341269921875 0.7276785703125 0.3214285703125
1 0.674107142578125 0.32341269921875 0.6964285703125 0.416666666015625 0.75446428515625 0.416666666015625 0.728794642578125 0.32341269921875 0.674107142578125 0.32341269921875
1 0.611607142578125 0.3214285703125 0.630580357421875 0.422619046875 0.6941964296875 0.416666666015625 0.669642857421875 0.3214285703125 0.611607142578125 0.3214285703125
1 0.5546875 0.3194444453125 0.56696428515625 0.416666666015625 0.630580357421875 0.416666666015625 0.61272321484375 0.3214285703125 0.5546875 0.3194444453125
1 0.4933035703125 0.3214285703125 0.505580357421875 0.41865079296875 0.56584821484375 0.416666666015625 0.5535714296875 0.317460318359375 0.4933035703125 0.3214285703125
1 0.43303571484375 0.32341269921875 0.4386160703125 0.422619046875 0.50334821484375 0.416666666015625 0.494419642578125 0.3214285703125 0.43303571484375 0.32341269921875
0 0.3738839296875 0.26984126953125 0.377232142578125 0.436507935546875 0.4375 0.442460318359375 0.42522321484375 0.271825396484375 0.3738839296875 0.26984126953125
1 0.3035714296875 0.317460318359375 0.30133928515625 0.4305555546875 0.37053571484375 0.4285714296875 0.369419642578125 0.315476189453125 0.3035714296875 0.317460318359375
0 0.2410714296875 0.26190476171875 0.228794642578125 0.432539681640625 0.2890625 0.436507935546875 0.29241071484375 0.267857142578125 0.2410714296875 0.26190476171875
0 0.174107142578125 0.2579365078125 0.14508928515625 0.442460318359375 0.208705357421875 0.45039682421875 0.224330357421875 0.259920634765625 0.174107142578125 0.2579365078125
0 0.1339285703125 0.4305555546875 0.158482142578125 0.271825396484375 0.10602678515625 0.26984126953125 0.078125 0.40674603125 0.0770089296875 0.42658730078125 0.1339285703125 0.4305555546875
0 0.029017857421875 0.57539682421875 0.002232142578125 0.7420634921875 0 0.83134920703125 0.0691964296875 0.835317458984375 0.0926339296875 0.591269841796875 0.029017857421875 0.57539682421875
0 0.1863839296875 0.567460318359375 0.11383928515625 0.57341269921875 0.091517857421875 0.84325396875 0.16852678515625 0.84325396875 0.1863839296875 0.567460318359375
0 0.271205357421875 0.567460318359375 0.19866071484375 0.567460318359375 0.1875 0.83928571484375 0.2566964296875 0.83928571484375 0.271205357421875 0.567460318359375
1 0.361607142578125 0.61309523828125 0.2801339296875 0.626984126953125 0.275669642578125 0.795634919921875 0.364955357421875 0.789682541015625 0.361607142578125 0.61309523828125
0 0.4229910703125 0.55158730078125 0.369419642578125 0.5535714296875 0.37165178515625 0.789682541015625 0.4308035703125 0.789682541015625 0.4229910703125 0.55158730078125
1 0.513392857421875 0.611111111328125 0.4386160703125 0.62103174609375 0.44866071484375 0.7738095234375 0.52678571484375 0.763888888671875 0.513392857421875 0.611111111328125
1 0.5870535703125 0.615079365234375 0.513392857421875 0.62103174609375 0.52790178515625 0.763888888671875 0.6082589296875 0.755952380859375 0.5870535703125 0.615079365234375
1 0.66071428515625 0.603174603515625 0.588169642578125 0.609126984375 0.607142857421875 0.751984126953125 0.68415178515625 0.75 0.66071428515625 0.603174603515625
0 0.654017857421875 0.529761904296875 0.69866071484375 0.759920634765625 0.76116071484375 0.7420634921875 0.7120535703125 0.509920634765625 0.654017857421875 0.529761904296875
1 0.796875 0.603174603515625 0.734375 0.607142857421875 0.7578125 0.7420634921875 0.83147321484375 0.73809523828125 0.796875 0.603174603515625
1 0.861607142578125 0.59722222265625 0.796875 0.60515873046875 0.83258928515625 0.736111111328125 0.90178571484375 0.728174603515625 0.861607142578125 0.59722222265625
1 0.92522321484375 0.591269841796875 0.86272321484375 0.59722222265625 0.90290178515625 0.728174603515625 0.97209821484375 0.7261904765625 0.92522321484375 0.591269841796875
1 1 0.720238095703125 0.9988839296875 0.615079365234375 0.9921875 0.59325396875 0.92633928515625 0.59325396875 0.97321428515625 0.72420634765625 1 0.720238095703125