1 1 0.309523810546875 0.9453125 0.315476189453125 0.98102678515625 0.408730158203125 0.9988839296875 0.408730158203125 1 0.309523810546875
1 0.8917410703125 0.3194444453125 0.9229910703125 0.412698412109375 0.982142857421875 0.414682541015625 0.943080357421875 0.3214285703125 0.8917410703125 0.3194444453125
1 0.83928571484375 0.317460318359375 0.8683035703125 0.416666666015625 0.9229910703125 0.412698412109375 0.890625 0.317460318359375 0.83928571484375 0.317460318359375
1 0.7801339296875 0.317460318359375 0.80915178515625 0.416666666015625 0.8683035703125 0.416666666015625 0.8348214296875 0.317460318359375 0.7801339296875 0.317460318359375
1 0.7254464296875 0.317460318359375 0.7511160703125 0.412698412109375 0.80915178515625 0.416666666015625 0.7801339296875 0.32341269921875 0.7254464296875 0.317460318359375
1 0.671875 0.32341269921875 0.693080357421875 0.414682541015625 0.7511160703125 0.412698412109375 0.7265625 0.317460318359375 0.671875 0.32341269921875
1 0.611607142578125 0.3194444453125 0.630580357421875 0.41865079296875 0.693080357421875 0.414682541015625 0.66852678515625 0.315476189453125 0.611607142578125 0.3194444453125
1 0.55022321484375 0.313492064453125 0.56584821484375 0.41865079296875 0.630580357421875 0.41865079296875 0.611607142578125 0.313492064453125 0.55022321484375 0.313492064453125
1 0.4910714296875 0.3214285703125 0.50334821484375 0.41865079296875 0.56584821484375 0.41865079296875 0.549107142578125 0.317460318359375 0.4910714296875 0.3214285703125
1 0.4308035703125 0.317460318359375 0.4375 0.422619046875 0.50334821484375 0.41865079296875 0.4921875 0.3194444453125 0.4308035703125 0.317460318359375
0 0.377232142578125 0.26984126953125 0.37834821484375 0.442460318359375 0.431919642578125 0.438492064453125 0.421875 0.26984126953125 0.377232142578125 0.26984126953125
1 0.3035714296875 0.3055555546875 0.30133928515625 0.42658730078125 0.3683035703125 0.42460317578125 0.3671875 0.3055555546875 0.3035714296875 0.3055555546875
0 0.2410714296875 0.267857142578125 0.228794642578125 0.440476189453125 0.283482142578125 0.438492064453125 0.2879464296875 0.267857142578125 0.2410714296875 0.267857142578125
0 0.22209821484375 0.2579365078125 0.169642857421875 0.251984126953125 0.146205357421875 0.4444444453125 0.2042410703125 0.45039682421875 0.22209821484375 0.2579365078125
0 0.15625 0.26190476171875 0.10602678515625 0.2579365078125 0.072544642578125 0.412698412109375 0.1339285703125 0.41865079296875 0.15625 0.26190476171875
0 0.03125 0.577380953125 0.002232142578125 0.732142857421875 0 0.827380953125 0.0613839296875 0.841269841796875 0.091517857421875 0.595238095703125 0.03125 0.577380953125
0 0.0848214296875 0.827380953125 0.1629464296875 0.845238095703125 0.181919642578125 0.57341269921875 0.114955357421875 0.57341269921875 0.0848214296875 0.827380953125
0 0.1785714296875 0.83134920703125 0.25334821484375 0.84325396875 0.265625 0.5714285703125 0.19866071484375 0.565476189453125 0.1785714296875 0.83134920703125
1 0.3604910703125 0.623015873046875 0.27790178515625 0.626984126953125 0.2723214296875 0.79365079296875 0.361607142578125 0.787698412109375 0.3604910703125 0.623015873046875
0 0.4207589296875 0.5535714296875 0.3683035703125 0.5535714296875 0.369419642578125 0.787698412109375 0.4296875 0.783730158203125 0.4207589296875 0.5535714296875
1 0.4375 0.611111111328125 0.4453125 0.771825396484375 0.5245535703125 0.765873015625 0.51116071484375 0.607142857421875 0.4375 0.611111111328125
1 0.51116071484375 0.609126984375 0.5245535703125 0.759920634765625 0.60491071484375 0.7579365078125 0.5848214296875 0.60515873046875 0.51116071484375 0.609126984375
1 0.583705357421875 0.607142857421875 0.607142857421875 0.755952380859375 0.6808035703125 0.748015873046875 0.6551339296875 0.603174603515625 0.583705357421875 0.607142857421875
0 0.70758928515625 0.509920634765625 0.6473214296875 0.52777777734375 0.6964285703125 0.75396825390625 0.760044642578125 0.736111111328125 0.70758928515625 0.509920634765625
1 0.7957589296875 0.59920634765625 0.736607142578125 0.60515873046875 0.7578125 0.740079365234375 0.83258928515625 0.732142857421875 0.7957589296875 0.59920634765625
1 0.8604910703125 0.595238095703125 0.7957589296875 0.59722222265625 0.83258928515625 0.728174603515625 0.8984375 0.728174603515625 0.8604910703125 0.595238095703125
1 0.92633928515625 0.587301587890625 0.8604910703125 0.591269841796875 0.90178571484375 0.7261904765625 0.97321428515625 0.7261904765625 0.92633928515625 0.587301587890625
1 0.9988839296875 0.72222222265625 1 0.6170634921875 0.9854910703125 0.58134920703125 0.92522321484375 0.585317458984375 0.974330357421875 0.72222222265625 0.9988839296875 0.72222222265625