0 0.1162109375 0.220703125 0.0830078125 0.248046875
0 0.197265625 0.224609375 0.0732421875 0.2490234375
0 0.287109375 0.236328125 0.072265625 0.2666015625
0 0.3671875 0.2353515625 0.080078125 0.287109375
0 0.5380859375 0.2333984375 0.0791015625 0.2529296875
0 0.8623046875 0.236328125 0.080078125 0.26171875
0 0.08165401171875 0.270974203125 0.0389603984375 0.16363276171875 0 0.20990065625 0.000431955078125 0.374614103515625 0.00052080078125 0.3944444453125 0.08165401171875 0.270974203125
0 0.002514587890625 0.99645384375 0.06811706640625 0.99645384375 0.1003975625 0.77992036328125 0 0.775 0.002514587890625 0.99645384375
0 0.1941153203125 0.99645384375 0.209734947265625 0.79472609765625 0.128512890625 0.787323271484375 0.08958330078125 0.991666666015625 0.1941153203125 0.99645384375
0 0.31282448046875 1 0.32115501171875 0.80212892578125 0.2378502734375 0.7928754140625 0.20989580078125 0.99722222265625 0.31282448046875 1
0 0.42216186328125 1 0.42840971484375 0.7984275546875 0.34302248828125 0.783621818359375 0.32552080078125 0.9944444453125 0.42216186328125 1
0 0.533581927734375 1 0.531499248046875 0.77992036328125 0.461731646484375 0.77436822265625 0.45520830078125 0.988888888671875 0.533581927734375 1
0 0.652291087890625 1 0.649167162109375 0.75771180078125 0.56586242578125 0.7484582890625 0.56145830078125 0.9805555546875 0.652291087890625 1
0 0.76683498046875 1 0.74496750390625 0.796576783203125 0.67311722265625 0.79472609765625 0.67864580078125 0.988888888671875 0.76683498046875 1
0 0.874089779296875 1 0.853263546875 0.807681064453125 0.782454607421875 0.809531833984375 0.78958330078125 1 0.874089779296875 1
1 0.455078125 0.2646484375 0.0859375 0.1904296875
1 0.6171875 0.26171875 0.0830078125 0.2119140625
1 0.697265625 0.265625 0.08203125 0.1982421875
1 0.77734375 0.2666015625 0.0849609375 0.1943359375
1 0.943359375 0.2626953125 0.0810546875 0.1982421875