0 0.12109375 0.2119140625 0.0791015625 0.2578125
0 0.1982421875 0.224609375 0.072265625 0.2548828125
0 0.28125 0.2373046875 0.080078125 0.2744140625
0 0.37109375 0.24609375 0.078125 0.2802734375
0 0.53515625 0.2431640625 0.076171875 0.259765625
0 0.8544921875 0.234375 0.08984375 0.2626953125
0 0 0.4134790859375 0.00989580078125 0.411111111328125 0.08581927734375 0.270974203125 0.0389603984375 0.156229935546875 0 0.20249774609375 0 0.4134790859375
0 0.066034384765625 1 0.094149712890625 0.783621818359375 0.00520830078125 0.77777777734375 0.007721146484375 1 0.066034384765625 1
0 0.193074076171875 1 0.20556977734375 0.80212892578125 0.12538896484375 0.791024642578125 0.08020830078125 0.988888888671875 0.069158310546875 1 0.193074076171875 1
0 0.308659310546875 1 0.3097005546875 0.80212892578125 0.231602423828125 0.787323271484375 0.20677080078125 0.991666666015625 0.308659310546875 1
0 0.42736846875 1 0.42216186328125 0.796576783203125 0.33677463671875 0.7928754140625 0.32239580078125 1 0.42736846875 1
0 0.53982977734375 1 0.531499248046875 0.791024642578125 0.455483796875 0.7928754140625 0.45052080078125 0.991666666015625 0.53982977734375 1
0 0.65541501171875 1 0.643960556640625 0.744756833984375 0.554408064453125 0.744756833984375 0.55677080078125 0.99722222265625 0.65541501171875 1
0 0.7637110546875 0.9853495625 0.74496750390625 0.7762189921875 0.667910712890625 0.766965396484375 0.67708330078125 0.991666666015625 0.7637110546875 0.9853495625
0 0.87825494921875 0.99645384375 0.849098376953125 0.787323271484375 0.77724809765625 0.787323271484375 0.78489580078125 0.99722222265625 0.87825494921875 0.99645384375
1 0.4580078125 0.2548828125 0.078125 0.2158203125
1 0.6162109375 0.265625 0.0810546875 0.2099609375
1 0.69921875 0.2666015625 0.0791015625 0.205078125
1 0.7734375 0.267578125 0.0849609375 0.1962890625
1 0.9404296875 0.2626953125 0.0771484375 0.1982421875