1 0.049311986328125 0.5876240078125 0.034685478515625 0.585317458984375 0.0415628671875 0.682564482421875 0.092902154296875 0.68370535546875 0.049311986328125 0.5876240078125
1 0.049076830078125 0.58365575390625 0.09055243359375 0.681671626953125 0.1430077890625 0.68283730078125 0.103999486328125 0.588839287109375 0.049076830078125 0.58365575390625
1 0.103999486328125 0.588839287109375 0.14512235546875 0.680902779296875 0.198693783203125 0.682093255859375 0.160683970703125 0.5861359140625 0.103999486328125 0.588839287109375
1 0.160683970703125 0.5861359140625 0.198693783203125 0.682093255859375 0.2522652109375 0.68328373046875 0.216369966796875 0.585391865234375 0.160683970703125 0.5861359140625
1 0.216369966796875 0.585391865234375 0.253381283203125 0.683308533203125 0.30918485546875 0.684548611328125 0.276755400390625 0.588715279296875 0.216369966796875 0.585391865234375
1 0.276755400390625 0.588715279296875 0.30906727734375 0.682564482421875 0.36498842578125 0.68578869140625 0.33790417578125 0.586111111328125 0.276755400390625 0.588715279296875
1 0.335907185546875 0.59002976171875 0.366339654296875 0.68978174609375 0.426725087890625 0.69310516015625 0.40005144140625 0.581547619140625 0.335907185546875 0.59002976171875
1 0.40028659765625 0.585515873046875 0.4242577890625 0.68908730078125 0.4846432265625 0.692410712890625 0.46513631640625 0.5889384921875 0.40028659765625 0.585515873046875
1 0.532100603515625 0.590426587890625 0.467721193359375 0.594940474609375 0.48898993359375 0.69052579296875 0.548024140625 0.68985615234375 0.532100603515625 0.590426587890625
1 0.52775389453125 0.5923115078125 0.54344227734375 0.68777281640625 0.6037101328125 0.6891121015625 0.58990116015625 0.587748015625 0.52775389453125 0.5923115078125
1 0.5980066875 0.5740575390625 0.618163029296875 0.74491567578125 0.663686802734375 0.74196428515625 0.648993240234375 0.56924603125 0.5980066875 0.5740575390625
1 0.6624458046875 0.5893601171875 0.670381392578125 0.70446428515625 0.736229607421875 0.705927578125 0.731524654296875 0.58891369140625 0.6624458046875 0.5893601171875
0 0.747560259765625 0.577380951171875 0.75121068359375 0.751835318359375 0.800552984375 0.756894841796875 0.802365337890625 0.580580357421875 0.747560259765625 0.577380951171875
0 0.880255181640625 0.57834821484375 0.814289388671875 0.57490079296875 0.8171764765625 0.75528273828125 0.873215203125 0.760491072265625 0.880255181640625 0.57834821484375
0 0.950392232421875 0.595758927734375 0.8967032265625 0.592584326171875 0.877854939453125 0.744742064453125 0.935244892578125 0.753943453125 0.950392232421875 0.595758927734375
0 1 0.190051576171875 0.94391075 0.18544146875 0.9236570390625 0.426736111328125 0.988684044921875 0.45195932421875 1 0.373760669921875 1 0.190051576171875
0 0.838660162109375 0.440699404296875 0.90944297265625 0.450198412109375 0.9199450703125 0.19481646875 0.839880951171875 0.179166666015625 0.838660162109375 0.440699404296875
0 0.754426623046875 0.4487351171875 0.82174364453125 0.456175595703125 0.828309634765625 0.190798611328125 0.754413763671875 0.185193451171875 0.754426623046875 0.4487351171875
1 0.7377415859375 0.3928819453125 0.737909685546875 0.226438490234375 0.650385802734375 0.2165674609375 0.6583829375 0.389136904296875 0.7377415859375 0.3928819453125
0 0.6544505078125 0.454439482421875 0.64057631640625 0.2203125 0.57807631640625 0.218923611328125 0.59776601953125 0.457142857421875 0.6544505078125 0.454439482421875
1 0.579377021484375 0.39134424609375 0.563274361328125 0.23246527734375 0.4840332890625 0.230704365234375 0.507185111328125 0.3956845234375 0.579377021484375 0.39134424609375
1 0.506186619140625 0.397643849609375 0.48139054296875 0.24253472265625 0.40496950390625 0.250744046875 0.43188014453125 0.403918650390625 0.506186619140625 0.397643849609375
1 0.433759552734375 0.398015873046875 0.40496950390625 0.250744046875 0.327667548828125 0.262896826171875 0.361685220703125 0.40434027734375 0.433759552734375 0.398015873046875
0 0.376961162109375 0.47403273828125 0.30628490625 0.240625 0.249660126953125 0.263144841796875 0.318339396484375 0.50047123046875 0.376961162109375 0.47403273828125
1 0.283970826171875 0.39072420703125 0.249660126953125 0.263144841796875 0.179935515625 0.2715029765625 0.224408435546875 0.401289681640625 0.283970826171875 0.39072420703125
1 0.22329236328125 0.401264880859375 0.179935515625 0.2715029765625 0.10974059375 0.271924603515625 0.158912955078125 0.40577876953125 0.22329236328125 0.401264880859375
1 0.1575617265625 0.40178571484375 0.1113269765625 0.279885912109375 0.040015982421875 0.28028273828125 0.092183826171875 0.408258927734375 0.1575617265625 0.40178571484375
1 0.0175769765625 0.277802578125 0.023162845703125 0.390873015625 0.034500845703125 0.412921626953125 0.0941808125 0.40434027734375 0.040015982421875 0.28028273828125 0.0175769765625 0.277802578125