1 0.9640625 0.2305555546875 0.89375 0.233333333984375 0.9046875 0.388888888671875 0.9859375 0.386111111328125 0.9640625 0.2305555546875
0 0.875 0.1305555546875 0.8015625 0.14722222265625 0.834375 0.388888888671875 0.9046875 0.37777777734375 0.875 0.1305555546875
1 0.80625 0.225 0.7328125 0.22777777734375 0.74375 0.388888888671875 0.8203125 0.388888888671875 0.80625 0.225
1 0.728125 0.216666666015625 0.65 0.22222222265625 0.659375 0.375 0.740625 0.37777777734375 0.728125 0.216666666015625
1 0.6515625 0.22222222265625 0.5734375 0.22222222265625 0.575 0.383333333984375 0.6546875 0.383333333984375 0.6515625 0.22222222265625
0 0.5046875 0.1444444453125 0.49375 0.3805555546875 0.559375 0.386111111328125 0.5625 0.14722222265625 0.5046875 0.1444444453125
1 0.415625 0.2055555546875 0.4046875 0.363888888671875 0.4890625 0.375 0.496875 0.211111111328125 0.415625 0.2055555546875
0 0.4140625 0.1444444453125 0.3375 0.133333333984375 0.325 0.388888888671875 0.3984375 0.4 0.4140625 0.1444444453125
0 0.3296875 0.133333333984375 0.2625 0.125 0.2359375 0.37222222265625 0.309375 0.391666666015625 0.3296875 0.133333333984375
0 0.184375 0.136111111328125 0.153125 0.35 0.2140625 0.37777777734375 0.24375 0.1444444453125 0.184375 0.136111111328125
0 0.0953125 0.125 0.0609375 0.3305555546875 0.1328125 0.375 0.1609375 0.136111111328125 0.0953125 0.125
0 0 0.42777777734375 0.078125 0.283333333984375 0.03125 0.19722222265625 0 0.241666666015625 0 0.42777777734375
0 0 1 0.0546875 0.99722222265625 0.08125 0.825 0 0.80277777734375 0 1
0 0.0875 0.9944444453125 0.178125 0.9944444453125 0.2015625 0.84722222265625 0.121875 0.8305555546875 0.0875 0.9944444453125
0 0.2046875 0.9944444453125 0.2890625 0.9944444453125 0.3046875 0.85 0.221875 0.838888888671875 0.2046875 0.9944444453125
0 0.403125 0.99722222265625 0.40625 0.836111111328125 0.321875 0.833333333984375 0.3203125 0.99722222265625 0.403125 0.99722222265625
0 0.528125 1 0.5203125 0.8194444453125 0.4546875 0.8194444453125 0.4484375 1 0.528125 1
0 0.6375 0.786111111328125 0.55625 0.79722222265625 0.55625 0.9944444453125 0.6484375 0.9944444453125 0.6375 0.786111111328125
0 0.7609375 1 0.746875 0.833333333984375 0.6703125 0.838888888671875 0.6734375 0.99722222265625 0.7609375 1
0 0.8625 1 0.840625 0.8444444453125 0.7671875 0.85277777734375 0.7828125 1 0.8625 1