0 0.1015625 0.2255859375 0.076171875 0.24609375
0 0.1923828125 0.2314453125 0.07421875 0.2529296875
0 0.2763671875 0.2421875 0.0810546875 0.2578125
0 0.365234375 0.2509765625 0.0810546875 0.2763671875
0 0.5302734375 0.2509765625 0.0751953125 0.2587890625
0 0.8505859375 0.2412109375 0.0849609375 0.2666015625
0 0.04000169140625 0.172886357421875 0.002514587890625 0.193244234375 0.00364580078125 0.39722222265625 0.074364916015625 0.29873490625 0.04000169140625 0.172886357421875
0 0.001473294921875 0.9946032421875 0.05978653515625 0.9946032421875 0.08998454296875 0.80212892578125 0.00052080078125 0.791666666015625 0.001473294921875 0.9946032421875
0 0.17953703515625 1 0.200363171875 0.81138260546875 0.118099869140625 0.796576783203125 0.08645830078125 0.99722222265625 0.17953703515625 1
0 0.29928753515625 0.990901703125 0.31282448046875 0.81693474609375 0.22327198828125 0.80583037890625 0.20677080078125 0.99722222265625 0.29928753515625 0.990901703125
0 0.417996693359375 1 0.415914013671875 0.807681064453125 0.33260937109375 0.7984275546875 0.32239580078125 0.991666666015625 0.417996693359375 1
0 0.528375322265625 0.99645384375 0.528375322265625 0.809531833984375 0.446112021484375 0.8039796953125 0.44427080078125 0.99722222265625 0.528375322265625 0.99645384375
0 0.652291087890625 1 0.63354753515625 0.7706668515625 0.558573330078125 0.77251753515625 0.55833330078125 0.99722222265625 0.652291087890625 1
0 0.760587130859375 0.99830461328125 0.7376783125 0.809531833984375 0.667910712890625 0.80583037890625 0.67239580078125 0.9944444453125 0.760587130859375 0.99830461328125
0 0.86680068359375 1 0.84285052734375 0.82248688671875 0.7762067578125 0.8206361171875 0.78020830078125 0.986111111328125 0.86680068359375 1
1 0.451171875 0.2607421875 0.08203125 0.2275390625
1 0.6103515625 0.2578125 0.0771484375 0.2216796875
1 0.6923828125 0.265625 0.0810546875 0.2255859375
1 0.7724609375 0.2666015625 0.078125 0.1943359375
1 0.9345703125 0.279296875 0.078125 0.208984375