1 0.958705357421875 0.236111111328125 0.89508928515625 0.24603174609375 0.90625 0.388888888671875 0.9832589296875 0.3829365078125 0.958705357421875 0.236111111328125
0 0.8058035703125 0.146825396484375 0.8348214296875 0.392857142578125 0.9073660703125 0.37896825390625 0.877232142578125 0.1329365078125 0.8058035703125 0.146825396484375
1 0.73102678515625 0.22420634765625 0.7421875 0.380952380859375 0.81584821484375 0.373015873046875 0.802455357421875 0.220238095703125 0.73102678515625 0.22420634765625
1 0.732142857421875 0.22222222265625 0.65625 0.2261904765625 0.65625 0.373015873046875 0.739955357421875 0.369047619140625 0.732142857421875 0.22222222265625
1 0.572544642578125 0.21428571484375 0.57366071484375 0.384920634765625 0.654017857421875 0.376984126953125 0.650669642578125 0.212301587890625 0.572544642578125 0.21428571484375
0 0.5 0.14484126953125 0.4910714296875 0.392857142578125 0.5613839296875 0.392857142578125 0.5625 0.14484126953125 0.5 0.14484126953125
1 0.41741071484375 0.204365080078125 0.40625 0.36309523828125 0.48772321484375 0.37896825390625 0.4921875 0.212301587890625 0.41741071484375 0.204365080078125
0 0.34040178515625 0.13690476171875 0.31696428515625 0.3988095234375 0.396205357421875 0.41071428515625 0.4151785703125 0.15277777734375 0.34040178515625 0.13690476171875
0 0.328125 0.14484126953125 0.26116071484375 0.1329365078125 0.236607142578125 0.38690476171875 0.3125 0.3988095234375 0.328125 0.14484126953125
0 0.1863839296875 0.130952380859375 0.154017857421875 0.365079365234375 0.21540178515625 0.380952380859375 0.2433035703125 0.146825396484375 0.1863839296875 0.130952380859375
0 0.095982142578125 0.123015873046875 0.064732142578125 0.33134920703125 0.13616071484375 0.369047619140625 0.1551339296875 0.134920634765625 0.095982142578125 0.123015873046875
0 0.0301339296875 0.202380953125 0 0.251984126953125 0.0011160703125 0.420634919921875 0.075892857421875 0.27579365234375 0.0301339296875 0.202380953125
0 0.0535714296875 1 0.08147321484375 0.827380953125 0 0.79960317578125 0 1 0.0535714296875 1
0 0.16852678515625 0.998015873046875 0.19866071484375 0.83928571484375 0.12165178515625 0.8214285703125 0.080357142578125 0.998015873046875 0.16852678515625 0.998015873046875
0 0.2901785703125 0.998015873046875 0.3035714296875 0.8511904765625 0.22321428515625 0.84722222265625 0.20647321484375 0.99603174609375 0.2901785703125 0.998015873046875
0 0.41071428515625 0.998015873046875 0.4129464296875 0.84722222265625 0.33147321484375 0.845238095703125 0.32366071484375 0.998015873046875 0.41071428515625 0.998015873046875
0 0.5301339296875 1 0.52678571484375 0.82539682421875 0.4464285703125 0.827380953125 0.4441964296875 1 0.5301339296875 1
0 0.642857142578125 1 0.6417410703125 0.783730158203125 0.55915178515625 0.779761904296875 0.560267857421875 1 0.642857142578125 1
0 0.760044642578125 1 0.747767857421875 0.833333333984375 0.66741071484375 0.837301587890625 0.674107142578125 1 0.760044642578125 1
0 0.864955357421875 1 0.841517857421875 0.841269841796875 0.77008928515625 0.84920634765625 0.7879464296875 1 0.864955357421875 1
0 0.5223214296875 0 0.5234375 0.017857142578125 0.58258928515625 0.017857142578125 0.58258928515625 0 0.5223214296875 0
1 0.7890625 0 0.790178572265625 0.021825396484375 0.864955357421875 0.017857142578125 0.860491072265625 0 0.7890625 0
1 0.935267857421875 0.0238095234375 0.931919642578125 0.00396825390625 0.86272321484375 0.001984126953125 0.8683035703125 0.02777777734375 0.935267857421875 0.0238095234375