0 0.11639178240740741 0.23723234953703703 0.0812717013888889 0.25408709490740744
0 0.2045355902777778 0.24862557870370372 0.08435329861111107 0.2572337962962963
0 0.2911313657407407 0.2676866319444445 0.0912760416666667 0.27817563657407407
0 0.3769675925925926 0.2720992476851852 0.0952329282407407 0.27944155092592593
0 0.540675636574074 0.27741608796296297 0.0815248842592593 0.25896990740740744
0 0.8609881365740741 0.3011429398148148 0.10023148148148131 0.2632740162037037
0 0.0415810625 0.173458826171875 0.0115554765625 0.222855623046875 0.0242425078125 0.39749228125 0.085017865234375 0.290979828125 0.0415810625 0.173458826171875
0 0.112078658203125 1 0.130727 0.812418763671875 0.0444071171875 0.786381169921875 0.0518518515625 1 0.112078658203125 1
0 0.232261111328125 1 0.2441336875 0.81897568359375 0.16433673046875 0.820439275390625 0.133420939453125 1 0.232261111328125 1
0 0.351928732421875 1 0.35129242578125 0.82506970703125 0.268933162109375 0.81712544140625 0.249903041015625 1 0.351928732421875 1
0 0.470523400390625 1 0.457697810546875 0.83663882421875 0.36880280859375 0.822679619140625 0.376275572265625 1 0.470523400390625 1
0 0.58391519140625 1 0.568158248046875 0.8263850546875 0.489676259765625 0.813197099609375 0.500490978515625 1 0.58391519140625 1
0 0.696752966796875 1 0.6746309921875 0.799243373046875 0.597094388671875 0.784281951171875 0.60530346875 1 0.696752966796875 1
0 0.802338447265625 1 0.7764341484375 0.8620925 0.70931066015625 0.847902421875 0.7183110625 1 0.802338447265625 1
0 0.90926796484375 1 0.8853876796875 0.862788740234375 0.81477066796875 0.86124508984375 0.823682896484375 1 0.90926796484375 1
1 0.4638165509259259 0.29604311342592593 0.09055989583333335 0.20808015046296302
1 0.6221209490740741 0.30971498842592593 0.08897569444444442 0.1962890625
1 0.7074363425925926 0.3228443287037037 0.09256365740740735 0.20920138888888884
1 0.7855107060185185 0.32765480324074076 0.08933015046296289 0.203125
1 0.9506510416666667 0.3418330439814815 0.09113136574074066 0.20033998842592582