0 0.17552806712962965 0.7801432291666667 0.0962239583333333 0.25857204861111116
0 0.2570529513888889 0.7667317708333333 0.08501157407407411 0.26781684027777786
0 0.3417607060185185 0.7580729166666667 0.09210069444444446 0.2730034722222223
0 0.42431278935185185 0.7455946180555556 0.08942418981481481 0.2777560763888889
0 0.5891493055555556 0.7343532986111111 0.0805989583333333 0.2578776041666666
0 0.9194299768518519 0.7235894097222222 0.10762442129629646 0.27174479166666665
0 0.13658187890625 0.713505681640625 0.040552951171875 0.560601853515625 0.03065222265625 0.58280026171875 0.03962463671875 0.76418941015625 0.095495029296875 0.847035267578125 0.13658187890625 0.713505681640625
0 0.0780264296875 0 0.000087908203125 0.00169538671875 0.01238683203125 0.238888888671875 0.13074457421875 0.21848584765625 0.081856439453125 0 0.0780264296875 0
0 0.158482474609375 0 0.10740506640625 0.009910640625 0.154406841796875 0.211869255859375 0.240259630859375 0.196923705078125 0.20710787890625 0 0.158482474609375 0
0 0.2262099921875 0 0.255783296875 0.194378814453125 0.34088273046875 0.185031681640625 0.323538544921875 0 0.2262099921875 0
0 0.359558453125 0 0.34215403125 0.00428241015625 0.363134056640625 0.191462619140625 0.454385283203125 0.179987125 0.440344298828125 0 0.359558453125 0
0 0.464523267578125 0 0.480801875 0.1862329375 0.559269609375 0.1697606640625 0.547727732421875 0 0.464523267578125 0
0 0.579705494140625 0 0.58619451953125 0.226068306640625 0.66608734765625 0.216952578125 0.664942677734375 0 0.579705494140625 0
0 0.68952265625 0 0.697106169921875 0.171054478515625 0.77501237890625 0.163882078125 0.77685887890625 0 0.68952265625 0
0 0.80150536328125 0 0.804538546875 0.149584900390625 0.874210275390625 0.144633341796875 0.886975541015625 0 0.80150536328125 0
1 0.5108723958333333 0.7348958333333333 0.09168836805555558 0.20868055555555554
1 0.6690899884259259 0.7092664930555556 0.09000289351851842 0.19496527777777772
1 0.7529224537037037 0.7026041666666667 0.08963396990740735 0.2066406249999999
1 0.8348524305555556 0.6970052083333333 0.08434606481481488 0.19861111111111107
1 0.9778989438657407 0.6828776041666667 0.044202112268518556 0.20256076388888888