0 0.107421875 0.2099609375 0.0810546875 0.26953125
0 0.193359375 0.2197265625 0.07421875 0.2568359375
0 0.275390625 0.236328125 0.087890625 0.2880859375
0 0.365234375 0.23828125 0.080078125 0.283203125
0 0.5322265625 0.2265625 0.076171875 0.2587890625
0 0.85546875 0.234375 0.08984375 0.26953125
0 0.030629916015625 0.154379251953125 0 0.198796376953125 0.00052080078125 0.39722222265625 0.073323576171875 0.270974203125 0.030629916015625 0.154379251953125
0 0.06186921484375 1 0.08790186328125 0.787323271484375 0.00677080078125 0.77777777734375 0 1 0.06186921484375 1
0 0.185784884765625 1 0.2024458515625 0.8039796953125 0.119141115234375 0.796576783203125 0.08177080078125 0.988888888671875 0.185784884765625 1
0 0.297204853515625 1 0.31594840625 0.8039796953125 0.22743725390625 0.7984275546875 0.20364580078125 0.9944444453125 0.297204853515625 1
0 0.417996693359375 1 0.417996693359375 0.813233205078125 0.33260937109375 0.809531833984375 0.32239580078125 0.99722222265625 0.417996693359375 1
0 0.529416662109375 1 0.531499248046875 0.787323271484375 0.4492359453125 0.783621818359375 0.45052080078125 0.988888888671875 0.529416662109375 1
0 0.65020840625 1 0.63979538671875 0.7429061484375 0.557531990234375 0.7373540078125 0.55989580078125 0.988888888671875 0.65020840625 1
0 0.765793640625 1 0.74080223828125 0.79472609765625 0.66166286328125 0.787323271484375 0.66927080078125 0.991666666015625 0.765793640625 1
0 0.865759248046875 1 0.843891771484375 0.813233205078125 0.778289341796875 0.815083974609375 0.78333330078125 1 0.865759248046875 1
1 0.451171875 0.2509765625 0.0791015625 0.2138671875
1 0.6142578125 0.2509765625 0.08203125 0.2177734375
1 0.69140625 0.2607421875 0.0859375 0.2158203125
1 0.7734375 0.275390625 0.078125 0.1865234375
1 0.939453125 0.2666015625 0.080078125 0.189453125