0 0.8958622685185185 0.7490234375 0.08266059027777795 0.240234375
0 0.8107711226851851 0.740234375 0.078125 0.263671875
0 0.7295572916666666 0.7294921875 0.089945023148148 0.2705078125
0 0.640675636574074 0.728515625 0.07733651620370363 0.2763671875
0 0.47474681712962963 0.734375 0.08481626157407418 0.25390625
0 0.15237991898148148 0.7275390625 0.10463686342592593 0.2734375
0 1 0.5789701328125 0.927995359375 0.721622970703125 0.976992296875 0.795651482421875 1 0.770189814453125 1 0.5789701328125
0 1 0.00354298828125 0.9412547109375 0 0.90436968359375 0.181214654296875 1 0.188710369140625 1 0.00354298828125
0 0.8774053671875 0.18861739453125 0.91210265625 0.008333333984375 0.819421625 0 0.7981288046875 0.1793638828125 0.8774053671875 0.18861739453125
0 0.777083326171875 0.164558232421875 0.78870630859375 0.011111111328125 0.703836390625 0 0.689476328125 0.15530455078125 0.777083326171875 0.164558232421875
0 0.67089728515625 0.166408833984375 0.66847611328125 0.016666666015625 0.583044646484375 0 0.57504201171875 0.162707462890625 0.67089728515625 0.166408833984375
0 0.54861757421875 0.15277777734375 0.548843673828125 0.010948896484375 0.47592463671875 0.009098296875 0.4752134921875 0.17196097265625 0.54861757421875 0.15277777734375
0 0.441535765625 0.2182288671875 0.4417078515625 0.00277777734375 0.34979159375 0 0.35708011328125 0.210826041015625 0.441535765625 0.2182288671875
0 0.32751226953125 0.18306525390625 0.32460265625 0.008333333984375 0.240454208984375 0 0.25229130078125 0.166408833984375 0.32751226953125 0.18306525390625
0 0.2229427109375 0.153453951171875 0.21366515625 0.008333333984375 0.13319931640625 0 0.146872326171875 0.14975241015625 0.2229427109375 0.153453951171875
0 0.429703908203125 0.96591715625 0.434565361328125 0.99722222265625 0.4999764375 1 0.49955376171875 0.971469294921875 0.429703908203125 0.96591715625
1 0.429919013671875 1 0.42745671875 0.954812873046875 0.34733083984375 0.958514330078125 0.359399802734375 1 0.429919013671875 1
1 0.361169013671875 1 0.359936212890625 0.96591715625 0.289127271484375 0.96591715625 0.290673447265625 1 0.361169013671875 1
1 0.286169013671875 1 0.286030763671875 0.9677678828125 0.215221728515625 0.9677678828125 0.216740580078125 1 0.286169013671875 1
1 0.224029771484375 1 0.218373072265625 0.969618609375 0.146467955078125 0.96591715625 0.151794013671875 1 0.224029771484375 1
1 0.07870058984375 0.960365013671875 0.076670556640625 0.991666666015625 0.155303416015625 1 0.14638569921875 0.960365013671875 0.07870058984375 0.960365013671875
1 0.017345775390625 0.96591715625 0.017254404296875 0.988888888671875 0.084494380859375 1 0.083989451171875 0.96591715625 0.017345775390625 0.96591715625
1 0.5546802662037037 0.724609375 0.08257378472222232 0.234375
1 0.3952835648148148 0.7099609375 0.0956814236111111 0.1962890625
1 0.3103515625 0.7119140625 0.08275462962962965 0.1806640625
1 0.2342086226851852 0.7138671875 0.0895471643518519 0.177734375
1 0.06807725694444444 0.7060546875 0.08686342592592594 0.1943359375