1 0.492347474609375 0.35293328515625 0.49401637109375 0.194185990234375 0.417091640625 0.1941764921875 0.409873640625 0.356387744140625 0.492347474609375 0.35293328515625
1 0.654518310546875 0.355203916015625 0.649937517578125 0.19765262890625 0.5753059609375 0.19767964453125 0.57600387109375 0.355508634765625 0.654518310546875 0.355203916015625
1 0.739282439453125 0.353703205078125 0.727321734375 0.198392201171875 0.652618365234375 0.19902934375 0.65680863671875 0.357157689453125 0.739282439453125 0.353703205078125
1 0.81970791796875 0.355561119140625 0.8049105234375 0.20134498046875 0.729412205078125 0.199484298828125 0.741193541015625 0.3558658359375 0.81970791796875 0.355561119140625
1 0.98153647265625 0.354805701171875 0.95940401953125 0.20889341015625 0.8902058671875 0.2056413515625 0.906981396484375 0.351960654296875 0.98153647265625 0.354805701171875
0 0.8029594375 0.107204302734375 0.82801837890625 0.368511 0.90473642578125 0.356129728515625 0.886930166015625 0.179764833984375 0.87036645703125 0.09433639453125 0.8029594375 0.107204302734375
0 0.5293113425925926 0.25 0.06532841435185177 0.2518807870370371
0 0.3623480902777778 0.25885416666666666 0.07624421296296302 0.27563657407407405
0 0.31915341796875 0.3819809453125 0.33258813671875 0.12180364453125 0.2588768984375 0.121505046875 0.235047943359375 0.395591919921875 0.31915341796875 0.3819809453125
0 0.226867146484375 0.36652069921875 0.246244736328125 0.140535001953125 0.18058128515625 0.12564513671875 0.15463985546875 0.370682400390625 0.226867146484375 0.36652069921875
0 0.143248556640625 0.364358328125 0.17104644921875 0.122960923828125 0.095995501953125 0.109949197265625 0.05906825390625 0.367863376953125 0.143248556640625 0.364358328125
0 0.01918960546875 0.2073147109375 0.00180589453125 0.243795736328125 0.0031115703125 0.420062076171875 0.061650423828125 0.332408376953125 0.0719792109375 0.26741023046875 0.048357484375 0.227677583984375 0.01918960546875 0.2073147109375
0 0.04086371527777778 0.9013310185185186 0.06979166666666667 0.1953848379629628
0 0.186775537109375 0.994685388671875 0.202018533203125 0.825001466796875 0.127894572265625 0.82252971875 0.087797982421875 0.997618056640625 0.186775537109375 0.994685388671875
0 0.2577907986111111 0.9124855324074075 0.08809317129629624 0.1617549189814813
0 0.36811342592592594 0.9053096064814814 0.08913483796296295 0.17057291666666652
0 0.4901331018518518 0.8948567708333334 0.08727575231481477 0.18321035879629632
0 0.6013093171296297 0.8710503472222222 0.09051649305555554 0.22528935185185173
0 0.7157552083333334 0.8930555555555555 0.08818721064814827 0.1744502314814813
0 0.8232349537037037 0.8976851851851853 0.08708767361111103 0.1578197337962961