0 0.175752314453125 0.276959326171875 0.114690806640625 0.264608134765625 0.102025462890625 0.409284060546875 0.16269014453125 0.41568287109375 0.175752314453125 0.276959326171875
0 0.240806876953125 0.265542328125 0.18086144140625 0.253199404296875 0.172619046875 0.447486771484375 0.236499669921875 0.451926255859375 0.240806876953125 0.265542328125
0 0.3067873671875 0.26801421875 0.25281911328125 0.261665013671875 0.25343088671875 0.438169642578125 0.31494708984375 0.440608466796875 0.3067873671875 0.26801421875
1 0.38644180078125 0.3082671953125 0.32170965625 0.307787697265625 0.3238012578125 0.4228257265625 0.395229828125 0.423354828125 0.38644180078125 0.3082671953125
0 0.405348875 0.441278109375 0.462987763671875 0.43575562109375 0.439732142578125 0.270982142578125 0.39508928515625 0.270651455078125 0.391741072265625 0.27062665234375 0.405348875 0.441278109375
1 0.509738755859375 0.317113095703125 0.4540674609375 0.318683861328125 0.468039021484375 0.427860451171875 0.526793982421875 0.422346228515625 0.509738755859375 0.317113095703125
1 0.5702711640625 0.321527779296875 0.510003306640625 0.321081349609375 0.531522818359375 0.426347552734375 0.590145501953125 0.41884920703125 0.5702711640625 0.321527779296875
1 0.6317873671875 0.3239666015625 0.57263558203125 0.323528439453125 0.5926421953125 0.422833994140625 0.65586144140625 0.41735284375 0.6317873671875 0.3239666015625
1 0.688574736328125 0.3224041015625 0.6327711640625 0.3219907421875 0.656258267578125 0.423305224609375 0.717509919921875 0.42177579296875 0.688574736328125 0.3224041015625
1 0.745362103515625 0.320841599609375 0.68870701171875 0.324388228515625 0.71836144140625 0.417815806640625 0.778364748046875 0.41429398046875 0.745362103515625 0.320841599609375
1 0.799330357421875 0.327190806640625 0.747991072265625 0.326810515625 0.77823247265625 0.412309853515625 0.835284392578125 0.414715607421875 0.799330357421875 0.327190806640625
1 0.8525049609375 0.32163525 0.8014302265625 0.32522321484375 0.838632607421875 0.41474041015625 0.893320107421875 0.415145501953125 0.8525049609375 0.32163525
1 0.907060185546875 0.32005621875 0.855720900390625 0.319675927734375 0.892071759765625 0.413153107421875 0.948859126953125 0.411590607421875 0.907060185546875 0.32005621875
1 1 0.407389642578125 0.96326058203125 0.326421958984375 0.91277281640625 0.3220816796875 0.95109126953125 0.411607142578125 1 0.4100330859375 1 0.407389642578125
1 1 0.322727806640625 0.96522817578125 0.322470236328125 1 0.39842811328125 1 0.322727806640625
1 1 0.598796572265625 0.9615575390625 0.602066798828125 1 0.689348109375 1 0.598796572265625
1 1 0.693596736328125 0.96004464453125 0.596106150390625 0.897809193359375 0.59961144140625 0.94809854296875 0.734837962890625 1 0.730583744140625 1 0.693596736328125
1 0.835838294921875 0.607084986328125 0.875686177734375 0.73628472265625 0.946717923828125 0.730861439453125 0.89669312109375 0.59960317578125 0.835838294921875 0.607084986328125
1 0.773999669921875 0.616542658203125 0.804918982421875 0.745676255859375 0.876802248046875 0.736292990234375 0.833473875 0.60508432421875 0.773999669921875 0.616542658203125
0 0.681977513671875 0.5246362421875 0.74794146875 0.76111937890625 0.805638228515625 0.739732142578125 0.737838953125 0.509184853515625 0.681977513671875 0.5246362421875
1 0.624181548828125 0.6114666015625 0.652223875 0.76437665234375 0.730671294921875 0.75305886328125 0.692981150390625 0.60602678515625 0.624181548828125 0.6114666015625
1 0.5507853828125 0.614889220703125 0.57672784375 0.769766865234375 0.64972718359375 0.760391865234375 0.6240492734375 0.609482474609375 0.5507853828125 0.614889220703125
1 0.47752149609375 0.62029596484375 0.494403109375 0.773123345703125 0.574098875 0.76379794921875 0.5517691796875 0.612913359375 0.47752149609375 0.62029596484375
0 0.406059853515625 0.5523396171875 0.42384259375 0.802347884765625 0.479836310546875 0.78888062109375 0.45516699609375 0.552703375 0.406059853515625 0.5523396171875
1 0.319171626953125 0.621106150390625 0.32135416796875 0.7877066796875 0.408994708984375 0.780423279296875 0.39841269921875 0.62169312109375 0.319171626953125 0.621106150390625
0 0.234978505859375 0.562971228515625 0.227166005859375 0.830638228515625 0.308316798828125 0.843138228515625 0.3065393515625 0.565484458984375 0.234978505859375 0.562971228515625
0 0.15265376953125 0.5663277109375 0.135251322265625 0.8240079375 0.2180472890625 0.844452712890625 0.224346892578125 0.57082506640625 0.15265376953125 0.5663277109375
0 0.0624586640625 0.5854910703125 0.054365080078125 0.815476189453125 0.11858465625 0.8417328046875 0.1354001328125 0.5919808203125 0.0624586640625 0.5854910703125