0 0.8963831018518518 0.7443576388888888 0.08593026620370381 0.26580584490740744
0 0.8162181712962963 0.7356047453703703 0.07116608796296298 0.24963831018518512
0 0.7263816550925926 0.7399088541666667 0.07921006944444442 0.2811776620370372
0 0.6404007523148147 0.737232349537037 0.0821035879629628 0.2764033564814814
0 0.47638888888888886 0.7501446759259259 0.0790653935185186 0.261646412037037
0 0.153125 0.7591869212962963 0.09074074074074073 0.2562210648148149
0 1 0.57195718359375 0.928870435546875 0.683715869140625 0.973469056640625 0.7986910078125 1 0.764370216796875 1 0.57195718359375
0 0.93350569140625 0 0.90109556640625 0.1682538359375 0.997938560546875 0.176986880859375 0.99972127734375 0 0.93350569140625 0
0 0.820576150390625 0 0.79799232421875 0.170221283203125 0.881269546875 0.16343446875 0.90967459375 0 0.820576150390625 0
0 0.692435744140625 0 0.69279269140625 0.17041509375 0.77308317578125 0.182251169921875 0.793688767578125 0 0.692435744140625 0
0 0.580791111328125 0 0.579344974609375 0.1820218046875 0.670993759765625 0.18047859765625 0.676029640625 0 0.580791111328125 0
0 0.465383189453125 0 0.477378939453125 0.19690565234375 0.55338077734375 0.1922394921875 0.552688478515625 0 0.465383189453125 0
0 0.35053728125 0 0.364136857421875 0.2362729765625 0.44953779296875 0.234961173828125 0.44335265625 0.00025076953125 0.441576021484375 0 0.35053728125 0
0 0.2383273125 0 0.260732017578125 0.19752466796875 0.33362354296875 0.194824982421875 0.330832080078125 0.001639658203125 0.316132572265625 0 0.2383273125 0
0 0.127689740234375 0 0.15756023046875 0.190238517578125 0.231493095703125 0.187500263671875 0.224582080078125 0.00557484375 0.171620255859375 0 0.127689740234375 0
1 0.5572844328703703 0.725658275462963 0.08352141203703711 0.20421006944444464
1 0.3951316550925926 0.7258029513888888 0.08072193287037033 0.2216796875
1 0.3160662615740741 0.7336154513888888 0.085474537037037 0.20428240740740744
1 0.2358796296296296 0.7219328703703705 0.07968750000000002 0.2138310185185186
1 0.07190393518518517 0.7397280092592593 0.08350694444444445 0.20225694444444442