1 0.035646861328125 0.232581017578125 0.0099048359375 0.386921296875 0.08157407421875 0.404537037109375 0.102793208984375 0.23884259375 0.035646861328125 0.232581017578125
0 0.12154449609375 0.134178240234375 0.08486368359375 0.393587962890625 0.16126157421875 0.408668982421875 0.194776234375 0.151875 0.12154449609375 0.134178240234375
1 0.1708423359375 0.395266203125 0.2536548359375 0.399560185546875 0.267102623046875 0.230682869140625 0.187456275390625 0.2237731484375 0.1708423359375 0.395266203125
1 0.268788580078125 0.222430556640625 0.25361368359375 0.402337962890625 0.342799640625 0.39862268359375 0.353204732421875 0.22402777734375 0.268788580078125 0.222430556640625
1 0.353081275390625 0.232361111328125 0.344362140625 0.398703703125 0.4192798359375 0.4081481484375 0.421831275390625 0.23592592578125 0.353081275390625 0.232361111328125
0 0.43379758203125 0.167048611328125 0.43173868359375 0.41157407421875 0.5005298359375 0.412361111328125 0.49637988671875 0.164733796875 0.43379758203125 0.167048611328125
1 0.500038580078125 0.234421296875 0.50065329296875 0.40402777734375 0.5866319453125 0.405706017578125 0.576765689453125 0.22728009375 0.500038580078125 0.234421296875
0 0.58536008203125 0.174907408203125 0.59719907421875 0.4312731484375 0.68169753125 0.427314814453125 0.6604835390625 0.170462962890625 0.58536008203125 0.174907408203125
0 0.66817258203125 0.179201390625 0.68634387890625 0.4303356484375 0.75846579296875 0.41739583203125 0.73712834375 0.168877314453125 0.66817258203125 0.179201390625
0 0.74934027734375 0.188969908203125 0.77409079296875 0.418206017578125 0.843170009765625 0.399548609375 0.81521219140625 0.17570601953125 0.74934027734375 0.188969908203125
0 0.8401710390625 0.17978009375 0.864839248046875 0.414571759765625 0.930875771484375 0.3901967578125 0.89193930078125 0.168564814453125 0.8401710390625 0.17978009375
0 0.99625514453125 0.30462962890625 0.964224537109375 0.250150462890625 0.91767746875 0.331134259765625 0.9937860078125 0.471296296875 0.99625514453125 0.30462962890625
0 0.985143208984375 1 0.9850231484375 0.851689814453125 0.90192258203125 0.866840279296875 0.91624336328125 1 0.985143208984375 1
0 0.892956357421875 1 0.86442258203125 0.864895833984375 0.78448816796875 0.877430556640625 0.79803701171875 1 0.892956357421875 1
0 0.775243044921875 1 0.760886060546875 0.887326388671875 0.681116255859375 0.88875 0.6880295859375 1 0.775243044921875 1
0 0.660358220703125 1 0.66096836328125 0.8765856484375 0.579594908203125 0.880706017578125 0.580407556640625 1 0.660358220703125 1
0 0.54164410546875 1 0.542424125 0.8565393515625 0.4675064296875 0.847094908203125 0.463895630859375 1 0.54164410546875 1
0 0.4313402578125 1 0.4383950625 0.80666666796875 0.35093621484375 0.7993518515625 0.340615232421875 1 0.4313402578125 1
0 0.309563892578125 1 0.318822015625 0.856064814453125 0.23925797265625 0.843599537109375 0.2251560546875 1 0.309563892578125 1
0 0.20615333203125 1 0.213928755859375 0.864525462890625 0.145261060546875 0.85540509375 0.124912662109375 1 0.20615333203125 1