0 0.11655815972222222 0.22467447916666666 0.07891348379629631 0.24342447916666665
0 0.20146122685185186 0.23815104166666667 0.07016782407407407 0.24869791666666663
0 0.28441840277777775 0.25052083333333336 0.0791377314814814 0.27369791666666665
0 0.37026909722222223 0.26796875 0.08310908564814812 0.2827473958333333
0 0.5382884837962962 0.2723307291666667 0.08009982638888902 0.27180989583333326
0 0.8605324074074074 0.2967447916666667 0.08794126157407423 0.2762369791666667
0 0 0.25766818359375 0.00691226171875 0.403437498046875 0.08281184765625 0.27107392578125 0.046133576171875 0.159382658203125 0 0.220662853515625 0 0.25766818359375
0 0.065683763671875 1 0.098662259765625 0.803547638671875 0 0.77117823828125 0 1 0.065683763671875 1
0 0.189620427734375 1 0.201765501953125 0.808569587890625 0.123708498046875 0.797810908203125 0.08700742578125 0.986840275390625 0.138053892578125 1 0.189620427734375 1
0 0.307401275390625 1 0.3151858984375 0.827240712890625 0.229853412109375 0.814145400390625 0.212511541015625 1 0.307401275390625 1
0 0.42142693359375 1 0.417220380859375 0.835894611328125 0.334956984375 0.830410384765625 0.32546630078125 1 0.42142693359375 1
0 0.532058607421875 1 0.525584970703125 0.833860837890625 0.455844787109375 0.82550820703125 0.447155658203125 1 0.532058607421875 1
0 0.646139533203125 1 0.642472015625 0.806472328125 0.559167373046875 0.800918685546875 0.5574718046875 1 0.646139533203125 1
0 0.7519484296875 1 0.744300865234375 0.842887015625 0.674533263671875 0.838235841796875 0.6731666484375 1 0.7519484296875 1
0 0.865623970703125 1 0.849377115234375 0.8628534609375 0.780623341796875 0.861973158203125 0.779476509765625 1 0.865623970703125 1
1 0.4590277777777778 0.2885416666666667 0.08070023148148153 0.2210937500000001
1 0.6162109375 0.3048828125 0.07475405092592591 0.208984375
1 0.6991608796296296 0.3182291666666667 0.08065682870370372 0.21523437499999998
1 0.7792679398148148 0.31966145833333337 0.07862413194444429 0.20436197916666665
1 0.9463252314814814 0.32200520833333335 0.08344184027777768 0.1958984374999999