0 0.111328125 0.2509765625 0.0830078125 0.240234375
0 0.197265625 0.25 0.072265625 0.25
0 0.28125 0.2568359375 0.07421875 0.275390625
0 0.373046875 0.255859375 0.08203125 0.2890625
0 0.529296875 0.263671875 0.0771484375 0.2548828125
0 0.8544921875 0.2705078125 0.0888671875 0.283203125
0 0 0.990901703125 0.0670757265625 0.99645384375 0.096232392578125 0.81693474609375 0.00364580078125 0.80277777734375 0 0.990901703125
0 0.07540616015625 0.27652634375 0.023340771484375 0.193244234375 0.001473294921875 0.228407763671875 0 0.439389103515625 0.00364580078125 0.413888888671875 0.07540616015625 0.27652634375
0 0.17953703515625 1 0.208693703125 0.82803902734375 0.123306380859375 0.809531833984375 0.09114580078125 0.986111111328125 0.17953703515625 1
0 0.29928753515625 1 0.3097005546875 0.831740396484375 0.2305611796875 0.809531833984375 0.20833330078125 0.9805555546875 0.29928753515625 1
0 0.414872767578125 1 0.416955353515625 0.833591166015625 0.32844410546875 0.831740396484375 0.32395830078125 1 0.414872767578125 1
0 0.533581927734375 0.990901703125 0.531499248046875 0.815083974609375 0.4492359453125 0.815083974609375 0.45520830078125 0.986111111328125 0.533581927734375 0.990901703125
0 0.65124974609375 1 0.6429193125 0.787323271484375 0.557531990234375 0.787323271484375 0.55989580078125 0.988888888671875 0.65124974609375 1
0 0.759545791015625 0.99645384375 0.74705008984375 0.818785345703125 0.668951958984375 0.82248688671875 0.68020830078125 0.991666666015625 0.759545791015625 0.99645384375
0 0.869924609375 0.990901703125 0.847015697265625 0.818785345703125 0.77724809765625 0.815083974609375 0.78645830078125 0.988888888671875 0.869924609375 0.990901703125
0 0.52239580078125 0 0.526292736328125 0.03593353125 0.58148205078125 0.0377842578125 0.58148205078125 0 0.52239580078125 0
1 0.455078125 0.291015625 0.080078125 0.2041015625
1 0.6162109375 0.291015625 0.083984375 0.2109375
1 0.693359375 0.298828125 0.080078125 0.1748046875
1 0.7705078125 0.283203125 0.07421875 0.1943359375
1 0.9453125 0.2978515625 0.0888671875 0.216796875
1 0.5846059765625 0 0.582523390625 0.0322321171875 0.65541501171875 0.030381390625 0.65520830078125 0 0.5846059765625 0
1 0.65124974609375 0 0.65124974609375 0.03593353125 0.726223953125 0.03408284375 0.72552080078125 0 0.65124974609375 0
1 0.72101744140625 0 0.726223953125 0.0322321171875 0.79495030859375 0.028530705078125 0.79270830078125 0 0.72101744140625 0
1 0.79390896875 0.004471416015625 0.79495030859375 0.0266799765625 0.8678419296875 0.022978564453125 0.86770830078125 0 0.79390896875 0.004471416015625
1 0.863676759765625 0 0.8678419296875 0.039634986328125 0.9313616796875 0.03593353125 0.93020830078125 0 0.863676759765625 0