0 0.8382378472222223 0.8113715277777778 0.09432146990740753 0.2591796875000001
0 0.7568431712962963 0.7981987847222223 0.08185763888888897 0.2627097800925924
0 0.6693576388888889 0.7887586805555555 0.09214409722222228 0.27178819444444446
0 0.5851490162037037 0.7735460069444444 0.10047743055555558 0.2808087384259259
0 0.4228660300925926 0.7716724537037036 0.08553240740740742 0.2589192708333332
0 0.09537037037037037 0.7678385416666667 0.10857204861111111 0.26935040509259256
0 0.964938271484375 0.621296294921875 0.874761150390625 0.7451009140625 0.916573986328125 0.8668474375 0.952959953125 0.823430427734375 0.964938271484375 0.621296294921875
0 0.935006859375 0.02770390625 0.880422505859375 0.2446986328125 0.986145865234375 0.25461419921875 0.998526705078125 0.0295859765625 0.935006859375 0.02770390625
0 0.8558697890625 0.2365553203125 0.90836037109375 0.03526234765625 0.8173390390625 0.024217453125 0.777059333984375 0.22865830859375 0.8558697890625 0.2365553203125
0 0.757164771484375 0.2299227734375 0.79273537109375 0.031836421875 0.688006623046875 0.023937763671875 0.670572236328125 0.212525421875 0.757164771484375 0.2299227734375
0 0.654075240234375 0.22686826953125 0.66650208984375 0.022530865234375 0.5705489453125 0.016905154296875 0.559754921875 0.21665776953125 0.654075240234375 0.22686826953125
0 0.531913138671875 0.228810541015625 0.548820763671875 0.0273919765625 0.46017022265625 0.013634673828125 0.45321244921875 0.219062845703125 0.531913138671875 0.228810541015625
0 0.426849509765625 0.25906887890625 0.434593654296875 0.026790125 0.345626328125 0.010240779296875 0.341681625 0.252837515625 0.426849509765625 0.25906887890625
0 0.31323837109375 0.2223312890625 0.316259517578125 0.01292303515625 0.234206359375 0.006939447265625 0.2425391015625 0.21838255859375 0.31323837109375 0.2223312890625
0 0.12174505078125 0.00360726171875 0.131338478515625 0.211379771484375 0.20664169921875 0.20804908984375 0.21197919921875 0.006280865234375 0.12174505078125 0.00360726171875
1 0.49777922453703705 0.7621527777777778 0.09201388888888884 0.23668981481481488
1 0.33797019675925927 0.7515480324074074 0.09539930555555554 0.2280164930555555
1 0.25720486111111107 0.744263599537037 0.09004629629629624 0.20348668981481488
1 0.17471064814814813 0.7496455439814815 0.08930121527777779 0.20736400462962967
1 0.029430700231481484 0.7380063657407407 0.05886140046296297 0.1986617476851853