0 0.8150318287037037 0.05694986979166666 0.09840133101851856 0.11389973958333333
0 0.7062282986111111 0.06878255208333334 0.10902777777777772 0.13756510416666667
0 0.5879774305555556 0.09305013020833333 0.10236545138888875 0.18610026041666666
0 0.47745949074074073 0.08098958333333334 0.09195601851851853 0.16197916666666667
0 0.3578486689814815 0.07535807291666667 0.09875578703703702 0.15071614583333334
0 0.24584780092592592 0.07327473958333333 0.10010127314814815 0.14654947916666666
0 0.081676314453125 0 0.107986171875 0.17099469921875 0.189012796875 0.160138732421875 0.1809600625 0 0.081676314453125 0
0 0.0341796875 0.1005859375 0.068359375 0.201171875
0 0.3232494212962963 0.7102864583333333 0.09024884259259258 0.2765624999999998
0 0.24086371527777778 0.7225911458333334 0.09785879629629635 0.2731770833333331
0 0.117594056640625 0.61728897265625 0.132488337890625 0.86115189453125 0.2014361875 0.8407581171875 0.19297987890625 0.61226325 0.117594056640625 0.61728897265625
0 0.02543925390625 0.63245070703125 0.04972581640625 0.889404298828125 0.1240931015625 0.8639504375 0.107125265625 0.623397740234375 0.02543925390625 0.63245070703125
0 0 0.773112720703125 0.032127173828125 0.73841789453125 0.02984889453125 0.684461458984375 0 0.6332127265625 0 0.773112720703125
0 0.4890625 0.703125 0.08162615740740742 0.26041666666666674
0 0.795172283203125 0.547093287109375 0.752126548828125 0.819842681640625 0.829149916015625 0.83160226171875 0.873051259765625 0.552723001953125 0.795172283203125 0.547093287109375
1 0.876013634765625 0.55432912890625 0.8496063671875 0.719156564453125 0.91442905078125 0.7140930859375 0.949174361328125 0.553058978515625 0.876013634765625 0.55432912890625
1 0.704304244140625 0.576598072265625 0.687279322265625 0.7316022890625 0.761432197265625 0.727900109375 0.78589641015625 0.569354974609375 0.704304244140625 0.576598072265625
1 0.623637044921875 0.5855831171875 0.611397607421875 0.743313263671875 0.68687733203125 0.73647766796875 0.70522915625 0.578340025390625 0.623637044921875 0.5855831171875
1 0.540195220703125 0.5893422890625 0.52894393359375 0.75514935546875 0.608529130859375 0.739897265625 0.62150573828125 0.5875288203125 0.540195220703125 0.5893422890625
1 0.37274844140625 0.607719873046875 0.372441791015625 0.77857420703125 0.453950451171875 0.764631390625 0.456565646484375 0.596721208984375 0.37274844140625 0.607719873046875