0 0 0 0 0.189051115234375 0.07220721875 0.16016589453125 0.057563275390625 0 0 0
0 0.081390126953125 0 0.1071234140625 0.162972609375 0.200651578125 0.1373456796875 0.185923876953125 0 0.081390126953125 0
0 0.203846220703125 0 0.218520662109375 0.143344908203125 0.297485853515625 0.12309027734375 0.288811869140625 0 0.203846220703125 0
0 0.317808341796875 0 0.31866105078125 0.140461033203125 0.40531871484375 0.122116125 0.411650662109375 0 0.317808341796875 0
0 0.445413810546875 0 0.43785258203125 0.145823689453125 0.518581748046875 0.141637732421875 0.52592592578125 0 0.445413810546875 0
0 0.5567228671875 0 0.545427169921875 0.174874615234375 0.636573001953125 0.17014853515625 0.647588330078125 0 0.5567228671875 0
0 0.67583093359375 0 0.66241105078125 0.122636958984375 0.7365097734375 0.121103396484375 0.7516170390625 0 0.67583093359375 0
0 0.7820219609375 0 0.76717785546875 0.10566165234375 0.8415166328125 0.099498455078125 0.859197275390625 0 0.7820219609375 0
1 0.954349923828125 0.553057484375 0.873500728515625 0.5595582578125 0.85422025 0.705999228515625 0.925834833984375 0.70228587890625 0.954349923828125 0.553057484375
0 0.877767060546875 0.552411265625 0.80094414453125 0.55639467578125 0.76205954296875 0.805430169921875 0.771174125 0.8049575625 0.834376072265625 0.81322337890625 0.877767060546875 0.552411265625
1 0.7925315078125 0.56837384375 0.7107403125 0.567997685546875 0.693103779296875 0.732822146484375 0.7685045859375 0.731221064453125 0.7925315078125 0.56837384375
1 0.713224451171875 0.57017746875 0.6287090625 0.572251158203125 0.610832474609375 0.74170524609375 0.691681669921875 0.735204474609375 0.713224451171875 0.57017746875
1 0.627527005859375 0.570003857421875 0.537563228515625 0.57697723828125 0.530685228515625 0.759712576171875 0.617102837890625 0.74599730078125 0.627527005859375 0.570003857421875
0 0.52377829296875 0.817785494140625 0.532354896484375 0.57724730078125 0.462042396484375 0.5808931328125 0.4609182109375 0.827970677734375 0.52377829296875 0.817785494140625
1 0.456826560546875 0.75661651171875 0.46062028515625 0.5832754609375 0.376206703125 0.608429783203125 0.375617283203125 0.770061728515625 0.456826560546875 0.75661651171875
0 0.37285665234375 0.82330246875 0.369492669921875 0.562606095703125 0.288043337890625 0.58068094140625 0.297095765625 0.831847994140625 0.37285665234375 0.82330246875
0 0.284017060546875 0.583198302734375 0.201505701171875 0.596711033203125 0.20831404296875 0.841068671875 0.29082540234375 0.827555939453125 0.284017060546875 0.583198302734375
0 0.188124787109375 0.6043306328125 0.123602537109375 0.62152777734375 0.142969822265625 0.849074072265625 0.202163708984375 0.834461806640625 0.188124787109375 0.6043306328125
0 0.128046767578125 0.861390818359375 0.101827203125 0.615731095703125 0.0259280703125 0.651986884765625 0.05204582421875 0.874565970703125 0.128046767578125 0.861390818359375
0 0 0.79039672265625 0.046604939453125 0.704012345703125 0 0.615408033203125 0 0.79039672265625
0 0.5005642361111111 0.9586950231481481 0.05991030092592586 0.02842881944444442
1 0.566869212962963 0.957204861111111 0.07337962962962963 0.025231481481481577
1 0.6373336226851851 0.9506293402777778 0.07173032407407387 0.030989583333333348
1 0.7086733217592593 0.9459563078703703 0.07183159722222232 0.03294270833333335
1 0.7820674189814815 0.9392288773148147 0.06699942129629632 0.03366608796296289
1 0.8514033564814816 0.9356336805555556 0.07604166666666679 0.039004629629629584