1 0.9657012421875 0.271618716796875 0.902379115234375 0.279183201171875 0.9177726328125 0.422453703125 0.994605197265625 0.419353505859375 0.9657012421875 0.271618716796875
0 0.810153953125 0.17666997265625 0.846461640625 0.423776455078125 0.918594759765625 0.412574404296875 0.881171001953125 0.165426587890625 0.810153953125 0.17666997265625
1 0.737669935546875 0.2512814140625 0.753474978515625 0.408440806640625 0.826900537109375 0.40323247265625 0.8089809296875 0.2499586640625 0.737669935546875 0.2512814140625
1 0.73872721875 0.249338625 0.662951939453125 0.25049603125 0.667302322265625 0.397321427734375 0.7508901015625 0.396453373046875 0.73872721875 0.249338625
1 0.578893849609375 0.235491072265625 0.585065771484375 0.406167328125 0.6651877578125 0.401207009765625 0.656960060546875 0.236400462890625 0.578893849609375 0.235491072265625
0 0.50429159375 0.163359787109375 0.502711640625 0.41104497265625 0.573024140625 0.413649140625 0.56679159375 0.165674603515625 0.50429159375 0.163359787109375
1 0.4234659765625 0.219824736328125 0.417008376953125 0.37814153515625 0.498951904296875 0.397032076171875 0.49847791796875 0.23053075390625 0.4234659765625 0.219824736328125
0 0.34445822265625 0.149512234375 0.32878086328125 0.41054894140625 0.408374669921875 0.42538855859375 0.419705318359375 0.16815476171875 0.34445822265625 0.149512234375
0 0.33241659375 0.156994046875 0.26509957421875 0.142609126953125 0.24807098828125 0.39566798828125 0.324316578125 0.41038359765625 0.33241659375 0.156994046875
0 0.190264 0.137855490234375 0.1648350234375 0.37078373046875 0.226689263671875 0.388930224609375 0.247653953125 0.155836640625 0.190264 0.137855490234375
0 0.099627056640625 0.126570767578125 0.074549896484375 0.333746693359375 0.147095458984375 0.374090609375 0.159131578125 0.1406663359375 0.099627056640625 0.126570767578125
0 0.03613040234375 0.203497025390625 0.007466197265625 0.251984126953125 0.013579328125 0.420676255859375 0.084064521484375 0.278604498046875 0.03613040234375 0.203497025390625
0 0.083464556640625 1 0.105988205078125 0.83039848046875 0.0236919453125 0.79960317578125 0.02962962890625 1 0.083464556640625 1
0 0.198784583984375 1 0.223528439453125 0.84664351953125 0.14599041015625 0.82593419140625 0.110132349609375 1 0.198784583984375 1
0 0.3202909375 1 0.328791888671875 0.86243386328125 0.248317166015625 0.85548941796875 0.2362914140625 1 0.3202909375 1
0 0.440088892578125 1 0.438049310546875 0.86251653515625 0.356517306640625 0.857514880859375 0.3534471015625 1 0.440088892578125 1
0 0.55880595703125 1 0.55124191796875 0.84490740625 0.470943560546875 0.84391534375 0.47355120703125 1 0.55880595703125 1
0 0.671658591796875 1 0.664962705078125 0.807498345703125 0.582255841796875 0.80047123046875 0.589177630859375 1 0.671658591796875 1
0 0.786774580078125 1 0.77245921484375 0.861028439453125 0.692219650390625 0.86202050390625 0.70197209765625 1 0.786774580078125 1
0 0.888936455078125 1 0.86644437109375 0.872437169921875 0.795250955078125 0.877728173828125 0.81327433203125 1 0.888936455078125 1
0 0.5223214296875 0.01934523828125 0.523966599609375 0.037243716796875 0.583118384765625 0.0394345234375 0.58258928515625 0.021577380859375 0.5223214296875 0.01934523828125
1 0.7890625 0.029224537109375 0.79082525 0.05109126953125 0.86548445703125 0.049892525390625 0.860491072265625 0.0318700390625 0.7890625 0.029224537109375
1 0.93597332421875 0.05844907421875 0.932037220703125 0.038483796875 0.86278200390625 0.033936837890625 0.869126615234375 0.05993716796875 0.93597332421875 0.05844907421875