0 0.9006438078703703 0.20451388888888888 0.08485243055555558 0.2640842013888889
0 0.8200593171296297 0.22081163194444445 0.08065682870370372 0.2560980902777778
0 0.734447337962963 0.2334201388888889 0.09396701388888884 0.27326388888888886
0 0.6436993634259259 0.23940972222222223 0.09411168981481488 0.27717013888888886
0 0.47920283564814814 0.23498263888888887 0.0874204282407407 0.2544487847222222
0 0.16127748842592593 0.2608506944444444 0.09523292824074076 0.2547960069444444
0 1 0.183109705078125 0.97860991015625 0.15006855859375 0.939261833984375 0.27045797265625 1 0.358513501953125 1 0.183109705078125
0 1 0.771125927734375 0.939368142578125 0.780237263671875 0.972953896484375 0.954851701171875 1 0.952078345703125 1 0.771125927734375
0 0.95495759375 0.950856478515625 0.9124996953125 0.786992697265625 0.8209331640625 0.79291613671875 0.856458662109375 0.96358126171875 0.95495759375 0.950856478515625
0 0.83464509375 0.956203701171875 0.800874091796875 0.7863925546875 0.716035126953125 0.804993197265625 0.73879084375 0.96881094140625 0.83464509375 0.956203701171875
0 0.71453835546875 0.96710648046875 0.701812736328125 0.787087818359375 0.606697744140625 0.80985263671875 0.62008168359375 0.974086904296875 0.71453835546875 0.96710648046875
0 0.592766236328125 0.975300923828125 0.582404958984375 0.80166357421875 0.509444791015625 0.8030524296875 0.50866171484375 0.97903890234375 0.592766236328125 0.975300923828125
0 0.48287683203125 0.966273146484375 0.475382126953125 0.756368625 0.385062474609375 0.76779784375 0.386697291015625 0.98090755078125 0.48287683203125 0.966273146484375
0 0.36412683203125 0.971550923828125 0.3606879765625 0.7855649921875 0.28279548046875 0.79458816015625 0.27957383203125 0.9892205859375 0.36412683203125 0.971550923828125
0 0.261104712890625 0.97891203515625 0.2550097109375 0.832898310546875 0.18261107421875 0.821286005859375 0.167816888671875 0.9850742890625 0.261104712890625 0.97891203515625
1 0.5584490740740741 0.26178385416666666 0.08716724537037046 0.2476128472222222
1 0.40010127314814814 0.26490885416666665 0.08998842592592593 0.21848958333333335
1 0.3192997685185185 0.27534722222222224 0.09393084490740744 0.1933159722222222
1 0.23571325231481483 0.2898220486111111 0.08792679398148151 0.18914930555555554
1 0.07371238425925926 0.29995659722222223 0.10684317129629631 0.1997395833333333
1 0.354669921875 0 0.35549326953125 0.0257542578125 0.425055330078125 0.017101333984375 0.424421947265625 0 0.354669921875 0
1 0.279125873046875 0 0.279066548828125 0.018028443359375 0.356191884765625 0.016454423828125 0.355582462890625 0 0.279125873046875 0
1 0.21019173046875 0 0.209230310546875 0.019278544921875 0.2770524140625 0.019971734375 0.280791681640625 0 0.21019173046875 0
1 0.1419380078125 0 0.13737993359375 0.02247189453125 0.208188970703125 0.019324826171875 0.209582396484375 0 0.1419380078125 0
1 0.074220162109375 0 0.071216072265625 0.03838880078125 0.136818501953125 0.03547313671875 0.135504681640625 0 0.074220162109375 0
1 0.00260987890625 0 0.00436676171875 0.035798603515625 0.068790666015625 0.029227810546875 0.072403525390625 0 0.00260987890625 0
0 0.429448458984375 0 0.431440271484375 0.02052510546875 0.4843413671875 0.0126126640625 0.4823218671875 0 0.429448458984375 0