0 0.10052542578125 0.7414021171875 0.146548904296875 0.720833333984375 0.125345384765625 0.571428572265625 0.064842373046875 0.590873015625 0.10052542578125 0.7414021171875
0 0.197185478515625 0.53941798828125 0.137886720703125 0.5528439140625 0.154155642578125 0.734259259765625 0.212308935546875 0.72288359765625 0.197185478515625 0.53941798828125
0 0.2740180390625 0.546759259765625 0.2193305390625 0.550000001953125 0.2256723984375 0.72407407421875 0.275983796875 0.715145501953125 0.2740180390625 0.546759259765625
1 0.35757642578125 0.551719578125 0.290641533203125 0.553703703125 0.288877865234375 0.672751322265625 0.35246454296875 0.670965609375 0.35757642578125 0.551719578125
0 0.42468768359375 0.537830689453125 0.368884111328125 0.54113756640625 0.364094650390625 0.713888888671875 0.409824185546875 0.713161375 0.42468768359375 0.537830689453125
1 0.490212560546875 0.555753966796875 0.425509810546875 0.5576058203125 0.418489125 0.655158728515625 0.47869819140625 0.655555556640625 0.490212560546875 0.555753966796875
1 0.538966048828125 0.65198412890625 0.55614895703125 0.545899470703125 0.492591673828125 0.545701056640625 0.47764091015625 0.6516534375 0.538966048828125 0.65198412890625
1 0.617503490234375 0.544246033203125 0.557294423828125 0.54384920703125 0.538995443359375 0.65 0.6002911875 0.65231481640625 0.617503490234375 0.544246033203125
1 0.679974095703125 0.542526455078125 0.619735634765625 0.5441137578125 0.5981178359375 0.648478837890625 0.6550374765625 0.6451058203125 0.679974095703125 0.542526455078125
1 0.740183166015625 0.54292328125 0.6811195625 0.54047619140625 0.6584150859375 0.642923279296875 0.710870443359375 0.639814814453125 0.740183166015625 0.54292328125
1 0.79816008984375 0.543452380859375 0.741269841796875 0.54484126953125 0.7164801953125 0.6375 0.770051625 0.634325396484375 0.79816008984375 0.543452380859375
1 0.858427947265625 0.539880953125 0.80153769921875 0.541269841796875 0.77113830078125 0.636243384765625 0.822418796875 0.637169310546875 0.858427947265625 0.539880953125
1 0.914231517578125 0.53657407421875 0.860689484375 0.53776455078125 0.8258551953125 0.631018517578125 0.878281158203125 0.6298941796875 0.914231517578125 0.53657407421875
1 0.96997630078125 0.537235451171875 0.9153181953125 0.538492064453125 0.87927965234375 0.637764548828125 0.927241328125 0.636904763671875 0.96997630078125 0.537235451171875
1 0.991211052734375 0.533994708984375 0.967714763671875 0.5393518515625 0.93070712109375 0.628769841796875 0.987626763671875 0.625396826171875 0.991211052734375 0.533994708984375
1 0.99441505078125 0.3177248671875 0.99585537890625 0.22050264453125 0.9646347734375 0.220370369140625 0.916965203125 0.352050263671875 0.97820216015625 0.35833333203125 0.99441505078125 0.3177248671875
1 0.855581275390625 0.355687830078125 0.9169064140625 0.356018517578125 0.963518703125 0.2204365078125 0.897758671875 0.2183862421875 0.855581275390625 0.355687830078125
1 0.8522330625 0.3558862421875 0.8943810625 0.220568783203125 0.826418283203125 0.216666666015625 0.7875303125 0.357738095703125 0.8522330625 0.3558862421875
1 0.78755970703125 0.35575396875 0.8240685625 0.22473544921875 0.753873640625 0.220965607421875 0.725147890625 0.353505291015625 0.78755970703125 0.35575396875
0 0.703647669921875 0.44993386328125 0.75272817578125 0.223015873046875 0.68382569140625 0.2072751328125 0.641324037109375 0.4417328046875 0.703647669921875 0.44993386328125
1 0.648168357421875 0.35608465625 0.6747501484375 0.2177248671875 0.6022936875 0.216071427734375 0.57903071875 0.356216931640625 0.648168357421875 0.35608465625
1 0.57903071875 0.356216931640625 0.59788819140625 0.212367724609375 0.519851375 0.211044974609375 0.50542879296875 0.356613755859375 0.57903071875 0.356216931640625
1 0.504283326171875 0.358664021484375 0.5209674453125 0.2109788359375 0.440786669921875 0.203835978515625 0.429624119140625 0.35515873046875 0.504283326171875 0.358664021484375
0 0.4129115234375 0.42949735546875 0.427658361328125 0.18677248828125 0.364218658203125 0.178637564453125 0.355991880859375 0.43287037109375 0.4129115234375 0.42949735546875
1 0.35164608984375 0.349867724609375 0.352852181640625 0.19318783203125 0.26803075390625 0.198214287109375 0.273491697265625 0.356481482421875 0.35164608984375 0.349867724609375
0 0.261419751953125 0.418650794921875 0.250849685546875 0.153637564453125 0.176043505859375 0.16005291015625 0.188875109375 0.422949736328125 0.261419751953125 0.418650794921875
0 0.1765689296875 0.425661375 0.16288580078125 0.144973544921875 0.079914388671875 0.175661375 0.108459177734375 0.43167989453125 0.1765689296875 0.425661375
0 0 0.296699494140625 0.02167015625 0.41898148046875 0.089926880859375 0.403042328125 0.060119046875 0.15701058203125 0 0.166285728515625 0 0.296699494140625