1 0.9988839296875 0.317460318359375 0.947544642578125 0.3214285703125 0.984375 0.412698412109375 0.9988839296875 0.412698412109375 0.9988839296875 0.317460318359375
1 0.896205357421875 0.3214285703125 0.9308035703125 0.422619046875 0.982142857421875 0.412698412109375 0.947544642578125 0.3214285703125 0.896205357421875 0.3214285703125
1 0.8426339296875 0.32341269921875 0.87165178515625 0.412698412109375 0.927455357421875 0.41865079296875 0.8917410703125 0.32341269921875 0.8426339296875 0.32341269921875
1 0.786830357421875 0.32341269921875 0.81584821484375 0.41865079296875 0.87053571484375 0.41071428515625 0.83928571484375 0.3214285703125 0.786830357421875 0.32341269921875
1 0.72991071484375 0.3194444453125 0.75446428515625 0.41865079296875 0.8136160703125 0.412698412109375 0.78459821484375 0.32341269921875 0.72991071484375 0.3194444453125
1 0.6729910703125 0.3194444453125 0.6964285703125 0.422619046875 0.75334821484375 0.41865079296875 0.728794642578125 0.3194444453125 0.6729910703125 0.3194444453125
1 0.614955357421875 0.32539682421875 0.630580357421875 0.416666666015625 0.693080357421875 0.416666666015625 0.6729910703125 0.32539682421875 0.614955357421875 0.32539682421875
1 0.5558035703125 0.3194444453125 0.5691964296875 0.422619046875 0.6316964296875 0.41865079296875 0.61383928515625 0.3194444453125 0.5558035703125 0.3194444453125
1 0.4921875 0.32341269921875 0.50334821484375 0.422619046875 0.568080357421875 0.41865079296875 0.552455357421875 0.32341269921875 0.4921875 0.32341269921875
1 0.431919642578125 0.317460318359375 0.439732142578125 0.42460317578125 0.502232142578125 0.416666666015625 0.4921875 0.317460318359375 0.431919642578125 0.317460318359375
0 0.37946428515625 0.263888888671875 0.3828125 0.4444444453125 0.4375 0.438492064453125 0.42522321484375 0.263888888671875 0.37946428515625 0.263888888671875
1 0.3035714296875 0.313492064453125 0.30022321484375 0.4305555546875 0.37053571484375 0.42658730078125 0.3671875 0.309523810546875 0.3035714296875 0.313492064453125
0 0.23883928515625 0.263888888671875 0.2265625 0.4305555546875 0.2879464296875 0.434523810546875 0.2901785703125 0.263888888671875 0.23883928515625 0.263888888671875
0 0.22321428515625 0.259920634765625 0.16852678515625 0.25396825390625 0.1484375 0.4444444453125 0.208705357421875 0.4444444453125 0.22321428515625 0.259920634765625
0 0.138392857421875 0.414682541015625 0.1651785703125 0.265873015625 0.11383928515625 0.2579365078125 0.07477678515625 0.388888888671875 0.0770089296875 0.40277777734375 0.138392857421875 0.414682541015625
0 0.033482142578125 0.577380953125 0.00334821484375 0.7420634921875 0.0011160703125 0.827380953125 0.0636160703125 0.833333333984375 0.0948660703125 0.59722222265625 0.033482142578125 0.577380953125
0 0.08928571484375 0.83134920703125 0.1651785703125 0.837301587890625 0.18303571484375 0.57341269921875 0.119419642578125 0.5714285703125 0.08928571484375 0.83134920703125
0 0.2667410703125 0.5694444453125 0.2020089296875 0.565476189453125 0.1875 0.84325396875 0.260044642578125 0.84325396875 0.2667410703125 0.5694444453125
1 0.36272321484375 0.62103174609375 0.28125 0.62103174609375 0.2723214296875 0.79365079296875 0.361607142578125 0.787698412109375 0.36272321484375 0.62103174609375
0 0.421875 0.5555555546875 0.37165178515625 0.557539681640625 0.369419642578125 0.787698412109375 0.431919642578125 0.783730158203125 0.421875 0.5555555546875
1 0.4375 0.623015873046875 0.447544642578125 0.77579365234375 0.529017857421875 0.763888888671875 0.5167410703125 0.6170634921875 0.4375 0.623015873046875
1 0.5870535703125 0.607142857421875 0.51116071484375 0.619047619140625 0.529017857421875 0.767857142578125 0.607142857421875 0.755952380859375 0.5870535703125 0.607142857421875
1 0.60823934765625 0.74986076171875 0.685267857421875 0.740079365234375 0.65959821484375 0.6011904765625 0.588169642578125 0.607142857421875 0.60823934765625 0.74986076171875
0 0.65178571484375 0.537698412109375 0.7020089296875 0.7579365078125 0.7589285703125 0.7420634921875 0.7120535703125 0.515873015625 0.65178571484375 0.537698412109375
1 0.796875 0.595238095703125 0.73772321484375 0.60515873046875 0.7589285703125 0.73809523828125 0.83258928515625 0.728174603515625 0.796875 0.595238095703125
1 0.864955357421875 0.595238095703125 0.80022321484375 0.60515873046875 0.833705357421875 0.732142857421875 0.904017857421875 0.728174603515625 0.864955357421875 0.595238095703125
1 0.92633928515625 0.58928571484375 0.86383928515625 0.59722222265625 0.9051339296875 0.7261904765625 0.974330357421875 0.72420634765625 0.92633928515625 0.58928571484375
1 0.9988839296875 0.728174603515625 1 0.611111111328125 0.9933035703125 0.58928571484375 0.92633928515625 0.591269841796875 0.9754464296875 0.7261904765625 0.9988839296875 0.728174603515625