0 0.9140842013888889 0.7719979745370371 0.08906973379629624 0.27170862268518503
0 0.8295789930555555 0.753175636574074 0.07596932870370354 0.2578486689814814
0 0.7425202546296297 0.7470052083333334 0.09090711805555562 0.26783130787037024
0 0.654224537037037 0.7320312499999999 0.08909866898148167 0.27268518518518503
0 0.4924334490740741 0.7403718171296296 0.07826967592592593 0.2695963541666666
0 0.16927806712962962 0.7385127314814814 0.09317853009259258 0.27860243055555545
0 1 0.6283089140625 0.944440396484375 0.718648810546875 0.999357302734375 0.81565722265625 1 0.81480483203125 1 0.6283089140625
0 1 0.014814814453125 0.935006859375 0.013851953125 0.91434353515625 0.194680939453125 1 0.2084115 1 0.014814814453125
0 0.883268791015625 0.199770275390625 0.91864072265625 0.02749228515625 0.8144846953125 0.0211607421875 0.80785589453125 0.183853724609375 0.883268791015625 0.199770275390625
0 0.778754064453125 0.18527254296875 0.790598025390625 0.0283719140625 0.697145892578125 0.030521796875 0.69807982421875 0.16742826171875 0.778754064453125 0.18527254296875
0 0.68240590625 0.200494275390625 0.67776880859375 0.015594134765625 0.584085986328125 0.008653125 0.580905435546875 0.182341453125 0.68240590625 0.200494275390625
0 0.558490236328125 0.19865848828125 0.54972611328125 0.016473765625 0.46685216015625 0.021560333984375 0.4751855 0.19742434375 0.558490236328125 0.19865848828125
0 0.4517289609375 0.213725947265625 0.44051572265625 0.020408951171875 0.34666766796875 0.00513581640625 0.368588828125 0.218043947265625 0.4517289609375 0.213725947265625
0 0.3354856953125 0.189805013671875 0.32489072265625 0.01869598828125 0.240454208984375 0.00356228515625 0.268951595703125 0.192519068359375 0.3354856953125 0.189805013671875
0 0.513028708984375 1 0.52019375 0.978749435546875 0.44916546484375 0.970297587890625 0.450668044921875 1 0.513028708984375 1
1 0.5671657986111112 0.7258608217592593 0.08449074074074092 0.21600115740740744
1 0.4105396412037037 0.7108506944444444 0.09433593749999991 0.18588686342592586
1 0.32690248842592595 0.7213252314814815 0.08485966435185177 0.19550781249999982
1 0.24498697916666667 0.7240162037037037 0.0888527199074074 0.19849537037037024
1 0.08270399305555556 0.7157552083333334 0.08822337962962962 0.21019965277777786
1 0.450045537109375 1 0.44900095703125 0.96474544921875 0.3819185 0.9489523984375 0.383631181640625 1 0.450045537109375 1
1 0.38148019140625 1 0.381315943359375 0.963742708984375 0.307328146484375 0.96079667578125 0.307242783203125 1 0.38148019140625 1
1 0.310063759765625 1 0.305519740234375 0.97001937890625 0.235752044921875 0.968985783203125 0.236815978515625 1 0.310063759765625 1
1 0.23875275 1 0.237834724609375 0.96901663671875 0.164011435546875 0.971622787109375 0.166435478515625 1 0.23875275 1
1 0.17668201953125 1 0.1648333359375 0.964235345703125 0.101203916015625 0.959592900390625 0.107342732421875 0.991132150390625 0.163534640625 1 0.17668201953125 1
1 0.104194822265625 1 0.094079328125 0.965037052734375 0.031600822265625 0.9641114453125 0.0322331484375 1 0.104194822265625 1
0 0.1321580703125 0.001957896484375 0.1562709453125 0.183450234375 0.23234132421875 0.186426990234375 0.21510419921875 0.003186728515625 0.1321580703125 0.001957896484375