0 0.10250289351851852 0.21313657407407408 0.09432146990740742 0.2580078125
0 0.18389756944444446 0.2226634837962963 0.08185763888888886 0.2617259837962963
0 0.2713831018518519 0.22819733796296296 0.09214409722222228 0.2706597222222222
0 0.355591724537037 0.23963396990740743 0.10047743055555558 0.27956452546296295
0 0.5178747106481482 0.23430266203703703 0.08553240740740731 0.2578776041666667
0 0.8453703703703703 0.22359664351851855 0.10857204861111125 0.2679759837962963
0 0 0.374126203125 0.06597958984375 0.280853365234375 0.02416675390625 0.161282021484375 0 0.191115017578125 0 0.374126203125
0 0 0.9991220859375 0.005733880859375 0.999037138671875 0.060318236328125 0.780191201171875 0 0.777225068359375 0 0.9991220859375
0 0.123401701171875 0.997293912109375 0.163681408203125 0.791603486328125 0.084870953125 0.787223783203125 0.032380369140625 0.990316357421875 0.123401701171875 0.997293912109375
0 0.2527341171875 0.99183483203125 0.27016850390625 0.8029694921875 0.183575970703125 0.789459693359375 0.148005369140625 0.98860339453125 0.2527341171875 0.99183483203125
0 0.370191794921875 0.99363776171875 0.380985818359375 0.793931427734375 0.286665501953125 0.78793244140625 0.274238650390625 0.992283951171875 0.370191794921875 0.99363776171875
0 0.480570517578125 0.992002521484375 0.48752829296875 0.78680575390625 0.408827603515625 0.78057536328125 0.391919978515625 0.982214505859375 0.480570517578125 0.992002521484375
0 0.595114412109375 0.990305576171875 0.5990591171875 0.74817164453125 0.51389123046875 0.74573526953125 0.5061470859375 0.9777469140625 0.595114412109375 0.990305576171875
0 0.706534380859375 0.988654908203125 0.698201640625 0.778137404296875 0.62750237109375 0.777335736328125 0.62448122265625 0.98632746875 0.706534380859375 0.988654908203125
0 0.818995689453125 0.98698881640625 0.809402263671875 0.78018819140625 0.73409904296875 0.7868510625 0.728761541015625 0.9883256171875 0.818995689453125 0.98698881640625
1 0.4429615162037037 0.24712094907407406 0.09201388888888884 0.23553240740740744
1 0.6027705439814814 0.25060763888888893 0.09539930555555554 0.22680121527777786
1 0.6835358796296296 0.2542896412037037 0.09004629629629646 0.20232928240740744
1 0.7660300925925927 0.24526186342592593 0.08930121527777768 0.20622106481481484
1 0.927734375 0.24969618055555556 0.09171006944444438 0.1974754050925926