0 0.1337890625 0.2080078125 0.0732421875 0.244140625
0 0.2138671875 0.2275390625 0.07421875 0.25390625
0 0.298828125 0.2314453125 0.076171875 0.2685546875
0 0.384765625 0.232421875 0.0751953125 0.2763671875
0 0.5478515625 0.2373046875 0.0703125 0.2451171875
0 0.873046875 0.2353515625 0.08203125 0.2529296875
0 0.048332173828125 0.156229935546875 0 0.228407763671875 0.00364580078125 0.408333333984375 0.1003975625 0.256168466796875 0.048332173828125 0.156229935546875
0 0.004597220703125 0.99645384375 0.080612767578125 0.99830461328125 0.119141115234375 0.761413255859375 0.00520830078125 0.75277777734375 0.004597220703125 0.99645384375
0 0.19515666015625 1 0.21910672265625 0.787323271484375 0.144132515625 0.7762189921875 0.10520830078125 0.991666666015625 0.19515666015625 1
0 0.32115501171875 1 0.327402861328125 0.7928754140625 0.24305687890625 0.7817711328125 0.22552080078125 0.986111111328125 0.32115501171875 1
0 0.438822830078125 0.989051103515625 0.4336163203125 0.789173958984375 0.351352923828125 0.7817711328125 0.34114580078125 0.99722222265625 0.438822830078125 0.989051103515625
0 0.54816021484375 1 0.53774709765625 0.791024642578125 0.47006208203125 0.7817711328125 0.46458330078125 0.991666666015625 0.54816021484375 1
0 0.6647867890625 1 0.65958018359375 0.755861115234375 0.573151615234375 0.7429061484375 0.57395830078125 0.991666666015625 0.6647867890625 1
0 0.78453719140625 1 0.758504544921875 0.8039796953125 0.68561292578125 0.8039796953125 0.68489580078125 0.991666666015625 0.78453719140625 1
0 0.893874576171875 0.9946032421875 0.865759248046875 0.8206361171875 0.78870245703125 0.82248688671875 0.79739580078125 0.9944444453125 0.893874576171875 0.9946032421875
1 0.4716796875 0.2626953125 0.080078125 0.224609375
1 0.62890625 0.259765625 0.0791015625 0.2080078125
1 0.712890625 0.2578125 0.0810546875 0.193359375
1 0.794921875 0.2685546875 0.0791015625 0.17578125
1 0.9560546875 0.2646484375 0.0732421875 0.201171875