0 0.1083984375 0.2138671875 0.07421875 0.2587890625
0 0.1962890625 0.2314453125 0.07421875 0.2509765625
0 0.2744140625 0.2294921875 0.0751953125 0.28125
0 0.3623046875 0.2451171875 0.0751953125 0.2939453125
0 0.5263671875 0.2392578125 0.0693359375 0.2529296875
0 0.853515625 0.2314453125 0.0888671875 0.2578125
0 0.028308326171875 0.15699131640625 0 0.2118178125 0.00291905859375 0.389211169921875 0.071662640625 0.27998048828125 0.028308326171875 0.15699131640625
0 0.06249155859375 1 0.088337396484375 0.798746453125 0 0.780646404296875 0 1 0.06249155859375 1
0 0.178354859375 1 0.19945319140625 0.806233384765625 0.12056369921875 0.79808161328125 0.0830459921875 0.995940498046875 0.178354859375 1
0 0.296689140625 1 0.310448939453125 0.8176458046875 0.2251381796875 0.81601548046875 0.204173890625 0.99104644140625 0.296689140625 1
0 0.41594068359375 1 0.41594068359375 0.80297266015625 0.334299232421875 0.80297266015625 0.3197959765625 0.995940498046875 0.41594068359375 1
0 0.529688392578125 1 0.527853779296875 0.794820888671875 0.449881552734375 0.794820888671875 0.449182595703125 0.99349346875 0.529688392578125 1
0 0.63976679296875 1 0.6379321796875 0.75732290234375 0.5572079921875 0.747540806640625 0.556545958984375 0.99104644140625 0.63976679296875 1
0 0.7562664609375 1 0.74067196484375 0.8127547578125 0.667286392578125 0.8127547578125 0.670791591796875 0.99349346875 0.7562664609375 1
0 0.867262125 1 0.842494484375 0.807863708984375 0.772778220703125 0.80297266015625 0.779531408203125 0.99349346875 0.867262125 1
1 0.4501953125 0.2646484375 0.080078125 0.2021484375
1 0.607421875 0.2587890625 0.0791015625 0.2041015625
1 0.6904296875 0.2568359375 0.0849609375 0.208984375
1 0.7705078125 0.2626953125 0.0810546875 0.1943359375
1 0.935546875 0.265625 0.0810546875 0.1845703125