0 0.1253833912037037 0.2109375 0.08314525462962963 0.2393012152777778
0 0.2072120949074074 0.21351996527777778 0.08113425925925927 0.23724681712962958
0 0.28924334490740744 0.20926649305555556 0.08504774305555562 0.2706018518518518
0 0.37767650462962965 0.21930700231481481 0.08562644675925934 0.2901331018518518
0 0.5399594907407408 0.20504195601851852 0.07576678240740753 0.2535445601851852
0 0.866160300925926 0.18715277777777778 0.09555844907407396 0.26334635416666663
0 0 0.424932333984375 0.095766802734375 0.256352826171875 0.05592466015625 0.162329494140625 0 0.2339806875 0 0.424932333984375
0 0 0.9984636484375 0.046817873046875 0.9960360546875 0.087208947265625 0.75572151171875 0 0.753377326171875 0 0.9984636484375
0 0.17281622265625 0.98950280859375 0.1950115625 0.766762576171875 0.123545130859375 0.757533181640625 0.068259998046875 0.978283181640625 0.17281622265625 0.98950280859375
0 0.28840145703125 0.9835095 0.3040199296875 0.772197513671875 0.220879701171875 0.77096487890625 0.196138083984375 0.979972994140625 0.28840145703125 0.9835095
0 0.297773232421875 0.9830235546875 0.405027935546875 0.977462201171875 0.416207056640625 0.775619783203125 0.323859560546875 0.76932094921875 0.307404802734375 0.963109568359375 0.297773232421875 0.9830235546875
0 0.44569264453125 0.763003677734375 0.437092302734375 0.95638503125 0.441524025390625 0.973877029296875 0.51540666015625 0.971738859375 0.520557181640625 0.76281749609375 0.44569264453125 0.763003677734375
0 0.636198404296875 0.965475583984375 0.629621021484375 0.7312922109375 0.55497583203125 0.72407548046875 0.5444109765625 0.967461421875 0.636198404296875 0.965475583984375
0 0.74657712890625 0.9597522421875 0.732600244140625 0.7647578203125 0.6619558125 0.76287725390625 0.657157888671875 0.95329475390625 0.74657712890625 0.9597522421875
0 0.8569558515625 0.954028900390625 0.840457697265625 0.773948115234375 0.76351048046875 0.774242287109375 0.767766171875 0.95865355078125 0.8569558515625 0.954028900390625
1 0.4621166087962963 0.23247974537037036 0.09049479166666663 0.2240813078703704
1 0.6211516203703704 0.22910879629629627 0.0849247685185186 0.23354311342592593
1 0.7010561342592593 0.23081597222222222 0.08641493055555549 0.21801938657407405
1 0.7820818865740742 0.22758969907407406 0.08092447916666679 0.1972583912037037
1 0.9463179976851852 0.21322337962962962 0.08268229166666652 0.2236762152777778