0 0.5517578125 0.0126953125 0.0634765625 0.0205078125
1 0.619140625 0.0087890625 0.0693359375 0.013671875
1 0.6884765625 0.0126953125 0.0673828125 0.025390625
1 0.7607421875 0.0146484375 0.068359375 0.029296875
1 0.83203125 0.0146484375 0.0703125 0.029296875
1 0.9013671875 0.017578125 0.0693359375 0.03515625
1 0.963541666015625 0.233796294921875 0.890625 0.2430555546875 0.907552083984375 0.3981481484375 0.985677083984375 0.388888888671875 0.963541666015625 0.233796294921875
0 0.805989583984375 0.15277777734375 0.8359375 0.3981481484375 0.907552083984375 0.388888888671875 0.875 0.141203705078125 0.805989583984375 0.15277777734375
1 0.73046875 0.2268518515625 0.739583333984375 0.388888888671875 0.822916666015625 0.3819444453125 0.807291666015625 0.2268518515625 0.73046875 0.2268518515625
1 0.7265625 0.2268518515625 0.6484375 0.224537037109375 0.65625 0.37962962890625 0.73828125 0.384259259765625 0.7265625 0.2268518515625
1 0.571614583984375 0.21990740625 0.57421875 0.384259259765625 0.65625 0.384259259765625 0.651041666015625 0.22222222265625 0.571614583984375 0.21990740625
0 0.505208333984375 0.138888888671875 0.49609375 0.38657407421875 0.563802083984375 0.388888888671875 0.563802083984375 0.141203705078125 0.505208333984375 0.138888888671875
1 0.420572916015625 0.212962962890625 0.411458333984375 0.365740740234375 0.490885416015625 0.375 0.497395833984375 0.22222222265625 0.420572916015625 0.212962962890625
0 0.338541666015625 0.138888888671875 0.317708333984375 0.395833333984375 0.39453125 0.4143518515625 0.412760416015625 0.143518517578125 0.338541666015625 0.138888888671875
0 0.33203125 0.145833333984375 0.264322916015625 0.1319444453125 0.235677083984375 0.377314814453125 0.311197916015625 0.40509259375 0.33203125 0.145833333984375
0 0.186197916015625 0.13657407421875 0.161458333984375 0.354166666015625 0.216145833984375 0.3819444453125 0.243489583984375 0.15277777734375 0.186197916015625 0.13657407421875
0 0.09375 0.115740740234375 0.05859375 0.3518518515625 0.131510416015625 0.372685185546875 0.157552083984375 0.127314814453125 0.09375 0.115740740234375
0 0 0.418981482421875 0.07421875 0.28472222265625 0.033854166015625 0.208333333984375 0 0.252314814453125 0 0.418981482421875
0 0.048177083984375 1 0.078125 0.821759259765625 0 0.8055555546875 0 1 0.048177083984375 1
0 0.170572916015625 1 0.1953125 0.8518518515625 0.119791666015625 0.833333333984375 0.076822916015625 1 0.170572916015625 1
0 0.201822916015625 0.997685185546875 0.2890625 0.997685185546875 0.303385416015625 0.856481482421875 0.22265625 0.84259259375 0.201822916015625 0.997685185546875
0 0.404947916015625 1 0.408854166015625 0.84490740625 0.325520833984375 0.84259259375 0.321614583984375 1 0.404947916015625 1
0 0.522135416015625 0.828703705078125 0.447916666015625 0.8356481484375 0.447916666015625 1 0.52734375 0.997685185546875 0.522135416015625 0.828703705078125
0 0.654947916015625 1 0.64453125 0.80092592578125 0.559895833984375 0.791666666015625 0.559895833984375 0.9930555546875 0.654947916015625 1
0 0.763020833984375 1 0.744791666015625 0.837962962890625 0.66796875 0.84259259375 0.680989583984375 1 0.763020833984375 1
0 0.8671875 1 0.845052083984375 0.849537037109375 0.774739583984375 0.849537037109375 0.787760416015625 1 0.8671875 1