0 0.1674262152777778 0.7745949074074074 0.09100115740740744 0.25560619212962976
0 0.24887876157407407 0.7698206018518519 0.0991391782407407 0.2734375
0 0.3319227430555556 0.7602358217592593 0.10246672453703698 0.2920645254629628
0 0.4212601273148148 0.7567274305555556 0.10391348379629628 0.311595775462963
0 0.5854673032407407 0.7647569444444444 0.09505208333333348 0.28399884259259256
0 0.9065755208333333 0.7873625578703703 0.1103153935185186 0.2796947337962963
0 0.13669726171875 0.732088587890625 0.04570469921875 0.588966048828125 0.0583887890625 0.788248658203125 0.08030609765625 0.82597316015625 0.13669726171875 0.732088587890625
0 0 0 0.01854420703125 0.2222993828125 0.1099852578125 0.20324735546875 0.05353868359375 0.0019829140625 0 0
0 0.08333330078125 0.00308641796875 0.13330534375 0.209647970703125 0.21669169921875 0.1998169296875 0.185784884765625 0.006880921875 0.08333330078125 0.00308641796875
0 0.201343845703125 0.01853780859375 0.239463328125 0.198814630859375 0.3290159140625 0.20213139453125 0.300328779296875 0.0111232890625 0.201343845703125 0.01853780859375
0 0.31655732421875 0.017264658203125 0.342771658203125 0.191567046875 0.435859345703125 0.200551650390625 0.42216186328125 0.015635625 0.31655732421875 0.017264658203125
0 0.439049607421875 0.030111880859375 0.457289318359375 0.223492984375 0.546978904296875 0.228660515625 0.531499248046875 0.019685158203125 0.439049607421875 0.030111880859375
0 0.554468845703125 0.03161651171875 0.569313119140625 0.2497896484375 0.66678477734375 0.24786280078125 0.65124974609375 0.024120361328125 0.554468845703125 0.03161651171875
0 0.676755369140625 0.041685955078125 0.684513322265625 0.22083487109375 0.7577607421875 0.214319615234375 0.756421865234375 0.028015625 0.676755369140625 0.041685955078125
0 0.789049607421875 0.04307484375 0.7937136171875 0.223033720703125 0.854109537109375 0.22527060546875 0.865391951171875 0.041124888671875 0.789049607421875 0.04307484375
1 0.5045211226851851 0.750072337962963 0.09693287037037024 0.2305049189814814
1 0.6638093171296297 0.770580150462963 0.09440104166666674 0.2226200810185186
1 0.7469256365740741 0.7619719328703705 0.09606481481481488 0.2187861689814814
1 0.8271484375 0.7668909143518519 0.09060329861111116 0.21079282407407396
1 0.970775462962963 0.7584273726851851 0.05844907407407396 0.23365162037037024