1 0.86272321484375 0 0.8683035703125 0.02579365234375 0.935267857421875 0.0238095234375 0.9296875 0 0.86272321484375 0
1 0.97991071484375 0.376984126953125 0.9609375 0.240079365234375 0.8917410703125 0.23809523828125 0.904017857421875 0.37896825390625 0.97991071484375 0.376984126953125
0 0.80803571484375 0.142857142578125 0.833705357421875 0.39484126953125 0.9073660703125 0.3829365078125 0.8761160703125 0.12896825390625 0.80803571484375 0.142857142578125
1 0.7265625 0.228174603515625 0.739955357421875 0.384920634765625 0.8203125 0.3829365078125 0.8046875 0.220238095703125 0.7265625 0.228174603515625
1 0.6473214296875 0.22420634765625 0.654017857421875 0.37896825390625 0.73772321484375 0.375 0.7276785703125 0.22420634765625 0.6473214296875 0.22420634765625
1 0.57366071484375 0.22222222265625 0.57366071484375 0.376984126953125 0.650669642578125 0.375 0.64508928515625 0.2261904765625 0.57366071484375 0.22222222265625
0 0.55803571484375 0.1488095234375 0.5066964296875 0.142857142578125 0.49665178515625 0.380952380859375 0.55803571484375 0.384920634765625 0.55915178515625 0.3829365078125 0.55803571484375 0.1488095234375
1 0.421875 0.208333333984375 0.411830357421875 0.373015873046875 0.489955357421875 0.375 0.49553571484375 0.212301587890625 0.421875 0.208333333984375
0 0.3370535703125 0.13690476171875 0.3125 0.39484126953125 0.39508928515625 0.404761904296875 0.40959821484375 0.142857142578125 0.3370535703125 0.13690476171875
0 0.25446428515625 0.13690476171875 0.22991071484375 0.37896825390625 0.310267857421875 0.392857142578125 0.3270089296875 0.140873015625 0.25446428515625 0.13690476171875
0 0.181919642578125 0.134920634765625 0.1484375 0.359126984375 0.22321428515625 0.376984126953125 0.244419642578125 0.15079365234375 0.181919642578125 0.134920634765625
0 0.09375 0.119047619140625 0.0613839296875 0.34722222265625 0.12834821484375 0.376984126953125 0.15625 0.13690476171875 0.09375 0.119047619140625
0 0.0301339296875 0.204365080078125 0 0.25396825390625 0.00334821484375 0.422619046875 0.075892857421875 0.279761904296875 0.0301339296875 0.204365080078125
0 0.046875 1 0.0792410703125 0.8194444453125 0 0.8035714296875 0.0011160703125 1 0.046875 1
0 0.16852678515625 1 0.1964285703125 0.84722222265625 0.122767857421875 0.82341269921875 0.083705357421875 1 0.16852678515625 1
0 0.2823660703125 1 0.296875 0.85515873046875 0.224330357421875 0.83928571484375 0.20758928515625 0.99603174609375 0.2823660703125 1
0 0.40178571484375 1 0.40178571484375 0.841269841796875 0.33258928515625 0.845238095703125 0.325892857421875 1 0.40178571484375 1
0 0.52790178515625 1 0.525669642578125 0.83134920703125 0.44866071484375 0.8214285703125 0.447544642578125 0.998015873046875 0.52790178515625 1
0 0.646205357421875 1 0.640625 0.795634919921875 0.5546875 0.789682541015625 0.5558035703125 1 0.646205357421875 1
0 0.7578125 1 0.7433035703125 0.837301587890625 0.671875 0.837301587890625 0.6796875 0.99603174609375 0.7578125 1
0 0.861607142578125 1 0.84040178515625 0.845238095703125 0.7745535703125 0.853174603515625 0.786830357421875 1 0.861607142578125 1