0 0.529050925925926 0.26447482638888886 0.06620370370370354 0.25185185185185177
0 0.36401186342592595 0.26936487268518516 0.07735098379629624 0.27951388888888884
0 0.3524956597222222 0.9149305555555556 0.08618344907407405 0.1509259259259259
0 0.4727575231481481 0.9016059027777779 0.08451967592592591 0.1703993055555557
0 0.5882523148148149 0.880613425925926 0.09382957175925943 0.20581597222222214
0 0.7031105324074074 0.902589699074074 0.09307725694444446 0.15503472222222214
1 0.6106047453703703 0.2942708333333333 0.07762586805555549 0.16629050925925926
1 0.6906684027777779 0.29287471064814813 0.09320746527777768 0.16382378472222225
1 0.7745659722222222 0.2962456597222222 0.09019097222222228 0.15787760416666663
1 0.45342158564814816 0.2959997106481481 0.08064236111111112 0.17223668981481488
0 0.5514973958333333 0.008602792245370371 0.057089120370370505 0.017205584490740743
1 0.6198857060185186 0.004014756944444446 0.06864872685185186 0.008029513888888892
1 0.6930700231481481 0.006814236111111111 0.06583478009259247 0.013628472222222222
1 0.7624348958333333 0.006814236111111111 0.0727864583333333 0.013628472222222222
1 0.8307508680555555 0.008702256944444445 0.06896701388888893 0.01740451388888889
1 0.9009910300925925 0.011078559027777778 0.06902488425925934 0.022157118055555557
0 0.8105034722222222 0.9013599537037037 0.08813657407407405 0.15098379629629632
0 0.8148418203125 0.13412037109375 0.83313657421875 0.375138888671875 0.9003652265625 0.37037037109375 0.88059027734375 0.123842591796875 0.8148418203125 0.13412037109375
0 0.33050797265625 0.145694443359375 0.258838734375 0.13393518359375 0.23617926953125 0.39837962890625 0.3079308125 0.404583333984375 0.33050797265625 0.145694443359375
0 0.24605066796875 0.15375 0.18536008203125 0.138888890625 0.15698559765625 0.367407408203125 0.21619598828125 0.376759259765625 0.24605066796875 0.15375
0 0.16356738671875 0.13398148046875 0.10583719140625 0.130138888671875 0.066648662109375 0.3506481484375 0.13198559765625 0.3681481484375 0.16356738671875 0.13398148046875
0 0 0.425069857421875 0.07520190234375 0.300416666015625 0.032686470703125 0.218379630859375 0 0.261459822265625 0 0.425069857421875
0 0 0.99893462890625 0.050851337890625 0.99527777734375 0.076634515625 0.83625 0 0.80917373828125 0 0.99893462890625
0 0.149247685546875 0.995138888671875 0.182637603515625 0.849768517578125 0.11886316796875 0.83222222265625 0.066435185546875 0.997592591796875 0.149247685546875 0.995138888671875
0 0.194642490234375 0.9882407421875 0.275892490234375 0.985833333984375 0.288805298828125 0.85217592578125 0.217012603515625 0.84875 0.194642490234375 0.9882407421875
1 0.960605708984375 0.20476851953125 0.885564556640625 0.20976851953125 0.901845421875 0.37587962890625 0.98165637890625 0.365185185546875 0.960605708984375 0.20476851953125