0 0.8963541666666667 0.7434244791666667 0.09726562499999991 0.2593388310185185
0 0.8147786458333334 0.7359085648148148 0.08470052083333335 0.2616102430555556
0 0.7315538194444444 0.7353298611111111 0.09125434027777768 0.27753906250000004
0 0.6451822916666666 0.7300202546296297 0.09364149305555558 0.2874059606481483
0 0.48062065972222223 0.7493200231481482 0.08728298611111107 0.2539496527777778
0 0.155078125 0.7583695023148148 0.10436197916666667 0.265552662037037
0 1 0.539938232421875 0.929262873046875 0.6676820859375 0.96483534765625 0.810525912109375 1 0.759576947265625 1 0.539938232421875
0 0.9266707890625 0 0.89850507421875 0.186982486328125 1 0.199536330078125 1 0 0.9266707890625 0
0 0.804443435546875 0 0.7826451171875 0.163310412109375 0.860771208984375 0.183374123046875 0.884989353515625 0 0.804443435546875 0
0 0.683542513671875 0 0.6712251484375 0.169087744140625 0.75910632421875 0.173805779296875 0.771367166015625 0 0.683542513671875 0
0 0.561288779296875 0 0.564929435546875 0.172744337890625 0.661058794921875 0.17517982421875 0.663739607421875 0 0.561288779296875 0
0 0.45068121484375 0 0.458332669921875 0.19311143359375 0.5368420703125 0.19831549609375 0.53160612109375 0 0.45068121484375 0
0 0.33028650390625 0 0.34855778125 0.235903064453125 0.433150525390625 0.237081708984375 0.420877810546875 0 0.33028650390625 0
0 0.2221896328125 0 0.2473303046875 0.189212439453125 0.32022192578125 0.185432875 0.309662001953125 0 0.2221896328125 0
0 0.104956732421875 0 0.135169955078125 0.178333357421875 0.21398050390625 0.166826912109375 0.195902810546875 0.014899689453125 0.19657615234375 0 0.104956732421875 0
1 0.5578776041666667 0.7257378472222222 0.08569878472222214 0.2402271412037038
1 0.40008680555555554 0.7211950231481481 0.08767361111111116 0.21889467592592604
1 0.3167751736111111 0.7186631944444444 0.09001736111111114 0.22778501157407405
1 0.23739149305555554 0.7384403935185185 0.09492187499999999 0.2066044560185185
1 0.0712890625 0.7450954861111111 0.08209635416666666 0.20301649305555558