1 0.036187353515625 0.584350197265625 0.022794494140625 0.5852430546875 0.02632183203125 0.680481150390625 0.076471560546875 0.675148810546875 0.036187353515625 0.584350197265625
1 0.034997794921875 0.5824404765625 0.078703705078125 0.675000001953125 0.130042990234375 0.6715773828125 0.09169698046875 0.572693453125 0.034997794921875 0.5824404765625
1 0.090874853515625 0.58070436328125 0.12892691796875 0.671651787109375 0.184583517578125 0.663963294921875 0.1477210078125 0.574925595703125 0.090874853515625 0.58070436328125
1 0.14891056640625 0.57683531640625 0.183393958984375 0.6620535703125 0.238081458984375 0.65840773828125 0.204493681640625 0.56716269921875 0.14891056640625 0.57683531640625
1 0.20575672265625 0.571056548828125 0.237038873046875 0.660466271484375 0.29388503125 0.6546875 0.266846708984375 0.55902777734375 0.20575672265625 0.571056548828125
1 0.26714065234375 0.566964287109375 0.295074587890625 0.65659722265625 0.353110302734375 0.65272817578125 0.329493681640625 0.558829365234375 0.26714065234375 0.566964287109375
1 0.327261537109375 0.55897817578125 0.3531837890625 0.65471230078125 0.4100299453125 0.648933533203125 0.38857198046875 0.552901787109375 0.327261537109375 0.55897817578125
1 0.39073063671875 0.55076884765625 0.41107253125 0.646875 0.46925521875 0.646974205078125 0.448839837890625 0.5488839296875 0.39073063671875 0.55076884765625
1 0.452335021484375 0.55262896875 0.469034759765625 0.64102182421875 0.529302615234375 0.637003966796875 0.5169201953125 0.54434523828125 0.452335021484375 0.55262896875
1 0.516846708984375 0.542361109375 0.5293761015625 0.63898809375 0.5918761015625 0.634821427734375 0.580315806640625 0.53415178515625 0.516846708984375 0.542361109375
0 0.586571318359375 0.521800595703125 0.604051845703125 0.69169146875 0.64966380078125 0.684672619140625 0.637763630859375 0.514409720703125 0.586571318359375 0.521800595703125
1 0.649512236328125 0.529538689453125 0.6535539765625 0.638665673828125 0.71940219140625 0.63427579296875 0.71885563671875 0.52889384765625 0.649512236328125 0.529538689453125
0 0.73173408984375 0.5141121015625 0.737980416015625 0.682762896484375 0.786118458984375 0.68353174609375 0.788653732421875 0.510317458984375 0.73173408984375 0.5141121015625
0 0.869979974609375 0.500917658203125 0.809418173828125 0.496999009765625 0.79973177734375 0.68859126953125 0.854639734375 0.690897818359375 0.869979974609375 0.500917658203125
0 0.943406451171875 0.519890873046875 0.8827711640625 0.51398809375 0.86193783203125 0.676488095703125 0.9146871328125 0.680927580078125 0.943406451171875 0.519890873046875
0 1 0.10601521484375 0.940852806640625 0.0884424609375 0.916482951171875 0.336706349609375 0.92102072265625 0.338392857421875 0.980907369140625 0.354290673828125 1 0.22985103515625 1 0.10601521484375
0 0.826889513671875 0.36455853125 0.899581126953125 0.363690474609375 0.9192662421875 0.10977182421875 0.837131650390625 0.09734623046875 0.826889513671875 0.36455853125
0 0.746679341796875 0.373883927734375 0.808357216796875 0.377728173828125 0.820904982421875 0.112351189453125 0.7546158515625 0.10483630859375 0.746679341796875 0.373883927734375
1 0.648713072265625 0.326711310546875 0.7324184296875 0.321130953125 0.73323596484375 0.16195436328125 0.64625587890625 0.169742064453125 0.648713072265625 0.326711310546875
0 0.63710684765625 0.164384921875 0.57594337890625 0.174429564453125 0.59123769140625 0.4061259921875 0.644735634765625 0.4005704375 0.63710684765625 0.164384921875
1 0.559496251953125 0.183482142578125 0.478170009765625 0.192881943359375 0.49848434765625 0.34866071484375 0.57311416015625 0.339707341796875 0.559496251953125 0.183482142578125
1 0.4758643828125 0.191046626953125 0.40048592578125 0.2099950390625 0.427129263671875 0.35540674609375 0.49848434765625 0.34866071484375 0.4758643828125 0.191046626953125
1 0.40077987109375 0.217931546875 0.322875330078125 0.22909226171875 0.354805078125 0.366195435546875 0.4248236328125 0.353571427734375 0.40077987109375 0.217931546875
0 0.304577271484375 0.2183779765625 0.24727641796875 0.24208829296875 0.30699312890625 0.464856150390625 0.366305666015625 0.435044642578125 0.304577271484375 0.2183779765625
1 0.244897302734375 0.238268849609375 0.1760683046875 0.252802580078125 0.2188648203125 0.381225197265625 0.27891222265625 0.3712549609375 0.244897302734375 0.238268849609375
1 0.177037404296875 0.248759919921875 0.10471321875 0.259548611328125 0.14869929296875 0.389880951171875 0.216706166015625 0.383358134765625 0.177037404296875 0.248759919921875
1 0.10471321875 0.259548611328125 0.03357859375 0.2722470234375 0.085303681640625 0.400074404296875 0.1498888515625 0.39179067578125 0.10471321875 0.259548611328125
1 0.01028806640625 0.27777777734375 0.014182833984375 0.3829365078125 0.02287716796875 0.406225197265625 0.086419751953125 0.4 0.035957708984375 0.27606646875 0.01028806640625 0.27777777734375