1 1 0.317460318359375 0.9464285703125 0.3194444453125 0.9765625 0.41071428515625 1 0.408730158203125 1 0.317460318359375
1 0.8917410703125 0.32539682421875 0.92522321484375 0.408730158203125 0.9832589296875 0.408730158203125 0.9441964296875 0.32341269921875 0.8917410703125 0.32539682421875
1 0.8370535703125 0.317460318359375 0.87053571484375 0.41865079296875 0.92633928515625 0.414682541015625 0.8895089296875 0.3194444453125 0.8370535703125 0.317460318359375
1 0.7823660703125 0.313492064453125 0.81696428515625 0.414682541015625 0.869419642578125 0.414682541015625 0.833705357421875 0.313492064453125 0.7823660703125 0.313492064453125
1 0.728794642578125 0.315476189453125 0.75446428515625 0.422619046875 0.814732142578125 0.414682541015625 0.7823660703125 0.3194444453125 0.728794642578125 0.315476189453125
1 0.6707589296875 0.317460318359375 0.689732142578125 0.41865079296875 0.75446428515625 0.41865079296875 0.7265625 0.311507935546875 0.6707589296875 0.317460318359375
1 0.611607142578125 0.32341269921875 0.62946428515625 0.420634919921875 0.69084821484375 0.414682541015625 0.669642857421875 0.315476189453125 0.611607142578125 0.32341269921875
1 0.61383928515625 0.317460318359375 0.5546875 0.317460318359375 0.56696428515625 0.414682541015625 0.630580357421875 0.414682541015625 0.61383928515625 0.317460318359375
1 0.4921875 0.3194444453125 0.50334821484375 0.422619046875 0.5691964296875 0.416666666015625 0.552455357421875 0.3194444453125 0.4921875 0.3194444453125
1 0.4296875 0.311507935546875 0.43415178515625 0.4285714296875 0.502232142578125 0.420634919921875 0.494419642578125 0.315476189453125 0.4296875 0.311507935546875
0 0.3738839296875 0.265873015625 0.377232142578125 0.436507935546875 0.43415178515625 0.440476189453125 0.4229910703125 0.265873015625 0.3738839296875 0.265873015625
1 0.30022321484375 0.309523810546875 0.296875 0.422619046875 0.3671875 0.42658730078125 0.3671875 0.309523810546875 0.30022321484375 0.309523810546875
0 0.2410714296875 0.263888888671875 0.22991071484375 0.4305555546875 0.283482142578125 0.434523810546875 0.2890625 0.263888888671875 0.2410714296875 0.263888888671875
0 0.1707589296875 0.25 0.14508928515625 0.442460318359375 0.205357142578125 0.45634920703125 0.2254464296875 0.255952380859375 0.1707589296875 0.25
0 0.1629464296875 0.265873015625 0.09709821484375 0.259920634765625 0.07477678515625 0.408730158203125 0.13727678515625 0.414682541015625 0.1629464296875 0.265873015625
0 0.02790178515625 0.579365080078125 0.00446428515625 0.744047619140625 0 0.829365080078125 0.0636160703125 0.83928571484375 0.09375 0.595238095703125 0.02790178515625 0.579365080078125
0 0.08147321484375 0.829365080078125 0.1629464296875 0.84722222265625 0.181919642578125 0.5694444453125 0.11272321484375 0.567460318359375 0.08147321484375 0.829365080078125
0 0.19866071484375 0.5555555546875 0.1796875 0.82539682421875 0.255580357421875 0.835317458984375 0.271205357421875 0.557539681640625 0.19866071484375 0.5555555546875
1 0.28125 0.62103174609375 0.2745535703125 0.787698412109375 0.3604910703125 0.789682541015625 0.36272321484375 0.62103174609375 0.28125 0.62103174609375
0 0.4229910703125 0.545634919921875 0.364955357421875 0.55158730078125 0.36383928515625 0.79365079296875 0.43415178515625 0.789682541015625 0.4229910703125 0.545634919921875
1 0.5145089296875 0.61309523828125 0.439732142578125 0.62103174609375 0.4464285703125 0.77579365234375 0.52790178515625 0.767857142578125 0.5145089296875 0.61309523828125
1 0.5848214296875 0.603174603515625 0.5145089296875 0.615079365234375 0.52790178515625 0.767857142578125 0.60491071484375 0.755952380859375 0.5848214296875 0.603174603515625
1 0.6573660703125 0.60515873046875 0.5859375 0.61309523828125 0.60491071484375 0.759920634765625 0.68415178515625 0.751984126953125 0.6573660703125 0.60515873046875
0 0.650669642578125 0.52777777734375 0.700892857421875 0.759920634765625 0.76116071484375 0.740079365234375 0.708705357421875 0.5079365078125 0.650669642578125 0.52777777734375
1 0.734375 0.607142857421875 0.7589285703125 0.75 0.825892857421875 0.73015873046875 0.794642857421875 0.595238095703125 0.734375 0.607142857421875
1 0.7979910703125 0.603174603515625 0.83258928515625 0.73809523828125 0.900669642578125 0.728174603515625 0.8582589296875 0.59325396875 0.7979910703125 0.603174603515625
1 0.861607142578125 0.587301587890625 0.9051339296875 0.734126984375 0.966517857421875 0.72222222265625 0.921875 0.587301587890625 0.861607142578125 0.587301587890625
1 1 0.611111111328125 0.989955357421875 0.587301587890625 0.92522321484375 0.587301587890625 0.97209821484375 0.720238095703125 1 0.720238095703125 1 0.611111111328125