0 0.1259765625 0.2197265625 0.072265625 0.2568359375
0 0.20703125 0.2255859375 0.0703125 0.265625
0 0.2919921875 0.236328125 0.0751953125 0.26953125
0 0.37890625 0.2392578125 0.076171875 0.2958984375
0 0.5400390625 0.236328125 0.072265625 0.2470703125
0 0.869140625 0.2275390625 0.083984375 0.2568359375
0 0.052497392578125 0.16363276171875 0.005638513671875 0.222855623046875 0.00364580078125 0.436111111328125 0.09310846875 0.283929169921875 0.052497392578125 0.16363276171875
0 0.074364916015625 1 0.10872809375 0.7762189921875 0.00208330078125 0.763888888671875 0.001473294921875 1 0.074364916015625 1
0 0.193074076171875 1 0.21285887109375 0.791024642578125 0.144132515625 0.77992036328125 0.09739580078125 0.991666666015625 0.193074076171875 1
0 0.31074189453125 0.9946032421875 0.3294854453125 0.796576783203125 0.23889161328125 0.783621818359375 0.21614580078125 0.99722222265625 0.31074189453125 0.9946032421875
0 0.4336163203125 1 0.4336163203125 0.796576783203125 0.346146412109375 0.77806967578125 0.33489580078125 0.99722222265625 0.4336163203125 1
0 0.53982977734375 1 0.536705853515625 0.77806967578125 0.45860772265625 0.7762189921875 0.45833330078125 0.991666666015625 0.53982977734375 1
0 0.65749759765625 1 0.65333233203125 0.75771180078125 0.56794510546875 0.761413255859375 0.56927080078125 0.986111111328125 0.65749759765625 1
0 0.7762067578125 1 0.75121535546875 0.80212892578125 0.68144766015625 0.8039796953125 0.68645830078125 0.9944444453125 0.7762067578125 1
0 0.87825494921875 0.99645384375 0.853263546875 0.818785345703125 0.786619873046875 0.8206361171875 0.78645830078125 0.99722222265625 0.87825494921875 0.99645384375
1 0.4638671875 0.2548828125 0.0791015625 0.205078125
1 0.6240234375 0.2626953125 0.078125 0.1865234375
1 0.7080078125 0.2705078125 0.083984375 0.205078125
1 0.7900390625 0.271484375 0.0810546875 0.1875
1 0.951171875 0.2568359375 0.07421875 0.224609375