1 0.9988839296875 0.317460318359375 0.947544642578125 0.317460318359375 0.9854910703125 0.412698412109375 1 0.414682541015625 0.9988839296875 0.317460318359375
1 0.8973214296875 0.3194444453125 0.9308035703125 0.412698412109375 0.9854910703125 0.416666666015625 0.94977678515625 0.3194444453125 0.8973214296875 0.3194444453125
1 0.841517857421875 0.3214285703125 0.8738839296875 0.416666666015625 0.9308035703125 0.412698412109375 0.89508928515625 0.3214285703125 0.841517857421875 0.3214285703125
1 0.7879464296875 0.3214285703125 0.818080357421875 0.41865079296875 0.8738839296875 0.416666666015625 0.841517857421875 0.3214285703125 0.7879464296875 0.3214285703125
1 0.73102678515625 0.3214285703125 0.7578125 0.416666666015625 0.818080357421875 0.41865079296875 0.786830357421875 0.3214285703125 0.73102678515625 0.3214285703125
1 0.67522321484375 0.3214285703125 0.6964285703125 0.420634919921875 0.7578125 0.416666666015625 0.73102678515625 0.32341269921875 0.67522321484375 0.3214285703125
1 0.61383928515625 0.315476189453125 0.6339285703125 0.42658730078125 0.69866071484375 0.416666666015625 0.674107142578125 0.317460318359375 0.61383928515625 0.315476189453125
1 0.5558035703125 0.317460318359375 0.5691964296875 0.420634919921875 0.6339285703125 0.422619046875 0.6160714296875 0.3194444453125 0.5558035703125 0.317460318359375
1 0.55133928515625 0.3194444453125 0.4921875 0.3214285703125 0.502232142578125 0.420634919921875 0.56696428515625 0.414682541015625 0.55133928515625 0.3194444453125
1 0.4363839296875 0.32341269921875 0.4441964296875 0.42460317578125 0.5066964296875 0.41865079296875 0.49665178515625 0.32341269921875 0.4363839296875 0.32341269921875
1 0.37946428515625 0.271825396484375 0.3839285703125 0.4444444453125 0.435267857421875 0.438492064453125 0.42522321484375 0.267857142578125 0.37946428515625 0.271825396484375
1 0.3046875 0.309523810546875 0.302455357421875 0.42658730078125 0.37165178515625 0.42460317578125 0.37053571484375 0.309523810546875 0.3046875 0.309523810546875
0 0.2433035703125 0.259920634765625 0.23102678515625 0.436507935546875 0.28571428515625 0.438492064453125 0.29241071484375 0.263888888671875 0.2433035703125 0.259920634765625
0 0.2265625 0.26190476171875 0.1707589296875 0.2579365078125 0.15290178515625 0.440476189453125 0.21875 0.442460318359375 0.2265625 0.26190476171875
0 0.1651785703125 0.2738095234375 0.1082589296875 0.265873015625 0.083705357421875 0.42460317578125 0.13727678515625 0.42658730078125 0.1651785703125 0.2738095234375
0 0.036830357421875 0.5694444453125 0.00334821484375 0.734126984375 0 0.83134920703125 0.06584821484375 0.835317458984375 0.1004464296875 0.59325396875 0.036830357421875 0.5694444453125
0 0.09040178515625 0.82539682421875 0.169642857421875 0.83928571484375 0.1863839296875 0.577380953125 0.1160714296875 0.5694444453125 0.09040178515625 0.82539682421875
0 0.181919642578125 0.827380953125 0.255580357421875 0.83134920703125 0.271205357421875 0.567460318359375 0.2042410703125 0.561507935546875 0.181919642578125 0.827380953125
1 0.361607142578125 0.797619046875 0.36383928515625 0.625 0.28459821484375 0.623015873046875 0.2745535703125 0.789682541015625 0.361607142578125 0.797619046875
0 0.43415178515625 0.79365079296875 0.4285714296875 0.5555555546875 0.37165178515625 0.559523810546875 0.37165178515625 0.79365079296875 0.43415178515625 0.79365079296875
1 0.529017857421875 0.779761904296875 0.515625 0.615079365234375 0.443080357421875 0.62103174609375 0.44977678515625 0.779761904296875 0.529017857421875 0.779761904296875
1 0.609375 0.7579365078125 0.591517857421875 0.60515873046875 0.5167410703125 0.61309523828125 0.5323660703125 0.767857142578125 0.609375 0.7579365078125
1 0.6875 0.744047619140625 0.661830357421875 0.603174603515625 0.58928571484375 0.611111111328125 0.609375 0.7579365078125 0.6875 0.744047619140625
0 0.765625 0.7420634921875 0.7109375 0.505952380859375 0.650669642578125 0.533730158203125 0.70758928515625 0.765873015625 0.765625 0.7420634921875
1 0.8359375 0.732142857421875 0.799107142578125 0.603174603515625 0.73883928515625 0.615079365234375 0.765625 0.7420634921875 0.8359375 0.732142857421875
1 0.90625 0.73015873046875 0.864955357421875 0.59722222265625 0.80022321484375 0.603174603515625 0.8359375 0.732142857421875 0.90625 0.73015873046875
1 0.9765625 0.720238095703125 0.931919642578125 0.59325396875 0.8660714296875 0.6011904765625 0.9051339296875 0.72222222265625 0.9765625 0.720238095703125
1 0.9765625 0.720238095703125 0.9988839296875 0.72222222265625 1 0.609126984375 0.989955357421875 0.587301587890625 0.9296875 0.59722222265625 0.9765625 0.720238095703125