0 0.5396122685185185 0.7215277777777778 0.08091724537037037 0.24687499999999996
0 0.12275752314814815 0.7493489583333333 0.08109085648148148 0.2703125000000002
0 0.20278501157407408 0.7407335069444445 0.0702907986111111 0.2622612847222223
0 0.2906105324074074 0.7299913194444444 0.07826244212962963 0.28391927083333335
0 0.3734881365740741 0.7105685763888889 0.07821180555555562 0.27708333333333335
0 0.8647641782407407 0.7084418402777777 0.09576099537037042 0.2735677083333332
0 0.45371802734375 0 0.45475715625 0.172989673828125 0.531759205078125 0.16387455859375 0.53365253515625 0 0.45371802734375 0
0 0.05484700390625 0 0.00465090625 0.0071453671875 0.000218193359375 0.02945608984375 0.003482478515625 0.18884259375 0.0881618203125 0.17373227734375 0.065184162109375 0 0.05484700390625 0
0 0.156441837890625 0 0.08930376953125 0.009357169921875 0.134887927734375 0.1930815 0.2087784765625 0.184867916015625 0.186613271484375 0 0.156441837890625 0
0 0.08039633984375 0.698668248046875 0.006078755859375 0.570964224609375 0.00436029296875 0.58863957421875 0.00595880859375 0.757824564453125 0.040447724609375 0.796488171875 0.08039633984375 0.698668248046875
0 0.28077328515625 0 0.20658876171875 0.014053021484375 0.2215231171875 0.158297966796875 0.312986328125 0.151336697265625 0.2948130234375 0 0.28077328515625 0
0 0.32127956640625 0 0.325901318359375 0.147763912109375 0.422861294921875 0.134108771484375 0.41659712890625 0.002083984375 0.39499884375 0 0.32127956640625 0
0 0.564894357421875 0 0.56296904296875 0.204926568359375 0.65073526953125 0.198047453125 0.654746041015625 0 0.564894357421875 0
0 0.69396446875 0 0.677358875 0.001221064453125 0.67078879296875 0.1598147578125 0.746539875 0.1532026484375 0.758849716796875 0 0.69396446875 0
0 0.7873625859375 0 0.7760547578125 0.144332072265625 0.84996947265625 0.13940373828125 0.867640525390625 0 0.7873625859375 0
0 0.594644806640625 0.986950279296875 0.5980445078125 0.946746 0.5278266953125 0.95159225390625 0.527933259765625 0.988432759765625 0.594644806640625 0.986950279296875
1 0.460300925925926 0.6949652777777777 0.07986834490740735 0.23708767361111116
1 0.6195384837962963 0.6992404513888888 0.08159722222222232 0.20685763888888875
1 0.7034939236111111 0.6934678819444444 0.0815755208333333 0.20392795138888875
1 0.7834852430555556 0.6799696180555556 0.07853732638888888 0.18921440972222214
1 0.9474971064814814 0.6694878472222222 0.08532986111111107 0.18350694444444438
1 0.871609943359375 0.939023873046875 0.87173065625 0.973395140625 0.9338433046875 0.97941253515625 0.943700626953125 0.937421857421875 0.871609943359375 0.939023873046875
1 0.66093154296875 0.978079564453125 0.658973953125 0.93553450390625 0.5887318046875 0.93709544140625 0.59095046484375 0.987032376953125 0.66093154296875 0.978079564453125
1 0.73021856640625 0.96914217578125 0.73474945703125 0.932207708984375 0.658037603515625 0.93391241796875 0.6630411484375 0.985430361328125 0.73021856640625 0.96914217578125
1 0.738555953125 0.9469093828125 0.73994468359375 0.971391931640625 0.79705591015625 0.982452255859375 0.80878593359375 0.94370578515625 0.738555953125 0.9469093828125
1 0.870398607421875 0.98082241796875 0.87343405859375 0.9356974765625 0.804128259765625 0.938880537109375 0.798904361328125 0.9824111796875 0.870398607421875 0.98082241796875
1 1 0.934658076171875 0.945549162109375 0.937380779296875 0.94526950390625 0.976692728515625 1 0.977771095703125 1 0.934658076171875