0 0.9487485532407407 0.7912977430555556 0.09776475694444464 0.25371093749999996
0 0.8619068287037037 0.7903428819444445 0.0839482060185186 0.2514539930555555
0 0.7783203125 0.7806857638888889 0.09852430555555558 0.27712673611111116
0 0.6941912615740741 0.7768663194444445 0.10369646990740744 0.28114149305555536
0 0.5268012152777778 0.7809461805555555 0.09686053240740744 0.25466579861111116
0 0.20446325231481483 0.7728081597222223 0.10716869212962965 0.275368923611111
0 1 0.02222222265625 0.9370895390625 0.020824212890625 0.92459095703125 0.23102546875 1 0.2445587265625 1 0.02222222265625
0 0.8903648671875 0.232112529296875 0.9199974609375 0.02321759375 0.815256455078125 0.018116810546875 0.8050592578125 0.21728320703125 0.8903648671875 0.232112529296875
0 0.789658330078125 0.205854876953125 0.800096482421875 0.0260995390625 0.699671220703125 0.01554825 0.707750828125 0.1947964296875 0.789658330078125 0.205854876953125
0 0.680924787109375 0.2256106640625 0.676864744140625 0.026134259765625 0.583044646484375 0.012956546875 0.589097146484375 0.206941048828125 0.680924787109375 0.2256106640625
0 0.5661066171875 0.219363787109375 0.5543724609375 0.01509259375 0.470583337890625 0.010457408203125 0.490091166015625 0.2176745546875 0.5661066171875 0.219363787109375
0 0.46137491015625 0.2650757890625 0.448533982421875 0.0182870390625 0.351874177734375 0.00781942578125 0.37724773046875 0.25212029296875 0.46137491015625 0.2650757890625
0 0.342143630859375 0.227320556640625 0.329783982421875 0.015648150390625 0.24279947265625 0.00893586328125 0.27821261328125 0.220356869140625 0.342143630859375 0.227320556640625
0 0.24365687109375 0.20295995703125 0.228427244140625 0.016168982421875 0.1238275390625 0.00275172265625 0.167093056640625 0.19386781640625 0.24365687109375 0.20295995703125
1 0.6010199652777778 0.7562717013888889 0.09592013888888884 0.24197048611111116
1 0.4411892361111111 0.7439453125 0.09237557870370372 0.22044270833333335
1 0.36216001157407407 0.7431640625 0.09942853009259256 0.22352430555555558
1 0.2797670717592593 0.7364583333333334 0.09118200231481488 0.21749131944444455
1 0.11480034722222222 0.7337673611111111 0.10145399305555555 0.19822048611111098