0 0.1707248263888889 0.7945167824074074 0.09431423611111112 0.24438657407407405
0 0.2509693287037037 0.7850477430555556 0.07931857638888884 0.2377676504629629
0 0.3345486111111111 0.7825665509259259 0.09288917824074072 0.2696252893518518
0 0.41525607638888884 0.7809100115740741 0.09197771990740744 0.2871021412037038
0 0.5833405671296297 0.7915726273148149 0.0942708333333333 0.27651186342592604
0 0.915892650462963 0.817578125 0.10857928240740744 0.287962962962963
0 0.03585351171875 0.60502801953125 0.045723984375 0.771592236328125 0.0919204140625 0.825648328125 0.126499533203125 0.725964873046875 0.04669858203125 0.605590357421875 0.03585351171875 0.60502801953125
0 0.0174729609375 0.233522375 0.12089247265625 0.21091165625 0.07156080078125 0.009090734375 0.00031980859375 0.0053967578125 0.0174729609375 0.233522375
0 0.10085001953125 0.010767744140625 0.146322560546875 0.21961033203125 0.223652990234375 0.2107048984375 0.19328421875 0.013557404296875 0.10085001953125 0.010767744140625
0 0.21647501953125 0.016763115234375 0.248425046875 0.208299291015625 0.332661359375 0.210822103515625 0.3097005546875 0.016058546875 0.21647501953125 0.016763115234375
0 0.339008455078125 0.034193669921875 0.35737912109375 0.225018923828125 0.442437427734375 0.2238942734375 0.43049239453125 0.022321828125 0.339008455078125 0.034193669921875
0 0.456031345703125 0.03749228125 0.471594 0.225406095703125 0.551774810546875 0.229563619140625 0.5387884375 0.027937177734375 0.456031345703125 0.03749228125
0 0.56787291015625 0.03221450390625 0.58476990234375 0.295850443359375 0.670650203125 0.291078333984375 0.66166286328125 0.0343084453125 0.56787291015625 0.03221450390625
0 0.67881041015625 0.037966818359375 0.69048811328125 0.240446244140625 0.766503658203125 0.244387791015625 0.7720414921875 0.04003178125 0.67881041015625 0.037966818359375
0 0.78662291015625 0.043557095703125 0.79724884375 0.220151580078125 0.8661945390625 0.2274165390625 0.87825494921875 0.045539146484375 0.78662291015625 0.043557095703125
1 0.5056712962962963 0.7787832754629629 0.09236111111111112 0.24428530092592604
1 0.6675998263888889 0.7677083333333333 0.09304108796296306 0.22290219907407405
1 0.7477936921296297 0.7738136574074075 0.09010416666666665 0.20619936342592604
1 0.8295355902777778 0.7731843171296297 0.09498697916666665 0.20645254629629628
1 0.9734537760416666 0.785546875 0.053092447916666785 0.21992187500000004