0 0.9418619791666667 0.767115162037037 0.09199218749999982 0.23843315972222223
0 0.8525390625 0.758962673611111 0.08365885416666674 0.24513888888888902
0 0.7699869791666667 0.7499348958333334 0.0952473958333333 0.2726273148148146
0 0.6818359375 0.7447265625 0.08893229166666661 0.2803385416666666
0 0.51328125 0.7480830439814815 0.09355468749999996 0.291138599537037
0 0.19127604166666667 0.7325810185185185 0.11542968750000004 0.2680483217592593
0 1 0.096428361328125 0.992515263671875 0.018246583984375 0.93604819921875 0.013867380859375 0.919219265625 0.198351455078125 1 0.210361158203125 1 0.096428361328125
0 0.885226232421875 0.20339451171875 0.91409725390625 0.02186728515625 0.82254555078125 0.012185859375 0.800934546875 0.187354716796875 0.885226232421875 0.20339451171875
0 0.78127302734375 0.18891220703125 0.793414384765625 0.0145293203125 0.70071246484375 0.01038092578125 0.68969215234375 0.17276442578125 0.78127302734375 0.18891220703125
0 0.688216765625 0.0101958046875 0.583044646484375 0.00863769921875 0.589055443359375 0.17682016796875 0.6768954921875 0.183668158203125 0.675219939453125 0.021103396484375 0.688216765625 0.0101958046875
0 0.5630917890625 0.1930754921875 0.55315975390625 0.0165200625 0.469541998046875 0.006956177734375 0.483952412109375 0.19190305859375 0.5630917890625 0.1930754921875
0 0.454494689453125 0.202559958984375 0.434039384765625 0.00920524609375 0.34979159375 0.00518209765625 0.373642775390625 0.206908810546875 0.454494689453125 0.202559958984375
0 0.338840369140625 0.18420658984375 0.324664384765625 0.007584876953125 0.240454208984375 0.00356228515625 0.265455220703125 0.1757238046875 0.338840369140625 0.18420658984375
0 0.23507963671875 0.188216052734375 0.212164384765625 0.005918208984375 0.130075390625 0.00192704296875 0.17131312890625 0.1835736484375 0.23507963671875 0.188216052734375
1 0.5916666666666666 0.723878761574074 0.10097656250000009 0.24149305555555545
1 0.43587239583333337 0.7283998842592593 0.09010416666666665 0.19547887731481484
1 0.3474609375 0.7046513310185185 0.08626302083333337 0.21103153935185182
1 0.2679036458333333 0.6966435185185185 0.08730468749999998 0.19738859953703702
1 0.10911458333333332 0.7147786458333334 0.10162760416666666 0.20735677083333348
0 0.548438328125 1 0.545938654296875 0.96565562890625 0.482418904296875 0.964714595703125 0.483886103515625 1 0.548438328125 1
1 0.44944658984375 1 0.481030125 0.995038580078125 0.4789248359375 0.95911617578125 0.401073466796875 0.961660578125 0.414626396484375 1 0.44944658984375 1
1 0.363590359375 1 0.408969939453125 0.99119598828125 0.404745111328125 0.9543194140625 0.33326497265625 0.958807107421875 0.3416894921875 1 0.363590359375 1
1 0.288333853515625 1 0.343446216796875 0.986691224609375 0.341842267578125 0.962631978515625 0.27036212890625 0.967119669921875 0.275077166015625 1 0.288333853515625 1
1 0.274280287109375 1 0.266621298828125 0.95781979296875 0.199977431640625 0.9568324765625 0.203090310546875 0.99369598828125 0.25126985546875 1 0.274280287109375 1
1 0.204698857421875 1 0.198511849609375 0.966055220703125 0.12574351171875 0.96682603125 0.137641724609375 1 0.204698857421875 1