0 0.8674696180555556 0.3337890625 0.10462239583333344 0.27610677083333335
0 0.5422743055555556 0.312109375 0.08055555555555549 0.24622395833333333
0 0.3764973958333333 0.31178385416666665 0.08118489583333344 0.2745442708333333
0 0.2784505208333333 0.9361979166666667 0.08420138888888895 0.12760416666666652
0 0.3858506944444444 0.9385091145833333 0.08719618055555545 0.12298177083333339
0 0.5057074652777778 0.9309244791666667 0.07990451388888897 0.1381510416666667
0 0.6245442708333333 0.9210774739583334 0.10392795138888888 0.15784505208333321
0 0.7343315972222222 0.9432291666666667 0.09140624999999991 0.11354166666666665
0 0.84296875 0.9578938802083333 0.08700086805555562 0.08421223958333335
0 0.5125 0.034166666015625 0.51642746875 0.070486111328125 0.580551697265625 0.07753472265625 0.58125 0.03875 0.5125 0.034166666015625
0 0.247951388671875 0.4159375 0.32326003125 0.434826388671875 0.33764660546875 0.169513888671875 0.256211419921875 0.155763888671875 0.247951388671875 0.4159375
0 0.160081017578125 0.3934375 0.23407407421875 0.423333333984375 0.25483410546875 0.163993056640625 0.18271219140625 0.14809027734375 0.160081017578125 0.3934375
0 0.068777005859375 0.35684027734375 0.138452931640625 0.403090279296875 0.174961419921875 0.15034722265625 0.1120293203125 0.126736111328125 0.068777005859375 0.35684027734375
0 0.013063271484375 0.447430556640625 0.0872993828125 0.277638888671875 0.037380400390625 0.2077430546875 0.00580246875 0.261111111328125 0.013063271484375 0.447430556640625
0 0.083707951171875 1 0.107272376953125 0.8253819453125 0.017962962890625 0.808333333984375 0.02222222265625 1 0.083707951171875 1
0 0.208654478515625 1 0.23001157421875 0.872395833984375 0.146581791015625 0.839097220703125 0.111245146484375 1 0.208654478515625 1
1 0.4677951388888889 0.33932291666666664 0.0796440972222221 0.20520833333333333
1 0.6211154513888889 0.34954427083333334 0.08780381944444438 0.17747395833333335
1 0.7042100694444444 0.358984375 0.08689236111111098 0.18033854166666674
1 0.7890190972222222 0.3578125 0.08402777777777781 0.1830729166666667
1 0.9505208333333333 0.38515625 0.08463541666666652 0.1665364583333333
1 0.6203993055555556 0.05403645833333333 0.07282986111111112 0.030208333333333337
1 0.6937282986111111 0.06282552083333333 0.07105034722222214 0.03789062500000001
1 0.7630859375 0.06842447916666666 0.07304687499999996 0.03997395833333334
1 0.8285807291666667 0.07571614583333333 0.07122395833333339 0.04570312500000001
1 0.9048828125 0.08665364583333333 0.06929253472222219 0.04654947916666666