1 0 0.680170955078125 0.04632752734375 0.67582671875 0.007955796875 0.583151455078125 0 0.58455342578125 0 0.680170955078125
1 0.010143849609375 0.589070767578125 0.046312830078125 0.67781084765625 0.0976668125 0.67506613671875 0.067092884765625 0.5842592578125 0.010143849609375 0.589070767578125
1 0.063744671875 0.584308861328125 0.096536044921875 0.67706680078125 0.15570252734375 0.67420634765625 0.12067901171875 0.581481482421875 0.063744671875 0.584308861328125
1 0.1820923359375 0.5766038359375 0.122911154296875 0.5814484140625 0.1534556875 0.676223546875 0.211506099609375 0.67337962890625 0.1820923359375 0.5766038359375
1 0.179874888671875 0.574652779296875 0.2092445625 0.677380951171875 0.261714615234375 0.6746197109375 0.23904137109375 0.571792326171875 0.179874888671875 0.574652779296875
1 0.235663763671875 0.575810185546875 0.26617890234375 0.674553572265625 0.3242293125 0.67170965625 0.297091783203125 0.5689484140625 0.235663763671875 0.575810185546875
1 0.2992798359375 0.574867724609375 0.32308384765625 0.675694443359375 0.37888741796875 0.674867724609375 0.362939998046875 0.567972884765625 0.2992798359375 0.574867724609375
1 0.361838625 0.5660052890625 0.382250330078125 0.67283399609375 0.4403007421875 0.669990078125 0.424338625 0.56507936328125 0.361838625 0.5660052890625
1 0.500539205078125 0.673065474609375 0.49014274609375 0.570056216796875 0.426821486328125 0.570994310546875 0.44138741796875 0.673941798828125 0.500539205078125 0.673065474609375
1 0.48904137109375 0.568088623046875 0.501640580078125 0.675033068359375 0.561908435546875 0.6741402109375 0.55497776953125 0.555208333984375 0.48904137109375 0.568088623046875
0 0.559427357421875 0.557126322265625 0.566019986328125 0.72169312109375 0.61401105859375 0.720982142578125 0.614203041015625 0.544411376953125 0.559427357421875 0.557126322265625
1 0.6241448046875 0.558151455078125 0.626640580078125 0.673181216796875 0.691372720703125 0.672222220703125 0.692239857421875 0.555158728515625 0.6241448046875 0.558151455078125
0 0.70793834375 0.54500661328125 0.70551421875 0.72161044921875 0.75238921875 0.720916005859375 0.76597405859375 0.54414682421875 0.70793834375 0.54500661328125
0 0.782803314453125 0.531994046875 0.76460721484375 0.728670634765625 0.818119857421875 0.7358134921875 0.84957653515625 0.55679563671875 0.782803314453125 0.531994046875
0 0.914161705078125 0.57567791015625 0.855068708984375 0.568617724609375 0.83051421875 0.71975859765625 0.88067864453125 0.72695105859375 0.914161705078125 0.57567791015625
0 0.993580982421875 0.2491402109375 0.998765431640625 0.1518518515625 0.93412147265625 0.140906083984375 0.9032664609375 0.3893518515625 0.96224187890625 0.412285052734375 0.993580982421875 0.2491402109375
0 0.809325396484375 0.416534392578125 0.8740575390625 0.4155753984375 0.906072712890625 0.16116071484375 0.831384111328125 0.150363755859375 0.809325396484375 0.416534392578125
0 0.72669201953125 0.423710318359375 0.78803185546875 0.428753306640625 0.81233741015625 0.160565474609375 0.743229166015625 0.149685845703125 0.72669201953125 0.423710318359375
1 0.72281654296875 0.193634259765625 0.6357482734375 0.1969080703125 0.63225216796875 0.36757605859375 0.71818966796875 0.36630291015625 0.72281654296875 0.193634259765625
0 0.62119525390625 0.203075396484375 0.565376984375 0.205886244140625 0.57146990625 0.437913359375 0.62615740625 0.437103173828125 0.62119525390625 0.203075396484375
1 0.551940037109375 0.212037037109375 0.469277263671875 0.223181216796875 0.479306291015625 0.375793650390625 0.55522854296875 0.37070105859375 0.551940037109375 0.212037037109375
1 0.46704512109375 0.22321428515625 0.38774526171875 0.232324736328125 0.406702859375 0.38480489453125 0.480407666015625 0.377761244140625 0.46704512109375 0.22321428515625
1 0.384382349609375 0.23435846484375 0.308430703125 0.2434193125 0.337462337890625 0.39178240625 0.405601484375 0.38283730078125 0.384382349609375 0.23435846484375
0 0.29505254296875 0.24163359765625 0.23355103515625 0.258416005859375 0.283214837890625 0.483845900390625 0.340281451171875 0.463161376953125 0.29505254296875 0.24163359765625
1 0.234667107421875 0.258399470703125 0.164354607421875 0.25944113671875 0.2001414609375 0.399768517578125 0.265974978515625 0.400777115234375 0.234667107421875 0.258399470703125
1 0.16765873046875 0.265343916015625 0.093998015625 0.266435185546875 0.13314778125 0.4047288359375 0.20235890625 0.401719576171875 0.16765873046875 0.265343916015625
1 0.0962154609375 0.2683862421875 0.02143867578125 0.269494046875 0.067284869140625 0.4076884921875 0.1353652265625 0.40667989453125 0.0962154609375 0.2683862421875
1 0 0.397281640625 0.001466048828125 0.404695767578125 0.06844503125 0.401719576171875 0.0225253515625 0.273445767578125 0 0.2737794765625 0 0.397281640625