1 1 0.593386244140625 0.9854910703125 0.55413359765625 0.921875 0.561970900390625 0.970982142578125 0.701388888671875 1 0.69259259375 1 0.593386244140625
1 0.8582589296875 0.56782407421875 0.8995535703125 0.703505291015625 0.9676339296875 0.697519841796875 0.919642857421875 0.56005291015625 0.8582589296875 0.56782407421875
1 0.794642857421875 0.575661375 0.828125 0.705621693359375 0.89508928515625 0.701653439453125 0.857142857421875 0.571825396484375 0.794642857421875 0.575661375
1 0.7354910703125 0.585350529296875 0.7589285703125 0.71362433984375 0.825892857421875 0.705687830078125 0.79241071484375 0.577711640625 0.7354910703125 0.585350529296875
0 0.6495535703125 0.50853174609375 0.6953125 0.73733465625 0.7578125 0.717625662109375 0.708705357421875 0.48892195703125 0.6495535703125 0.50853174609375
1 0.583705357421875 0.589847884765625 0.6026785703125 0.73809523828125 0.681919642578125 0.727810845703125 0.6551339296875 0.583763228515625 0.583705357421875 0.589847884765625
1 0.510044642578125 0.59401455078125 0.5245535703125 0.74636243359375 0.6015625 0.7440806875 0.58147321484375 0.58792989453125 0.510044642578125 0.59401455078125
1 0.4363839296875 0.606117724609375 0.4441964296875 0.758664021484375 0.5223214296875 0.744444443359375 0.510044642578125 0.59401455078125 0.4363839296875 0.606117724609375
0 0.3683035703125 0.5406746015625 0.3660714296875 0.782804232421875 0.4308035703125 0.778902115234375 0.41852678515625 0.5372023828125 0.3683035703125 0.5406746015625
1 0.27790178515625 0.612797619140625 0.26897321484375 0.771792328125 0.3604910703125 0.7770171953125 0.359375 0.61038359765625 0.27790178515625 0.612797619140625
0 0.19977678515625 0.557572751953125 0.171875 0.826256615234375 0.25334821484375 0.833763228515625 0.271205357421875 0.56339285546875 0.19977678515625 0.557572751953125
0 0.11272321484375 0.56412037109375 0.075892857421875 0.829100529296875 0.1651785703125 0.836375662109375 0.18415178515625 0.565972220703125 0.11272321484375 0.56412037109375
0 0.0234375 0.5766865078125 0 0.811507935546875 0.0625 0.83743386328125 0.09709821484375 0.590376984375 0.0234375 0.5766865078125
0 0.09709821484375 0.257043650390625 0.0714285703125 0.394708994140625 0.1328125 0.424636244140625 0.16071428515625 0.273015873046875 0.09709821484375 0.257043650390625
0 0.1395089296875 0.44229497265625 0.205357142578125 0.44232804296875 0.21875 0.247486771484375 0.161830357421875 0.24917328125 0.1395089296875 0.44229497265625
0 0.2890625 0.257308201171875 0.234375 0.25496031640625 0.228794642578125 0.4277447109375 0.2823660703125 0.428141533203125 0.2890625 0.257308201171875
1 0.3660714296875 0.292724869140625 0.30022321484375 0.294675927734375 0.294642857421875 0.419841271484375 0.369419642578125 0.417625662109375 0.3660714296875 0.292724869140625
0 0.377232142578125 0.4253306875 0.4296875 0.421792328125 0.419642857421875 0.25343915234375 0.3738839296875 0.25479497265625 0.375 0.4214285703125 0.377232142578125 0.4253306875
1 0.48883928515625 0.3009920625 0.427455357421875 0.304794974609375 0.435267857421875 0.405753966796875 0.5011160703125 0.40380291015625 0.48883928515625 0.3009920625
1 0.549107142578125 0.3011904765625 0.4910714296875 0.306878306640625 0.50334821484375 0.4057208984375 0.564732142578125 0.399933861328125 0.549107142578125 0.3011904765625
1 0.6082589296875 0.301421958984375 0.549107142578125 0.307142857421875 0.56696428515625 0.403835978515625 0.625 0.3961640234375 0.6082589296875 0.301421958984375
1 0.6651785703125 0.2957671953125 0.6104910703125 0.299371693359375 0.62834821484375 0.400033068359375 0.69084821484375 0.3922288359375 0.6651785703125 0.2957671953125
1 0.72209821484375 0.29011243359375 0.6707589296875 0.2956018515625 0.689732142578125 0.39027777734375 0.7488839296875 0.384556876953125 0.72209821484375 0.29011243359375
1 0.779017857421875 0.2923941796875 0.7265625 0.295932541015625 0.7511160703125 0.39242725 0.80915178515625 0.38673941796875 0.779017857421875 0.2923941796875
1 0.8348214296875 0.288756615234375 0.78125 0.292328041015625 0.8125 0.384656083984375 0.864955357421875 0.381117724609375 0.8348214296875 0.288756615234375
1 0.8895089296875 0.291104498046875 0.8359375 0.29269180078125 0.8683035703125 0.3869708984375 0.924107142578125 0.38333333203125 0.8895089296875 0.291104498046875
1 0.9386160703125 0.28964947265625 0.8895089296875 0.291104498046875 0.92633928515625 0.387235451171875 0.9776785703125 0.38174603125 0.9386160703125 0.28964947265625
1 0.9988839296875 0.28389550390625 0.94196428515625 0.28756613671875 0.978794642578125 0.377744708984375 0.997767857421875 0.3771825390625 0.9988839296875 0.28389550390625