0 0.8232421875 0.8926142939814815 0.08805700231481484 0.15751591435185186
0 0.7157769097222222 0.8907335069444444 0.09302662037037024 0.1694155092592593
0 0.6023148148148147 0.8705150462962963 0.09241174768518512 0.21820746527777768
0 0.4911096643518519 0.8912398726851851 0.08728298611111107 0.18482349537037024
0 0.3700810185185185 0.9045138888888888 0.08812934027777786 0.16728153935185186
0 0.2587673611111111 0.9105902777777778 0.09102285879629624 0.16250723379629628
0 0.183343888671875 0.992812609375 0.203488677734375 0.820311884765625 0.126581814453125 0.8132808203125 0.089993966796875 0.99694123828125 0.183343888671875 0.992812609375
0 0.041840277777777775 0.9010416666666667 0.07175202546296296 0.19694010416666652
0 0.021513498046875 0.20576054296875 0.00177591796875 0.2397488359375 0.00333411328125 0.421127123046875 0.068516248046875 0.32210100390625 0.069679484375 0.256674052734375 0.021513498046875 0.20576054296875
0 0.0976527421875 0.11055030078125 0.076616044921875 0.229092544921875 0.066095697265625 0.36610518359375 0.1418779140625 0.363298435546875 0.1675718984375 0.124232451171875 0.0976527421875 0.11055030078125
0 0.22651151171875 0.36894676171875 0.244604173828125 0.141872859375 0.1798697734375 0.133864849609375 0.1539663671875 0.363826595703125 0.22651151171875 0.36894676171875
0 0.31284312109375 0.381363345703125 0.32467833984375 0.125244849609375 0.256878953125 0.121347462890625 0.23540621875 0.383255498046875 0.31284312109375 0.381363345703125
0 0.3623263888888889 0.2532552083333333 0.07724247685185182 0.27915219907407407
0 0.5302300347222222 0.23824508101851852 0.0721932870370372 0.2565104166666667
0 0.90621626953125 0.3509780234375 0.876807736328125 0.088580037109375 0.794968416015625 0.102296876953125 0.8277389140625 0.360715734375 0.90621626953125 0.3509780234375
1 0.489018220703125 0.34966723046875 0.4938881015625 0.19139454296875 0.416469541015625 0.181335759765625 0.4066679375 0.355644884765625 0.489018220703125 0.34966723046875
1 0.655467390625 0.351309470703125 0.65044537890625 0.192427283203125 0.57321870703125 0.19134601171875 0.575277595703125 0.352327701171875 0.655467390625 0.351309470703125
1 0.737846548828125 0.3492342734375 0.727362056640625 0.194457896484375 0.6522823984375 0.18929637890625 0.656551203125 0.349317568359375 0.737846548828125 0.3492342734375
1 0.8197083984375 0.348737451171875 0.805928986328125 0.194083123046875 0.72940869921875 0.1925904296875 0.740074904296875 0.350710958984375 0.8197083984375 0.348737451171875
1 0.98274917578125 0.344747892578125 0.959677625 0.196292982421875 0.891098939453125 0.202417677734375 0.906966958984375 0.347554642578125 0.98274917578125 0.344747892578125