0 0.5341796875 0.2666015625 0.0791015625 0.2451171875
0 0.1171875 0.248046875 0.0791015625 0.2685546875
0 0.197265625 0.2548828125 0.068359375 0.2607421875
0 0.28515625 0.263671875 0.076171875 0.2822265625
0 0.3681640625 0.28125 0.076171875 0.275390625
0 0.859375 0.2724609375 0.09375 0.271484375
0 0.533581927734375 0.989051103515625 0.530458001953125 0.824337486328125 0.4534011171875 0.81693474609375 0.45364580078125 0.991666666015625 0.533581927734375 0.989051103515625
0 0.00208330078125 0.811111111328125 0 0.97054391015625 0.004597220703125 0.99275247265625 0.064993140625 1 0.0868606171875 0.824337486328125 0.00208330078125 0.811111111328125
0 0.1861173828125 1 0.20737494921875 0.810523751953125 0.13343573046875 0.80395326171875 0.089219771484375 0.98866016796875 0.1861173828125 1
0 0.075208638671875 0.29966044921875 0.034542126953125 0.202744224609375 0.000345236328125 0.242167763671875 0 0.41136042578125 0.0018490859375 0.428994685546875 0.075208638671875 0.29966044921875
0 0.2203142734375 0.83680616015625 0.206450681640625 0.981359185546875 0.2944715390625 0.996056626953125 0.31181398828125 0.841734103515625 0.2203142734375 0.83680616015625
0 0.324753314453125 0.84501934765625 0.321056412109375 1 0.416513130859375 0.98866016796875 0.42179846484375 0.8565179296875 0.324753314453125 0.84501934765625
0 0.654706828125 0.98792967578125 0.649161392578125 0.78752673828125 0.5613586640625 0.782598794921875 0.56490461328125 0.993591140625 0.654706828125 0.98792967578125
0 0.759145953125 0.98792967578125 0.745282359375 0.830235521484375 0.669494775390625 0.825307580078125 0.677238349609375 0.9837291953125 0.759145953125 0.98792967578125
0 0.869130515625 0.9928576171875 0.8487971328125 0.841734103515625 0.77485808203125 0.838448859375 0.788185251953125 0.993591140625 0.869130515625 0.9928576171875
0 0.5205258515625 0 0.52069215234375 0.03683680859375 0.59093430078125 0.040122126953125 0.5872373984375 0 0.5205258515625 0
1 0.455078125 0.294921875 0.078125 0.2353515625
1 0.6142578125 0.287109375 0.080078125 0.205078125
1 0.6982421875 0.291015625 0.080078125 0.2021484375
1 0.7783203125 0.302734375 0.0771484375 0.1875
1 0.9423828125 0.3095703125 0.083984375 0.181640625
1 0.936602587890625 0.041764751953125 0.926435896484375 0 0.864378037109375 0.007396458984375 0.864511904296875 0.041764751953125 0.936602587890625 0.041764751953125
1 0.583543056640625 0 0.58169460546875 0.04997801171875 0.65193675390625 0.04997801171875 0.653578923828125 0.007396458984375 0.583543056640625 0
1 0.655633740234375 0 0.6510125703125 0.05162063671875 0.727724423828125 0.05162063671875 0.722920736328125 0.014792919921875 0.655633740234375 0
1 0.80166355859375 0.03847946875 0.789648501953125 0 0.73262858984375 0.01232743359375 0.73142141015625 0.03683680859375 0.80166355859375 0.03847946875
1 0.791496953125 0 0.797042388671875 0.04340741015625 0.86636035546875 0.0450500703125 0.86299119921875 0 0.791496953125 0
1 0.9976023984375 0.04340741015625 0.99667821484375 0 0.937880359375 0.002465486328125 0.938451123046875 0.041764751953125 0.9976023984375 0.04340741015625