1 0 0.72188645703125 0.049702380859375 0.5937830703125 0 0.589308201171875 0 0.72188645703125
1 0 0.728043515625 0.06937555078125 0.730224865234375 0.11434633984375 0.59960317578125 0.0483217578125 0.5996693125 0 0.722531978515625 0 0.728043515625
1 0.06661430859375 0.74199735546875 0.13710317578125 0.742195767578125 0.179930005859375 0.609457671875 0.115197861328125 0.605621693359375 0.06661430859375 0.74199735546875
1 0.141743826171875 0.738492064453125 0.209383267578125 0.75244708984375 0.237348435546875 0.62678571484375 0.181046076171875 0.609523810546875 0.141743826171875 0.738492064453125
0 0.272508818359375 0.51547619140625 0.2069747578125 0.756283068359375 0.2722056875 0.77407407421875 0.330161486328125 0.552711640625 0.272508818359375 0.51547619140625
1 0.3191743828125 0.623677248046875 0.290680115234375 0.76124338671875 0.36140321875 0.78134920703125 0.3891341484375 0.635780423828125 0.3191743828125 0.623677248046875
1 0.388018076171875 0.63571428515625 0.3615795859375 0.777380953125 0.4416721796875 0.78809523828125 0.46279486328125 0.640145501953125 0.388018076171875 0.63571428515625
1 0.536191025390625 0.650462962890625 0.46261849609375 0.644113755859375 0.4426118828125 0.79212962890625 0.5216765859375 0.800793650390625 0.536191025390625 0.650462962890625
0 0.552493939453125 0.585780421875 0.536419751953125 0.821560845703125 0.59830246875 0.8391534375 0.607093255859375 0.59100529296875 0.552493939453125 0.585780421875
1 0.615255732421875 0.659126984375 0.609405314453125 0.81593915234375 0.696194333984375 0.827050263671875 0.695612875 0.663888888671875 0.615255732421875 0.659126984375
0 0.70339781640625 0.614616400390625 0.70738260546875 0.87744708984375 0.792204033203125 0.882473544921875 0.778439154296875 0.613095236328125 0.70339781640625 0.614616400390625
0 0.865316357421875 0.62222222265625 0.788982583984375 0.62764550390625 0.8006916875 0.89292328125 0.884074626953125 0.87996031640625 0.865316357421875 0.62222222265625
0 0.901314482421875 0.894907408203125 0.963227513671875 0.886640212890625 0.9417961875 0.6386904765625 0.8753306875 0.64867725 0.901314482421875 0.894907408203125
0 0.848580798828125 0.470039681640625 0.909025021484375 0.469642859375 0.88635637109375 0.32506613671875 0.830111884765625 0.33167989453125 0.848580798828125 0.470039681640625
0 0.771277005859375 0.497288359375 0.8350694453125 0.4970899453125 0.827821869140625 0.30767195703125 0.76626157421875 0.30800264453125 0.771277005859375 0.497288359375
0 0.69403383984375 0.472817458984375 0.754389880859375 0.474404763671875 0.753133267578125 0.30125661328125 0.70179398046875 0.29821428515625 0.69403383984375 0.472817458984375
1 0.615057318359375 0.4621693125 0.68202160546875 0.46613756640625 0.6858438046875 0.354960318359375 0.6233438046875 0.351256615234375 0.615057318359375 0.4621693125
0 0.544303900390625 0.46792328125 0.60542328125 0.4775132265625 0.613183421875 0.302910052734375 0.56313657421875 0.295965607421875 0.544303900390625 0.46792328125
1 0.47889660546875 0.45410053125 0.546888779296875 0.460119046875 0.5572310390625 0.35330687890625 0.49370315234375 0.34755291015625 0.47889660546875 0.45410053125
1 0.41924603125 0.4366402109375 0.481393298828125 0.448280421875 0.49549437890625 0.3576058203125 0.43463955078125 0.342063490234375 0.41924603125 0.4366402109375
1 0.35554177734375 0.43485449609375 0.415545083984375 0.444378306640625 0.43575562109375 0.34212962890625 0.378924162109375 0.33677248828125 0.35554177734375 0.43485449609375
1 0.295185734375 0.433267197265625 0.350989306640625 0.436574076171875 0.37539958203125 0.340542328125 0.319596009765625 0.337235451171875 0.295185734375 0.433267197265625
1 0.23165784765625 0.4275132265625 0.288489306640625 0.43287037109375 0.31401565234375 0.336904763671875 0.265084876953125 0.330026455078125 0.23165784765625 0.4275132265625
1 0.171478173828125 0.421957671875 0.23277391796875 0.427579365234375 0.256919642578125 0.337499998046875 0.20790068359375 0.3326058203125 0.171478173828125 0.421957671875
1 0.1147348984375 0.41461640234375 0.171566357421875 0.419973544921875 0.20446428515625 0.334391533203125 0.1509810390625 0.3292328046875 0.1147348984375 0.41461640234375
1 0.0567873671875 0.40919312109375 0.11585096875 0.4146825390625 0.147456458984375 0.333002646484375 0.0962935390625 0.325992064453125 0.0567873671875 0.40919312109375
1 0.0040674609375 0.412037037109375 0.0587549609375 0.41527777734375 0.09414958203125 0.323875662109375 0.04745094921875 0.317129630859375 0.0040674609375 0.412037037109375
1 0 0.405827943359375 0.00544808203125 0.40615079296875 0.042898478515625 0.318849205078125 0 0.310272435546875 0 0.405827943359375