0 0.8459201388888888 0.78515625 0.0859375 0.263671875
0 0.7651548032407407 0.77734375 0.08467158564814814 0.255859375
0 0.6807725694444444 0.76171875 0.08568431712962976 0.283203125
0 0.5929904513888888 0.7587890625 0.0917245370370372 0.2880859375
0 0.42787905092592593 0.7607421875 0.08159722222222221 0.251953125
0 0.10167100694444443 0.76171875 0.09950086805555555 0.2607421875
0 0.926939111328125 0.83636723828125 0.97128541796875 0.77529369140625 0.97805068359375 0.580968771484375 0.96693676171875 0.583333333984375 0.881137552734375 0.72347365625 0.926939111328125 0.83636723828125
0 0.88527203515625 0.2182288671875 0.98917184375 0.236111111328125 0.999731572265625 0.00724752734375 0.92459383984375 0 0.88527203515625 0.2182288671875
0 0.856389546875 0.210826041015625 0.90531767578125 0.011111111328125 0.8017194140625 0 0.77849705078125 0.20527390234375 0.856389546875 0.210826041015625
0 0.751148884765625 0.212676728515625 0.7773984375 0.0055555546875 0.6819689140625 0 0.66617283203125 0.2015724453125 0.751148884765625 0.212676728515625
0 0.643962630859375 0.210826041015625 0.658339796875 0.013888888671875 0.565342435546875 0 0.56385045703125 0.208975357421875 0.643962630859375 0.210826041015625
0 0.533515361328125 0.212676728515625 0.54125517578125 0.011111111328125 0.46017022265625 0 0.453471734375 0.208975357421875 0.533515361328125 0.212676728515625
0 0.421286021484375 0.2626459921875 0.43074522265625 0.00724752734375 0.3414610625 0 0.337077126953125 0.25894462109375 0.421286021484375 0.2626459921875
0 0.3160875703125 0.2071245859375 0.316358056640625 0.008333333984375 0.23004109375 0 0.238893689453125 0.210826041015625 0.3160875703125 0.2071245859375
0 0.208408431640625 0.190468166015625 0.209902296875 0.013888888671875 0.118621125 0 0.131282998046875 0.192318935546875 0.208408431640625 0.190468166015625
1 0.5065827546296297 0.7451171875 0.08655237268518512 0.2275390625
1 0.34794560185185186 0.73046875 0.08745659722222221 0.19921875
1 0.26493778935185186 0.73046875 0.08159722222222221 0.19921875
1 0.18760850694444445 0.7353515625 0.08600983796296297 0.212890625
1 0.03247974537037037 0.7314453125 0.06495949074074074 0.1982421875