0 0.841559001953125 0.59547033984375 0.8072639375 0.78136240625 0.86839591796875 0.777725607421875 0.90785345703125 0.608800501953125 0.841559001953125 0.59547033984375
0 0.77432273046875 0.60756914453125 0.745150369140625 0.780231275390625 0.803398046875 0.7815055859375 0.83808924609375 0.6161886484375 0.77432273046875 0.60756914453125
0 0.624932306640625 0.5863353828125 0.612341912109375 0.7803458203125 0.66177440234375 0.779887640625 0.679624318359375 0.589800365234375 0.624932306640625 0.5863353828125
0 0.2238389921875 0.66913703125 0.23710551953125 0.82169653125 0.300114763671875 0.80906795703125 0.286954826171875 0.664054103515625 0.2238389921875 0.66913703125
0 0.142446880859375 0.667347267578125 0.17498081640625 0.85213683984375 0.230070552734375 0.82401606640625 0.20650930078125 0.647130091796875 0.142446880859375 0.667347267578125
0 0.07655799609375 0.686945765625 0.118436994140625 0.85697636328125 0.16685756640625 0.8339068828125 0.14046769140625 0.670852203125 0.07655799609375 0.686945765625
0 0.01053240234375 0.697627076171875 0.042853158203125 0.867325359375 0.1038228671875 0.8472227265625 0.10423491015625 0.846521140625 0.078953892578125 0.684798046875 0.01053240234375 0.697627076171875
1 0 0.817438009765625 0.033856716796875 0.81618405859375 0.0173479296875 0.730318330078125 0 0.732296087890625 0 0.817438009765625
1 0.29209184765625 0.681708333984375 0.302836796875 0.78769101171875 0.364559001953125 0.77854173828125 0.357242447265625 0.67380473828125 0.29209184765625 0.681708333984375
1 0.35729335546875 0.67243019921875 0.364559001953125 0.77854173828125 0.426667796875 0.76937814453125 0.42270326953125 0.66794862890625 0.35729335546875 0.67243019921875
1 0.422805087890625 0.66519955078125 0.42625575390625 0.770079732421875 0.487667734375 0.75888296875 0.48754364453125 0.6579975390625 0.422805087890625 0.66519955078125
1 0.488601591796875 0.660703662109375 0.48833909375 0.761603408203125 0.550910841796875 0.75036369140625 0.554113326171875 0.653473017578125 0.488601591796875 0.660703662109375
1 0.5538285546875 0.650738255859375 0.54928812109375 0.752482771484375 0.611320552734375 0.745380986328125 0.618750064453125 0.649020083984375 0.5538285546875 0.650738255859375
1 0.56543672265625 0.297576068359375 0.55561136328125 0.4619899609375 0.631004294921875 0.45388426953125 0.647839193359375 0.291867443359375 0.56543672265625 0.297576068359375
1 0.485057212890625 0.309187294921875 0.482389185546875 0.472007763671875 0.55558673046875 0.462655044921875 0.566061775390625 0.300873765625 0.485057212890625 0.309187294921875
1 0.404751599609375 0.31880327734375 0.408891427734375 0.479379091796875 0.48253698046875 0.46801726953125 0.484235095703125 0.31121025390625 0.404751599609375 0.31880327734375
1 0.324022611328125 0.32976328125 0.33511809375 0.48410394921875 0.408989958984375 0.47671876171875 0.4039048515625 0.3214913203125 0.324022611328125 0.32976328125
1 0.24112287109375 0.338811169921875 0.2588784140625 0.494897681640625 0.332100591796875 0.48487987890625 0.320906580078125 0.3331995390625 0.24112287109375 0.338811169921875
1 0.15964566796875 0.349798884765625 0.185178978515625 0.497627291015625 0.258903046875 0.49423259765625 0.24104897265625 0.34080641796875 0.15964566796875 0.349798884765625
1 0.11207996484375 0.5043196796875 0.11242944140625 0.504970908203125 0.185105080078125 0.499622537109375 0.15919766015625 0.35180798828125 0.079364685546875 0.358749787109375 0.11207996484375 0.5043196796875
1 0.0017271015625 0.366938611328125 0.03955673828125 0.5156399375 0.110135521484375 0.50638420703125 0.078217728515625 0.359456435546875 0.0017271015625 0.366938611328125
1 0 0.52060186328125 0.037735458984375 0.51437905078125 0.000481611328125 0.37030558984375 0 0.37030088671875 0 0.52060186328125