0 0.7518252421875 0.783837076171875 0.751651044921875 0.516522958984375 0.674920712890625 0.525845322265625 0.66893806640625 0.785286845703125 0.7518252421875 0.783837076171875
0 0.648408638671875 0.815209443359375 0.6483056171875 0.519540505859375 0.578737978515625 0.524547271484375 0.570480279296875 0.814855427734375 0.648408638671875 0.815209443359375
0 0.549063380859375 0.7994473984375 0.55186027734375 0.555515048828125 0.48806587109375 0.5554476171875 0.47432114453125 0.798975380859375 0.549063380859375 0.7994473984375
0 0.190175078125 0.559190046875 0.167012087890625 0.654015166015625 0.154654947265625 0.821345681640625 0.2242225859375 0.8163389140625 0.244890248046875 0.560403810546875 0.190175078125 0.559190046875
0 0.13160321875 0.56621975 0.108296375 0.656189822265625 0.091986265625 0.813135931640625 0.154487490234375 0.831072630859375 0.18116776953125 0.56276390234375 0.13160321875 0.56621975
0 0.20370719140625 0 0.1921272109375 0.056069037109375 0.210022701171875 0.075657802734375 0.22712625 0.03776146875 0.24746499609375 0.047538994140625 0.26303830078125 0 0.20370719140625 0
0 0.133774875 0.224293013671875 0.165181705078125 0.25391216796875 0.182237677734375 0.229788658203125 0.18151841015625 0.205513427734375 0.193662392578125 0.1386385390625 0.207986654296875 0.083833833984375 0.1803649609375 0.058934865234375 0.146684953125 0.1371381953125 0.133774875 0.224293013671875
0 0.205595466796875 0.264566296875 0.22837709765625 0.24914141015625 0.276428568359375 0.086969384765625 0.269121646484375 0.071038765625 0.2274855078125 0.0345079140625 0.191841751953125 0.13870596875 0.178285083984375 0.234795421875 0.205595466796875 0.264566296875
0 0.277023181640625 0 0.271708384765625 0.05069140234375 0.2752084375 0.153439685546875 0.32628194921875 0.139397140625 0.334702806640625 0 0.277023181640625 0
0 0.334326677734375 0 0.331839779296875 0.14243154296875 0.393717265625 0.1239385390625 0.395342443359375 0 0.334326677734375 0
0 0.3967040703125 0 0.399131615234375 0.13750906640625 0.462206755859375 0.113301267578125 0.461225546875 0 0.3967040703125 0
0 0.463613994140625 0 0.469178392578125 0.1332946171875 0.528923931640625 0.1197409453125 0.530464357421875 0 0.463613994140625 0
0 0.537678873046875 0 0.540733755859375 0.103102298828125 0.611403146484375 0.089144041015625 0.608398029296875 0 0.537678873046875 0
0 0.618079548828125 0 0.61609860546875 0.093830509765625 0.6841089609375 0.082400921875 0.682364998046875 0 0.618079548828125 0
1 0.70044299609375 0 0.70023101171875 0.072893123046875 0.784986404296875 0.057603099609375 0.784188572265625 0 0.70044299609375 0
1 0.7879971953125 0 0.78987329296875 0.053371791015625 0.88080912890625 0.03137236328125 0.878745607421875 0 0.7879971953125 0
1 0.879879578125 0 0.88080912890625 0.03137236328125 0.9791234375 0.012339908203125 0.9771285 0 0.879879578125 0
1 0.882144642578125 0.768479623046875 0.863452716796875 0.506711720703125 0.772085318359375 0.514146009765625 0.7865848984375 0.77282893359375 0.882144642578125 0.768479623046875
1 0.47139762890625 0.761820791015625 0.4775488515625 0.538825826171875 0.3983029609375 0.540140736328125 0.385707564453125 0.7609441875 0.47139762890625 0.761820791015625
1 0.38470133984375 0.757741205078125 0.396602197265625 0.5442540390625 0.318745763671875 0.546327548828125 0.304233447265625 0.748570560546875 0.38470133984375 0.757741205078125
1 0.303730333984375 0.7469690703125 0.317404255859375 0.547187294921875 0.246447158203125 0.551435462890625 0.232102296875 0.743951525390625 0.303730333984375 0.7469690703125