0 0.6081534453125 0.999828087890625 0.609077689453125 0.95299965625 0.53698655078125 0.936568626953125 0.53236532421875 1 0.6081534453125 0.999828087890625
0 0.50463796484375 1 0.506948578125 0.939854833984375 0.437168052734375 0.92506690625 0.4274634765625 1 0.50463796484375 1
0 0.396039134765625 1 0.402970974609375 0.9431410390625 0.337811677734375 0.93410397265625 0.323023751953125 1 0.396039134765625 1
0 0 0.999828087890625 0.036045568359375 0.999828087890625 0.064235052734375 0.880703130859375 0 0.870844513671875 0 0.999828087890625
0 0.079022978515625 0.423098984375 0.10166698828125 0.37709210546875 0.07393962890625 0.34094384375 0.02726523828125 0.408311060546875 0.000462123046875 0.493752408203125 0.030037974609375 0.5315437734375 0.053144107421875 0.5118265390625 0.0545304765625 0.488823099609375 0.079022978515625 0.423098984375
0 0.173758126953125 0.384486068359375 0.13309133203125 0.33190677734375 0.075788119140625 0.42638519140625 0.04343953125 0.5315437734375 0.078098732421875 0.55454721484375 0.099356375 0.541402390625 0.1695990234375 0.419812779296875 0.173758126953125 0.384486068359375
0 0.207955205078125 0.260431802734375 0.16405355078125 0.199636998046875 0.11876552734375 0.26864731640625 0.09242453515625 0.339300740234375 0.1072124609375 0.368055041015625 0.131704962890625 0.33190677734375 0.14834137890625 0.350802458984375 0.207955205078125 0.260431802734375
0 0.176992986328125 0.349980908203125 0.16266718359375 0.457604146484375 0.218121904296875 0.46581966015625 0.25555383984375 0.280149037109375 0.202409732421875 0.25878869921875 0.176992986328125 0.349980908203125
0 0.2379931796875 0.35901797265625 0.22459162109375 0.4608903515625 0.280970587890625 0.47157051953125 0.323947998046875 0.275219728515625 0.26340992578125 0.254680943359375 0.2379931796875 0.35901797265625
0 0.30731158203125 0.366411935546875 0.2971448828125 0.47732137890625 0.3562965859375 0.47732137890625 0.382175455078125 0.279327486328125 0.327644978515625 0.264539560546875 0.30731158203125 0.366411935546875
0 0.36137993359375 0.48307223828125 0.36137993359375 0.484715341796875 0.42376649609375 0.501967921875 0.448258998046875 0.29822316796875 0.391417908203125 0.28836455078125 0.36137993359375 0.48307223828125
0 0.499554615234375 0.4781429296875 0.51988801171875 0.285078345703125 0.463046923828125 0.266182662109375 0.43624380859375 0.47732137890625 0.499554615234375 0.4781429296875
0 0.5707215078125 0.5003248203125 0.5831988203125 0.301509373046875 0.53236532421875 0.296580064453125 0.509721314453125 0.49703861328125 0.5707215078125 0.5003248203125
0 0.9284044609375 0.513469642578125 0.906222572265625 0.259610251953125 0.83089657421875 0.256324044921875 0.842449642578125 0.50114637109375 0.9284044609375 0.513469642578125
0 0.892821013671875 0 0.910843798828125 0.1733473515625 0.976927341796875 0.174990455078125 0.963525783203125 0 0.892821013671875 0
0 0.82026775390625 0 0.82951020703125 0.17252580078125 0.89651799609375 0.1675964921875 0.8849649296875 0 0.82026775390625 0
0 0.810563177734375 0.163488734375 0.808252564453125 0.005750859375 0.75649482421875 0.00492930859375 0.75325996484375 0.1593809765625 0.810563177734375 0.163488734375
0 0.69041128125 0 0.687638544921875 0.176633556640625 0.743093265625 0.17252580078125 0.739858408203125 0 0.69041128125 0
0 0.61185042578125 0.1790982109375 0.616009529296875 0.002464654296875 0.568873015625 0.0041077578125 0.556857828125 0.1790982109375 0.61185042578125 0.1790982109375
0 0.4025088515625 0.00492930859375 0.38494819140625 0.0887275546875 0.38032696484375 0.182384416015625 0.42931196875 0.174990455078125 0.449645365234375 0.03614826171875 0.432546826171875 0.009037064453125 0.4025088515625 0.00492930859375
0 0.30407672265625 0.110909443359375 0.305000966796875 0.1733473515625 0.35537233984375 0.161024080078125 0.374319369140625 0.033683607421875 0.32579648828125 0.021360337890625 0.30407672265625 0.110909443359375
1 0.4898500390625 0.16431028515625 0.50140310546875 0.068188767578125 0.445948384765625 0.06408101171875 0.42838772265625 0.166774939453125 0.4898500390625 0.16431028515625
1 0.5517744765625 0.163488734375 0.5614790546875 0.06572411328125 0.50371371875 0.0690103203125 0.491698529296875 0.16431028515625 0.5517744765625 0.163488734375
1 0.6839415625 0.16020252734375 0.684403685546875 0.05833015234375 0.626176228515625 0.06408101171875 0.618782265625 0.16020252734375 0.6839415625 0.16020252734375
1 1 0.03450516015625 0.9653742734375 0.03614826171875 0.98016219921875 0.1536301171875 1 0.157737873046875 1 0.03450516015625
1 1 0.439530013671875 0.994950125 0.365590384765625 0.916851392578125 0.36394728125 0.929790828125 0.51511274609375 1 0.439530013671875
1 0.834489048828125 0.511843583984375 0.8272722578125 0.365988419921875 0.75054636328125 0.360586376953125 0.75244551953125 0.497663220703125 0.834489048828125 0.511843583984375
1 0.74750771484375 0.5003642421875 0.7471278828125 0.363962654296875 0.673820470703125 0.35653484375 0.66926249609375 0.504415775390625 0.74750771484375 0.5003642421875
1 0.665084353515625 0.506441541015625 0.66812300390625 0.3592358671875 0.59785423828125 0.357210099609375 0.58797862890625 0.501714751953125 0.665084353515625 0.506441541015625
1 0.711043923828125 1 0.707625443359375 0.94535754296875 0.629760056640625 0.944682287109375 0.63089955078125 1 0.711043923828125 1
1 0.313360703125 0.99937797265625 0.32665479296875 0.90416696484375 0.240053291015625 0.896063900390625 0.221061732421875 1 0.313360703125 0.99937797265625
1 0.2165037578125 0.99870271875 0.23435582421875 0.893362876953125 0.149653474609375 0.88458455859375 0.12572411328125 1 0.2165037578125 0.99870271875
1 0.122685462890625 1 0.146614826171875 0.883909302734375 0.066470453125 0.875130982421875 0.037223453125 1 0.122685462890625 1