0 0.08623918359375 1 0.106553302734375 0.905575314453125 0.043311234375 0.904893916015625 0 1 0.08623918359375 1
0 0.9739278515625 0.577823826171875 0.955146875 0.320256130859375 0.880022962890625 0.31412356640625 0.892671375 0.5710098671875 0.9739278515625 0.577823826171875
0 0.60635728515625 0.5532935703125 0.62283855078125 0.364546873046875 0.572628181640625 0.359777099609375 0.5484812109375 0.54579821484375 0.60635728515625 0.5532935703125
0 0.5396656484375 0.5355772734375 0.559213197265625 0.33592823828125 0.50631983203125 0.322300318359375 0.474123869140625 0.5355772734375 0.5396656484375 0.5355772734375
0 0.46760801953125 0.54784240234375 0.489071994140625 0.356370119140625 0.4334956328125 0.345467783203125 0.400533099609375 0.544435421875 0.46760801953125 0.54784240234375
0 0.39670024609375 0.526719125 0.4239135 0.32979567578125 0.36910370703125 0.322300318359375 0.331541751953125 0.517179580078125 0.39670024609375 0.526719125
0 0.2805648125 0.41428878125 0.2694495390625 0.52126795703125 0.32732561328125 0.51240980859375 0.364121 0.334565447265625 0.311994203125 0.3107165859375 0.2805648125 0.41428878125
0 0.22422187890625 0.3992980703125 0.20889046875 0.513091205078125 0.2656166875 0.506277244140625 0.300878931640625 0.3284328828125 0.248368849609375 0.312079376953125 0.22422187890625 0.3992980703125
0 0.252201703125 0.3107165859375 0.2142564609375 0.254160716796875 0.16672908984375 0.322300318359375 0.1410489765625 0.389758525390625 0.159829955078125 0.417014365234375 0.178227646484375 0.387032939453125 0.198541765625 0.402705048828125 0.252201703125 0.3107165859375
0 0.1276339921875 0.469481859375 0.1513976796875 0.420421345703125 0.1291671328125 0.388395732421875 0.078573478515625 0.45517254296875 0.048293943359375 0.538984251953125 0.079340048828125 0.57646103515625 0.10157059375 0.55465636328125 0.105403447265625 0.53012610546875 0.1276339921875 0.469481859375
0 0.19969162109375 0.4033864453125 0.18244378515625 0.377493396484375 0.12801727734375 0.463349294921875 0.09543803125 0.559426134765625 0.121118142578125 0.594177330078125 0.149481251953125 0.581912203125 0.2230720234375 0.445632998046875 0.19969162109375 0.4033864453125
0 0.3507032578125 0.163661521484375 0.3520521171875 0.230804708984375 0.39622723828125 0.223011302734375 0.4191578359375 0.10431173828125 0.37498271484375 0.073138115234375 0.3507032578125 0.163661521484375
0 0.4488327265625 0.0665436953125 0.4296114921875 0.148074708984375 0.424890486328125 0.241595578125 0.47277496875 0.23500115625 0.493345064453125 0.091122896484375 0.476821544921875 0.0743371015625 0.4488327265625 0.0665436953125
0 0.6504871015625 0.239797099609375 0.65790582421875 0.0677426796875 0.611032984375 0.065344708984375 0.598218826171875 0.239197607421875 0.6504871015625 0.239797099609375
0 0.7846985390625 0.2320036953125 0.783686896484375 0.058150796875 0.7344535546875 0.056352318359375 0.72770926171875 0.232603185546875 0.7846985390625 0.2320036953125
0 0.85483919140625 0.223011302734375 0.852478689453125 0.063546232421875 0.8002104140625 0.06234724609375 0.797849912109375 0.227207751953125 0.85483919140625 0.223011302734375
0 0.946898796875 0.232603185546875 0.93037527734375 0.05575282421875 0.86967663671875 0.06294673828125 0.8777697890625 0.240996083984375 0.946898796875 0.232603185546875
0 1 0.0419644921875 0.93745678515625 0.0407655078125 0.958701310546875 0.242794564453125 1 0.2421950703125 1 0.0419644921875
1 0.53169089453125 0.227772935546875 0.5432781796875 0.13124900390625 0.4879902734375 0.1306604453125 0.473092333984375 0.22600725390625 0.53169089453125 0.227772935546875
1 0.59161371484375 0.228361498046875 0.602207806640625 0.128306201171875 0.546588833984375 0.129483322265625 0.53301515625 0.22600725390625 0.59161371484375 0.228361498046875
1 0.724039841796875 0.218355966796875 0.725364103515625 0.12183203515625 0.66676554296875 0.122420595703125 0.6608063671875 0.22600725390625 0.724039841796875 0.218355966796875
1 0.882620126953125 0.57914358984375 0.87467455859375 0.4284720859375 0.79190823046875 0.42494072265625 0.79554994921875 0.5661952578125 0.882620126953125 0.57914358984375
1 0.791577166015625 0.561486771484375 0.7895907734375 0.42611784375 0.7141078828125 0.417289435546875 0.709804033203125 0.56501813671875 0.791577166015625 0.561486771484375
1 0.704838052734375 0.563841015625 0.7104661640625 0.4190551171875 0.638956056640625 0.410226708984375 0.627037705078125 0.55795541015625 0.704838052734375 0.563841015625
1 0.169501888671875 0.99748831640625 0.187464517578125 0.9220089921875 0.107775767578125 0.90865495703125 0.0845876484375 0.998649537109375 0.169501888671875 0.99748831640625
1 0.258661841796875 0.99748831640625 0.271725572265625 0.937104857421875 0.190077263671875 0.9225896015625 0.172441228515625 0.998649537109375 0.258661841796875 0.99748831640625
1 0.35468025390625 1 0.3625184921875 0.95394255078125 0.27531809765625 0.93652424609375 0.2625809609375 1 0.35468025390625 1
1 1 0.58559183984375 0.9986375078125 0.445921138671875 0.967283677734375 0.4446397578125 0.97881612109375 0.5849511484375 1 0.58559183984375