1 0.30086866015625 0.9999520234375 0.310803001953125 0.965470919921875 0.2351127734375 0.91837477734375 0.2067289375 1 0.30086866015625 0.9999520234375
0 0.194429275390625 1 0.22848987890625 0.904918736328125 0.16415318359375 0.8653916171875 0.08940908203125 1 0.194429275390625 1
0 0.09177440234375 1 0.15469190625 0.86455061328125 0.09461278515625 0.80483943359375 0.00094612890625 0.99658801171875 0.09177440234375 1
0 0 0.99658801171875 0.09981648828125 0.811567455078125 0.04541413671875 0.764471310546875 0 0.83595652734375 0 0.99658801171875
0 0.03199416796875 0.28683025390625 0 0.389211591796875 0.050276548828125 0.40708769921875 0.13026196875 0.26245374609375 0.0882124921875 0.203950123046875 0.03199416796875 0.28683025390625
0 0.113350765625 0.35183427734375 0.0882124921875 0.454215615234375 0.143973755859375 0.46802896875 0.2161891640625 0.315269515625 0.16911203125 0.252703142578125 0.113350765625 0.35183427734375
1 0 0.377023337890625 0.034736525390625 0.283580052734375 0.021481798828125 0.266516498046875 0 0.309581662109375 0 0.377023337890625
1 0.2184744609375 0.482654875 0.268293951171875 0.3729605859375 0.21436092578125 0.348584076171875 0.163170255859375 0.45746581640625 0.2184744609375 0.482654875
1 0.09369720703125 0.4176508515625 0.13209020703125 0.312019314453125 0.11152252734375 0.30714401171875 0.059417740234375 0.407900248046875 0.09369720703125 0.4176508515625
1 0.27560690234375 0.511906685546875 0.32405521484375 0.396524544921875 0.267836890625 0.37214803515625 0.22030269921875 0.48346742578125 0.27560690234375 0.511906685546875
1 0.33868112109375 0.54278359765625 0.38438707421875 0.420088501953125 0.324969333984375 0.39814964453125 0.277892201171875 0.512719236328125 0.33868112109375 0.54278359765625
1 0.4067829921875 0.571831294921875 0.445633052734375 0.4442608984375 0.3862153125 0.41846340234375 0.340052298828125 0.541971046875 0.4067829921875 0.571831294921875
1 0.0493624296875 0.12269509375 0.082270716796875 0.04387771484375 0.074500705078125 0.043065166015625 0.0278806328125 0.11781979296875 0.0493624296875 0.12269509375
0 0.02468121484375 0 0 0.035752212890625 0 0.135695900390625 0.015997083984375 0.13082059765625 0.070387169921875 0.03250201171875 0.04890537109375 0 0.02468121484375 0
0 0.10420957421875 0.008938052734375 0.069930109375 0.06744167578125 0.051647728515625 0.137321 0.08866955078125 0.148696705078125 0.11655018359375 0.076379728515625 0.138489041015625 0.042252615234375 0.10420957421875 0.008938052734375
0 0.110151349609375 0.08613033203125 0.09598250390625 0.14382140234375 0.131176087890625 0.158447306640625 0.176424982421875 0.0536283203125 0.147630232421875 0.027626708984375 0.110151349609375 0.08613033203125
0 0.157685541015625 0.08531778125 0.136660802734375 0.163322609375 0.1773391015625 0.180386166015625 0.223502115234375 0.061753822265625 0.195621484375 0.03087691015625 0.157685541015625 0.08531778125
0 0.20110619921875 0.107256638671875 0.17916733984375 0.1909493203125 0.22624447265625 0.20151247265625 0.2788063203125 0.0869428828125 0.239042140625 0.034939662109375 0.20110619921875 0.107256638671875
1 0.29023280859375 0.205575224609375 0.327254630859375 0.12513274609375 0.28429103515625 0.10481898828125 0.24178449609375 0.186886568359375 0.29023280859375 0.205575224609375
1 0.327254630859375 0.21613837890625 0.3560493828125 0.13082059765625 0.326797572265625 0.1243201953125 0.28886162890625 0.203950123046875 0.327254630859375 0.21613837890625
0 0.3222269765625 0.232389384765625 0.377531181640625 0.2543282421875 0.377531181640625 0.25351569140625 0.419123599609375 0.115382142578125 0.375702943359375 0.082880130859375 0.3222269765625 0.232389384765625
0 0.42963596875 0.27951730078125 0.4744278046875 0.131633146484375 0.432835384765625 0.10319388671875 0.38073059765625 0.2543282421875 0.42963596875 0.27951730078125
0 0.480369578125 0.30876911328125 0.5274467109375 0.15113435546875 0.481283697265625 0.1170072421875 0.432835384765625 0.285205154296875 0.480369578125 0.30876911328125
0 0.5516708671875 0.3136444140625 0.590977986328125 0.172260662109375 0.5443579140625 0.145446501953125 0.49910901953125 0.297393408203125 0.5516708671875 0.3136444140625
1 0.47259956640625 0.6029123203125 0.50870726953125 0.468841521484375 0.447461291015625 0.4436524609375 0.407697111328125 0.56878520703125 0.47259956640625 0.6029123203125
1 0.545729091796875 0.64110218359375 0.576809140625 0.49484312890625 0.509621388671875 0.47046662109375 0.4744278046875 0.60209976953125 0.545729091796875 0.64110218359375
1 0.62434333203125 0.67594921484375 0.6481104296875 0.5264399609375 0.579551498046875 0.49646823046875 0.547557330078125 0.640197001953125 0.62434333203125 0.67594921484375
1 0.7061569921875 0.718201830078125 0.728095849609375 0.555691771484375 0.65222396484375 0.524814859375 0.624800392578125 0.678386865234375 0.7061569921875 0.718201830078125
1 0.62708569140625 0.316082064453125 0.64856748828125 0.2169509296875 0.590977986328125 0.199074822265625 0.5658397109375 0.295768306640625 0.62708569140625 0.316082064453125
1 0.696101681640625 0.3396460234375 0.713012884765625 0.238889787109375 0.64993866796875 0.217763478515625 0.62937098828125 0.316082064453125 0.696101681640625 0.3396460234375
1 0.76466061328125 0.363209982421875 0.7783723984375 0.258390994140625 0.713012884765625 0.238889787109375 0.69564462109375 0.335583271484375 0.76466061328125 0.363209982421875
1 0.837333080078125 0.384336291015625 0.847388388671875 0.276267099609375 0.78020063671875 0.256765892578125 0.7637464921875 0.363209982421875 0.837333080078125 0.384336291015625
1 0.912747904296875 0.40952534765625 0.9182326171875 0.30145616015625 0.848759568359375 0.27545455078125 0.835961900390625 0.388399041015625 0.912747904296875 0.40952534765625
0 0.982678013671875 0.49646823046875 0.97993565625 0.286017705078125 0.920974974609375 0.27707965234375 0.91183378515625 0.4842799765625 0.982678013671875 0.49646823046875
1 0.795290857421875 0.7577864921875 0.809464357421875 0.586071326171875 0.730197744140625 0.5599407578125 0.7076251328125 0.717657404296875 0.795290857421875 0.7577864921875
1 0.889780859375 0.805381455078125 0.89660513671875 0.623400708984375 0.80998930078125 0.587004560546875 0.795290857421875 0.7615194296875 0.889780859375 0.805381455078125