0 0.394976841796875 0.94319813671875 0.35369930078125 0.99974962890625 0.43587569140625 1 0.394976841796875 0.94319813671875
0 0.351512412109375 1 0.380933029296875 0.9387308671875 0.341023322265625 0.873238015625 0.24790067578125 0.998311169921875 0.351512412109375 1
0 0.24790067578125 1 0.33820917578125 0.8764216953125 0.298299470703125 0.81092884375 0.1954552265625 0.96465512109375 0.21310759765625 1 0.24790067578125 1
0 0.17524454296875 0.9596521953125 0.287810380859375 0.8009229921875 0.25276147265625 0.731336837890625 0.133288185546875 0.8836986796875 0.17524454296875 0.9596521953125
0 0.406800427734375 0.570856853515625 0.48616424609375 0.439719912109375 0.44477820703125 0.3830237421875 0.364684046875 0.5193542265625 0.406800427734375 0.570856853515625
0 0.313073220703125 0.423706490234375 0.305526353515625 0.478671478515625 0.34399102734375 0.499012853515625 0.417512109375 0.3791285859375 0.382699146484375 0.326327572265625 0.313073220703125 0.423706490234375
0 0.487381482421875 0.25534916015625 0.459628490234375 0.320701234375 0.49638903125 0.3471017421875 0.5548163828125 0.24452928125 0.52170755078125 0.19778740234375 0.487381482421875 0.25534916015625
0 0.4442913125 0.248857232421875 0.42798034375 0.29992706640625 0.458654701171875 0.31983564453125 0.507100712890625 0.222456728515625 0.47959116796875 0.196056220703125 0.4442913125 0.248857232421875
0 0.415807978515625 0.222023931640625 0.397062537109375 0.276123330078125 0.425302421875 0.292136751953125 0.470096724609375 0.208174486328125 0.447943021484375 0.182206775390625 0.415807978515625 0.222023931640625
0 0.374665384765625 0.216830390625 0.3590847578125 0.265303451171875 0.39316737890625 0.27958569140625 0.436014103515625 0.190862677734375 0.41897279296875 0.1584030390625 0.374665384765625 0.216830390625
0 0.3571371796875 0.13546489453125 0.323541453125 0.178744412109375 0.30284843359375 0.235873376953125 0.333766240234375 0.248424439453125 0.38732464453125 0.177013232421875 0.38732464453125 0.176147642578125 0.3571371796875 0.13546489453125
0 0.246855556640625 0.14325520703125 0.2332225078125 0.194757833984375 0.25878447265625 0.210338462890625 0.307473931640625 0.151911111328125 0.285807123046875 0.09608053125 0.246855556640625 0.14325520703125
0 0.253672080078125 0.0943493515625 0.21204259375 0.136330484375 0.20887777734375 0.178744412109375 0.237848005859375 0.181773978515625 0.2485596875 0.14455359375 0.27022649609375 0.1185858828125 0.253672080078125 0.0943493515625
0 0.1334091171875 0.154940677734375 0.09932649609375 0.17961000390625 0.081311396484375 0.206876099609375 0.095187892578125 0.228515859375 0.1268360390625 0.196489015625 0.13973874609375 0.202115353515625 0.15118076953125 0.194325041015625 0.1334091171875 0.154940677734375
0 0.070469650390625 0.216502224609375 0.066193578125 0.20342694921875 0.033695439453125 0.220759291015625 0.013512384765625 0.26363403125 0.021893484375 0.28461528515625 0.03489273828125 0.256336203125 0.05079972265625 0.231706033203125 0.070469650390625 0.216502224609375
0 0.096468162109375 0.2295775 0.08363994921875 0.2089003203125 0.0460105234375 0.234746794921875 0.020525140625 0.2815745234375 0.031129796875 0.3059006171875 0.049773466796875 0.2986027890625 0.07628510546875 0.273060390625 0.096468162109375 0.2295775
0 0.129287041015625 0.195474486328125 0.092836955078125 0.231633685546875 0.07451122265625 0.279249267578125 0.09263557421875 0.290347634765625 0.11478755859375 0.2427320546875 0.147411392578125 0.209078939453125 0.129287041015625 0.195474486328125
0 0.150029353515625 0.20585683203125 0.117405521484375 0.237361876953125 0.09102451953125 0.290705646484375 0.115190322265625 0.305384134765625 0.135127109375 0.255620482421875 0.165938505859375 0.222325376953125 0.150029353515625 0.20585683203125
0 0.16916061328125 0.21767122265625 0.134724345703125 0.2563365078125 0.1127737421875 0.315766478515625 0.13029394921875 0.323284728515625 0.15405698828125 0.276385171875 0.189097400390625 0.239151935546875 0.16916061328125 0.21767122265625
0 0.175000681640625 0.29390928125 0.19856233984375 0.259182126953125 0.184264240234375 0.24309006640625 0.146404484375 0.290347634765625 0.13170362109375 0.333667072265625 0.153050078125 0.3544132890625 0.16372330859375 0.344388955078125 0.164730216796875 0.32111818359375 0.175000681640625 0.29390928125
0 0.2144714921875 0.24380608984375 0.1725841015625 0.29464377734375 0.15949429296875 0.3458394765625 0.1824518046875 0.36445609375 0.20420102734375 0.325790810546875 0.240449728515625 0.278891255859375 0.2144714921875 0.24380608984375
0 0.20822866015625 0.316840513671875 0.182049041015625 0.367678201171875 0.204805171875 0.393813068359375 0.264816912109375 0.318272560546875 0.241053875 0.2771011953125 0.20822866015625 0.316840513671875
0 0.6134243984375 0.31296054296875 0.58625768359375 0.4003769921875 0.63787444140625 0.41438294140625 0.68487285546875 0.297988666015625 0.64765445703125 0.255970814453125 0.6134243984375 0.31296054296875
0 0.658792810546875 0.3636717421875 0.64493778515625 0.425491107421875 0.68976286328125 0.449156333984375 0.740564619140625 0.31972203515625 0.70144455078125 0.2844656796875 0.658792810546875 0.3636717421875
0 0.75523464453125 0.3042671953125 0.71801624609375 0.379609546875 0.690849533203125 0.460264501953125 0.690849533203125 0.460747466796875 0.74626962890625 0.491174185546875 0.803048060546875 0.3438702265625 0.75523464453125 0.3042671953125
0 0.81880475390625 0.51242459375 0.867976505859375 0.375745837890625 0.82152142578125 0.342904298828125 0.765829662109375 0.4795830546875 0.81880475390625 0.51242459375
1 0.90770276171875 0.537897931640625 0.93944623828125 0.4371760078125 0.86953022265625 0.402173353515625 0.832563134765625 0.50146659765625 0.90770276171875 0.537897931640625
1 1 0.458606205078125 0.94024987109375 0.43288996875 0.90609549609375 0.53932661328125 0.987262365234375 0.58075832421875 1 0.522182455078125 1 0.458606205078125
1 0.875155650390625 0.937928267578125 0.9824405703125 0.999361498046875 1 0.9079259921875 0.99851321875 0.82577690625 0.921766328125 0.770772734375 0.875155650390625 0.937928267578125
1 0.87796836328125 0.934356568359375 0.9201590625 0.7779161328125 0.83537584765625 0.71934026171875 0.78755972265625 0.863636919921875 0.87796836328125 0.934356568359375
1 0.789970619140625 0.863636919921875 0.8341703984375 0.720768943359375 0.7590307734375 0.665764771484375 0.70840193359375 0.795774630859375 0.789970619140625 0.863636919921875
1 0.710812830078125 0.79648896875 0.7590307734375 0.666479111328125 0.69192746875 0.6193326796875 0.6380841015625 0.737913099609375 0.710812830078125 0.79648896875
1 0.63848591796875 0.737913099609375 0.690320205078125 0.62004701953125 0.6312532265625 0.58075832421875 0.57379351171875 0.688623646484375 0.63848591796875 0.737913099609375
1 0.577008041015625 0.68790930859375 0.628842328125 0.57790096484375 0.5725880625 0.538612271484375 0.519548326171875 0.6393341953125 0.577008041015625 0.68790930859375
1 0.521557408203125 0.64004853515625 0.5733916953125 0.54218397265625 0.52437012109375 0.509324337890625 0.471330384765625 0.596473802734375 0.521557408203125 0.64004853515625
1 0.472134015625 0.600045501953125 0.523164671875 0.506466978515625 0.478161259765625 0.47432168359375 0.42552333984375 0.5643285078125 0.472134015625 0.600045501953125
1 0.5862498125 0.370742400390625 0.626431431640625 0.29930841015625 0.598706115234375 0.28216425390625 0.55772086328125 0.3564556015625 0.5862498125 0.370742400390625
1 0.554908150390625 0.35574126171875 0.5954915859375 0.291450671875 0.5581226796875 0.26930613671875 0.51512834765625 0.334311064453125 0.554908150390625 0.35574126171875
1 0.369670890625 0.510753017578125 0.41547793359375 0.43074694921875 0.39578894140625 0.42074619140625 0.34636555078125 0.49575187890625 0.369670890625 0.510753017578125
1 0.29654034375 0.455748845703125 0.342749205078125 0.380743158203125 0.329489271484375 0.372885419921875 0.2768513515625 0.438604689453125 0.29654034375 0.455748845703125
1 0.27644953515625 0.442890728515625 0.32748019140625 0.375742779296875 0.29533489453125 0.35431258203125 0.243098791015625 0.4200318515625 0.27644953515625 0.442890728515625
1 0.24751876953125 0.41931751171875 0.294933080078125 0.35431258203125 0.266404130859375 0.33502540625 0.216578923828125 0.396458634765625 0.24751876953125 0.41931751171875
1 0.363774302734375 0.25158527734375 0.389024173828125 0.19573543359375 0.3843265234375 0.191037783203125 0.34322208203125 0.24479978125 0.363774302734375 0.25158527734375
1 0.332065162109375 0.163373841796875 0.28802469140625 0.21609191796875 0.30417286328125 0.22131153125 0.332065162109375 0.163373841796875
1 0.291547927734375 0.21609191796875 0.329716337890625 0.1680714921875 0.3076961015625 0.1503248125 0.2642428359375 0.2046087734375 0.291547927734375 0.21609191796875