1 1 0.133546208984375 0.963058044921875 0.13190434375 1 0.282169708984375 1 0.133546208984375
1 0.9959003828125 0.2803819140625 0.96636744921875 0.127596337890625 0.889491869140625 0.124179646484375 0.918233212890625 0.28287015625 0.9959003828125 0.2803819140625
1 0.917430619140625 0.28728957421875 0.8861274453125 0.12106005859375 0.813484904296875 0.1252566484375 0.83551940625 0.280679017578125 0.917430619140625 0.28728957421875
1 0.836322001953125 0.276259599609375 0.811802693359375 0.12369685546875 0.735817736328125 0.127744890625 0.7503648125 0.28728957421875 0.836322001953125 0.276259599609375
1 0.752871625 0.28740098828125 0.73911613671875 0.121951369140625 0.65893115234375 0.1228426796875 0.671015431640625 0.2882180234375 0.752871625 0.28740098828125
1 0.67271965234375 0.29274885546875 0.659755751953125 0.12139430078125 0.5829461953125 0.12689071875 0.5924796484375 0.286212572265625 0.67271965234375 0.29274885546875
1 0.59246864453125 0.2847270546875 0.582088583984375 0.123882544921875 0.506092623046875 0.1264450625 0.509809857421875 0.2899635078125 0.59246864453125 0.2847270546875
1 0.509809857421875 0.2899635078125 0.50523501171875 0.123436888671875 0.43004164453125 0.121579990234375 0.42792065234375 0.286323986328125 0.509809857421875 0.2899635078125
1 0.42626044921875 0.287735228515625 0.431734859375 0.124625302734375 0.352374474609375 0.124068234375 0.349417880859375 0.28877509375 0.42626044921875 0.287735228515625
1 0.396127806640625 0.9561442578125 0.401074033203125 0.721729447265625 0.306650765625 0.717532857421875 0.29754852734375 0.954733015625 0.396127806640625 0.9561442578125
1 0.494718091796875 0.959041021484375 0.492088859375 0.716864373046875 0.40188762890625 0.718795546875 0.3953142109375 0.959078158203125 0.494718091796875 0.959041021484375
1 0.597541416015625 0.9695510625 0.58309268359375 0.71051378125 0.493749064453125 0.715453130859375 0.493915498046875 0.9634604375 0.597541416015625 0.9695510625
1 0.686917357421875 0.856206005859375 0.676625328125 0.707245642578125 0.58562150390625 0.713596232421875 0.59245007421875 0.846067341796875 0.686917357421875 0.856206005859375
1 0.786354248046875 0.860625421875 0.7711586328125 0.7262974140625 0.675910765625 0.72354920703125 0.68521313671875 0.851675171875 0.786354248046875 0.860625421875
1 0.896621669921875 0.973933341796875 0.863811658203125 0.717050064453125 0.7828460859375 0.725331828125 0.808938255859375 0.97746144921875 0.896621669921875 0.973933341796875
1 0.991858533203125 0.975196033203125 0.955684095703125 0.715193166015625 0.8621294453125 0.71549026953125 0.894103853515625 0.97233641015625 0.991858533203125 0.975196033203125
0 1 0.711357779296875 0.958993501953125 0.710885162109375 1 0.993492470703125 1 0.711357779296875