1 0.9831741171875 0.78153698828125 0.99575344921875 0.62734821484375 0.903063634765625 0.58732975390625 0.8798911796875 0.748580607421875 0.9831741171875 0.78153698828125
1 0.879489306640625 0.746980541015625 0.904003189453125 0.593302865234375 0.82013990625 0.565778505859375 0.79046520703125 0.711810525390625 0.879489306640625 0.746980541015625
1 0.70445158203125 0.6720531171875 0.73412628125 0.545135236328125 0.673056609375 0.522962833984375 0.63607075 0.64988071484375 0.70445158203125 0.6720531171875
1 0.5672598515625 0.61241700390625 0.596074416015625 0.505377828125 0.548336853515625 0.491615646484375 0.51264119921875 0.59100916796875 0.5672598515625 0.61241700390625
1 0.513071267578125 0.593302865234375 0.546186513671875 0.49390934375 0.496298611328125 0.4725015078125 0.45931275390625 0.5741887265625 0.513071267578125 0.593302865234375
1 0.458022548828125 0.57342416015625 0.494148271484375 0.471736943359375 0.447270845703125 0.460268458984375 0.40684444140625 0.5627202421875 0.458022548828125 0.57342416015625
1 0.4264455234375 0.2235978984375 0.38706130859375 0.298180564453125 0.426627576171875 0.30276795703125 0.4597428203125 0.23395705859375 0.4264455234375 0.2235978984375
1 0.461033025390625 0.308119916015625 0.483396568359375 0.2370153203125 0.46060295703125 0.23242792578125 0.427487712890625 0.305061654296875 0.461033025390625 0.308119916015625
1 0.547731759765625 0.32290580078125 0.5722429921875 0.24581064453125 0.542703814453125 0.243576001953125 0.51159340625 0.318436517578125 0.547731759765625 0.32290580078125
1 0.86323530859375 0.373185251953125 0.881461609375 0.274302333984375 0.8179838046875 0.264246443359375 0.79410106640625 0.362570701171875 0.86323530859375 0.373185251953125
1 0.9430539375 0.3860344453125 0.95625229296875 0.2787716171875 0.8858610625 0.275419654296875 0.866377775390625 0.3759785546875 0.9430539375 0.3860344453125
0 1 0.4134088125 0.999618318359375 0.221229580078125 0.9650511953125 0.22234690234375 0.941796951171875 0.40670488671875 1 0.4134088125
0 0.76299065625 0.19106191015625 0.744135861328125 0.263129123046875 0.723081341796875 0.372626591796875 0.7809027109375 0.3798891796875 0.811070380859375 0.213408333984375 0.7944153125 0.20111780078125 0.76299065625 0.19106191015625
0 0.70328380859375 0.1994418203125 0.680658056640625 0.256983857421875 0.66117476953125 0.3497215078125 0.703912302734375 0.36424668359375 0.717110658203125 0.3497215078125 0.74570709375 0.21229101171875 0.70328380859375 0.1994418203125
0 0.61623751171875 0.26759840625 0.604610388671875 0.3396656171875 0.649233400390625 0.34525222265625 0.683800521484375 0.218994939453125 0.6435769609375 0.200000478515625 0.61623751171875 0.26759840625
0 0.59046929296875 0.188268607421875 0.56532956640625 0.25474921484375 0.54961723828125 0.33631365625 0.5936117578125 0.339106958984375 0.60178216796875 0.32178848046875 0.6322640859375 0.210056369140625 0.59046929296875 0.188268607421875
0 0.504365734375 0.17597807421875 0.479226009765625 0.24078269921875 0.46194244921875 0.31955383984375 0.49902354296875 0.329051068359375 0.508136693359375 0.31676053515625 0.54333230859375 0.208939048828125 0.504365734375 0.17597807421875
0 0.38996294921875 0.173635267578125 0.3610679609375 0.232645787109375 0.349844287109375 0.296750740234375 0.38279890234375 0.304392390625 0.426260787109375 0.2109944453125 0.4064402578125 0.1829750625 0.38996294921875 0.173635267578125
0 0.37444084765625 0.202928259765625 0.34817267578125 0.178305166015625 0.311636037109375 0.236042076171875 0.30996442578125 0.28698641015625 0.33742660546875 0.28698641015625 0.349605486328125 0.272552181640625 0.36082916015625 0.23307032421875 0.37444084765625 0.202928259765625
0 0.200115708984375 0.3651010546875 0.218025826171875 0.342176103515625 0.22877189453125 0.342176103515625 0.232592720703125 0.334534455078125 0.209667771484375 0.289533626953125 0.171937125 0.334534455078125 0.154504609375 0.37019548828125 0.1540270078125 0.386752396484375 0.16716109375 0.38123342578125 0.1814891875 0.39863940625 0.200115708984375 0.3651010546875
0 0.121311193359375 0.426234251953125 0.14710176171875 0.39142229296875 0.1413705234375 0.37359177734375 0.102684671875 0.410950953125 0.08023732421875 0.460197142578125 0.08859537890625 0.493310958984375 0.0983862421875 0.48906559765625 0.101251861328125 0.468263328125 0.121311193359375 0.426234251953125
0 0.171698322265625 0.450008275390625 0.184593607421875 0.402884767578125 0.1676386953125 0.381657962890625 0.141848126953125 0.39694126171875 0.12202759765625 0.42368703515625 0.096475830078125 0.4894901328125 0.1086547109375 0.511141474609375 0.12322160546875 0.507320650390625 0.171698322265625 0.450008275390625
0 0.244532798828125 0.354063115234375 0.218264626953125 0.3392043515625 0.184593607421875 0.399488478515625 0.168832703125 0.460197142578125 0.192951662109375 0.47208415234375 0.20202612109375 0.464442501953125 0.2232794609375 0.39142229296875 0.244532798828125 0.354063115234375
0 0.277965017578125 0.36212930078125 0.25456246484375 0.34302517578125 0.2177870234375 0.4020356953125 0.198205296875 0.47505590625 0.2249510703125 0.485244771484375 0.238562759765625 0.478027658203125 0.25217444921875 0.419017138671875 0.277965017578125 0.36212930078125
0 0.316173267578125 0.37953528125 0.285367865234375 0.355761259765625 0.2512192421875 0.4211398203125 0.2345031328125 0.493310958984375 0.262442916015625 0.50519796875 0.271994978515625 0.496707248046875 0.28608426953125 0.44279116015625 0.316173267578125 0.37953528125
0 0.34530705859375 0.40033755078125 0.31832248046875 0.376988064453125 0.285367865234375 0.44279116015625 0.266263740234375 0.51496230078125 0.300889966796875 0.528547455078125 0.31712847265625 0.503924361328125 0.32548652734375 0.448310130859375 0.34530705859375 0.40033755078125
0 0.378261671875 0.4593480703125 0.401425423828125 0.40373383984375 0.361545564453125 0.36892187890625 0.324770123046875 0.44618744921875 0.31545686328125 0.507745185546875 0.329546154296875 0.52939652734375 0.347217470703125 0.531094671875 0.36011275390625 0.519632197265625 0.378261671875 0.4593480703125
0 0.37396324609375 0.47208415234375 0.352232302734375 0.552321478515625 0.388291337890625 0.561236736328125 0.441782888671875 0.434724974609375 0.40524625 0.402884767578125 0.37396324609375 0.47208415234375
0 0.6290033125 0.4130736328125 0.5967651015625 0.50349982421875 0.56715370703125 0.61387921484375 0.620167654296875 0.64048208984375 0.63354054296875 0.628595078125 0.6851216796875 0.43683126953125 0.6290033125 0.4130736328125
0 0.72953876953125 0.573548283203125 0.70207658984375 0.69623921875 0.7751498671875 0.71782721875 0.816223736328125 0.483616845703125 0.75700094921875 0.4703860078125 0.72953876953125 0.573548283203125