0 0.83843650390625 0.7547853125 0.802788693359375 0.83178458203125 0.837723546875 0.840139375 0.88335274609375 0.757499828125 0.8795503125 0.717841857421875 0.85174501953125 0.714028861328125 0.833445810546875 0.719792365234375 0.83843650390625 0.7547853125
0 0.799461564453125 0.705508595703125 0.7493169765625 0.822436935546875 0.799461564453125 0.8411287109375 0.8381988515625 0.75478883203125 0.83582233203125 0.7087723515625 0.799461564453125 0.705508595703125
0 0.70249951953125 0.666808275390625 0.661861015625 0.793735607421875 0.687052134765625 0.8132195546875 0.71057969140625 0.816673431640625 0.73268133203125 0.757197041015625 0.7440886328125 0.701681517578125 0.745276892578125 0.67124444921875 0.70249951953125 0.666808275390625
0 0.363370015625 0.670564939453125 0.34720967578125 0.82121170703125 0.395690697265625 0.820493470703125 0.41422755859375 0.6769938671875 0.363370015625 0.670564939453125
0 0.2882719609375 0.648017919921875 0.280191791015625 0.8386817734375 0.32986107421875 0.835410978515625 0.344120197265625 0.65479540625 0.2882719609375 0.648017919921875
0 0.218402251953125 0.66003783203125 0.2136492109375 0.83206272265625 0.26474440625 0.83003828125 0.270448056640625 0.663491708984375 0.218402251953125 0.66003783203125
0 0.137125244140625 0.662509416015625 0.13569933203125 0.8454698203125 0.19392408984375 0.84207227734375 0.198914783203125 0.663706478515625 0.137125244140625 0.662509416015625
1 0 0.78167827734375 0.06495789453125 0.78416312109375 0.05817125 0.67625186328125 0 0.6742410078125 0 0.78167827734375
1 0.05784807421875 0.67683118359375 0.06495789453125 0.78473765234375 0.135409740234375 0.79058829296875 0.13508656640625 0.679708623046875 0.05784807421875 0.67683118359375
1 0.416032728515625 0.692294166015625 0.39945771875 0.791253107421875 0.456089 0.791887458984375 0.47570276171875 0.6973035 0.416032728515625 0.692294166015625
1 0.47551077734375 0.69681033203125 0.45673487109375 0.791792810546875 0.51087934765625 0.793707599609375 0.532493474609375 0.699459333984375 0.47551077734375 0.69681033203125
1 0.533803421875 0.6978873984375 0.511970970703125 0.79407955859375 0.56327723046875 0.7906025390625 0.58729292578125 0.701752548828125 0.533803421875 0.6978873984375
1 0.5870746015625 0.700979517578125 0.56371387890625 0.7913723359375 0.612836892578125 0.793361515625 0.639254158203125 0.7052522109375 0.5870746015625 0.700979517578125
1 0.63969080859375 0.704857611328125 0.61371019140625 0.7925723125 0.66043163671875 0.7922682734375 0.6879405234375 0.708024123046875 0.63969080859375 0.704857611328125
1 0.747502875 0.708157552734375 0.718612841796875 0.799511884765625 0.748358876953125 0.80059298046875 0.78366891796875 0.709523986328125 0.747502875 0.708157552734375
1 0.7237673671875 0.419882099609375 0.682679021484375 0.548888349609375 0.73754855078125 0.556242095703125 0.780678552734375 0.4312889140625 0.7237673671875 0.419882099609375
1 0.66251766015625 0.4103543671875 0.62627825 0.54019618359375 0.6831894375 0.54706598046875 0.723256953125 0.419435958984375 0.66251766015625 0.4103543671875
1 0.600247125 0.397665845703125 0.566559787109375 0.532006869140625 0.62653345703125 0.539285 0.6617520390625 0.40855090234375 0.600247125 0.397665845703125
1 0.532872447265625 0.385506646484375 0.503268421875 0.5234167890625 0.566559787109375 0.5329142734375 0.59948150390625 0.398130890625 0.532872447265625 0.385506646484375
1 0.462180078125 0.372942896484375 0.438190609375 0.51394576953125 0.504034044921875 0.522951744140625 0.532617240234375 0.385510427734375 0.462180078125 0.372942896484375
1 0.386128359375 0.3590974375 0.368519068359375 0.50408910546875 0.43844581640625 0.51394198828125 0.46115925 0.37250431640625 0.386128359375 0.3590974375
1 0.303951669921875 0.342166806640625 0.292212142578125 0.494330740234375 0.367498240234375 0.50183571875 0.38536273828125 0.359108779296875 0.303951669921875 0.342166806640625
1 0.216160423828125 0.32577305859375 0.212077109375 0.48462908984375 0.292977763671875 0.492050888671875 0.304206876953125 0.34216302734375 0.216160423828125 0.32577305859375
1 0.12581710546875 0.310324521484375 0.12632751953125 0.468658794921875 0.21029066015625 0.48193334375 0.21488438671875 0.32760676953125 0.12581710546875 0.310324521484375
1 0.02730716015625 0.292274763671875 0.03674982421875 0.460911841796875 0.12377544921875 0.468696603515625 0.12173379296875 0.311292419921875 0.02730716015625 0.292274763671875
1 0.72395040625 0 0.715855947265625 0.03026969140625 0.78527228125 0.054194884765625 0.800871189453125 0 0.72395040625 0
1 0.80451348046875 0 0.7878243515625 0.057332986328125 0.849329265625 0.080921685546875 0.875705025390625 0 0.80451348046875 0
1 0.88168628515625 0 0.853412580078125 0.084490806640625 0.91211021484375 0.10403777734375 0.94962904296875 0 0.88168628515625 0