1 0.729557255859375 0.715867546875 0.709256884765625 0.5498345625 0.63446113671875 0.538601228515625 0.64493333984375 0.7015444453125 0.729557255859375 0.715867546875
1 0.643727771484375 0.69864629296875 0.63458887890625 0.541475427734375 0.560374626953125 0.53121213671875 0.56188358203125 0.68629920703125 0.643727771484375 0.69864629296875
1 0.56138725 0.687245296875 0.560998701171875 0.533140248046875 0.4840473046875 0.521859009765625 0.47863555859375 0.67870652734375 0.56138725 0.687245296875
1 0.48120237890625 0.675892205078125 0.485706623046875 0.52285300390625 0.412655357421875 0.514529798828125 0.4001951640625 0.670263564453125 0.48120237890625 0.675892205078125
1 0.400563755859375 0.666443271484375 0.41274051953125 0.516445931640625 0.3386540078125 0.50905684375 0.321301021484375 0.663724755859375 0.400563755859375 0.666443271484375
1 0.3196696484375 0.651245935546875 0.338980017578125 0.504278482421875 0.2671768984375 0.49981149609375 0.24103098828125 0.65045553125 0.3196696484375 0.651245935546875
1 0.195529466796875 0.486733884765625 0.195572046875 0.487691951171875 0.16278886328125 0.634360009765625 0.2417255859375 0.641856880859375 0.266765728515625 0.502673720703125 0.195529466796875 0.486733884765625
1 0.164405599609375 0.6343959375 0.19619612109375 0.48962005859375 0.12297453125 0.477464587890625 0.088035697265625 0.624084740234375 0.164405599609375 0.6343959375
1 0.025633611328125 0.57675623828125 0.02746458203125 0.61795311328125 0.087135943359375 0.62597898828125 0.123280345703125 0.482256986328125 0.054404890625 0.47306945703125 0.025633611328125 0.57675623828125
1 0.010900671875 0.245265111328125 0.012774224609375 0.287420052734375 0.055305740234375 0.287408078125 0.088643802734375 0.189565501953125 0.031178423828125 0.18063152734375 0.010900671875 0.245265111328125
1 0.101567060546875 0.2865218671875 0.120850818359375 0.187409849609375 0.08860122265625 0.188607435546875 0.054681666015625 0.28547996875 0.101567060546875 0.2865218671875
0 0.164365681640625 0.31854525 0.1897171953125 0.162140837890625 0.12784071484375 0.13875203125 0.099072095703125 0.3151800390625 0.164365681640625 0.31854525
0 0.226397849609375 0.333323431640625 0.253223720703125 0.161637853515625 0.19675100390625 0.150811697265625 0.163756244140625 0.329060033203125 0.226397849609375 0.333323431640625
0 0.293563658203125 0.342472970703125 0.3149578203125 0.169709564453125 0.256116548828125 0.154045173828125 0.229107046875 0.345826201171875 0.293563658203125 0.342472970703125
0 0.368670775390625 0.33648505078125 0.3825494375 0.188439771484375 0.33013253515625 0.1719610234375 0.30184561328125 0.335000048828125 0.368670775390625 0.33648505078125
1 0.437849853515625 0.3303653984375 0.444610876953125 0.228103740234375 0.38274903515625 0.217157826171875 0.370598884765625 0.3192997265625 0.437849853515625 0.3303653984375
1 0.503271181640625 0.33660480859375 0.50617465625 0.23234318359375 0.44237006640625 0.226139703125 0.436559123046875 0.32555111328125 0.503271181640625 0.33660480859375
1 0.567118353515625 0.343766357421875 0.565753109375 0.240366994140625 0.5060469140625 0.229468984375 0.502193357421875 0.336580857421875 0.567118353515625 0.343766357421875
1 0.6309229453125 0.34996984375 0.625161236328125 0.244558537109375 0.564051208984375 0.23841493359375 0.56761468359375 0.342820267578125 0.6309229453125 0.34996984375
1 0.63001144921875 0.2446663203125 0.631670767578125 0.245660314453125 0.6347804921875 0.351969806640625 0.698088751953125 0.359119380859375 0.69141954296875 0.257516390625 0.63001144921875 0.2446663203125
0 0.7682059375 0.4104478125 0.741792568359375 0.228007931640625 0.691375630859375 0.220187712890625 0.701877107421875 0.408016716796875 0.7682059375 0.4104478125
0 0.922802 0.3880410234375 0.889582361328125 0.23416351171875 0.827592775390625 0.2203433984375 0.85502675390625 0.389406267578125 0.922802 0.3880410234375
0 0.889312240234375 0.21597221875 0.924887126953125 0.398615685546875 0.99667560546875 0.390639779296875 0.953428203125 0.20495444921875 0.952307796875 0.203972431640625 0.889312240234375 0.21597221875