0 0.928838958984375 0.846049326171875 0.89011021484375 0.918396015625 0.927862603515625 0.93160694140625 0.974727638671875 0.853498548828125 0.9760294453125 0.81309433203125 0.9421824765625 0.803644181640625 0.9249335390625 0.815673837890625 0.924608087890625 0.81564973046875 0.928838958984375 0.846049326171875
0 0.887181150390625 0.78568407421875 0.840967017578125 0.89450545703125 0.884577537109375 0.924350576171875 0.9285135078125 0.849496701171875 0.932093474609375 0.802318267578125 0.887181150390625 0.78568407421875
0 0.7885693046875 0.72804297265625 0.7407279140625 0.866830013671875 0.79442743359375 0.90205111328125 0.8347834375 0.754030888671875 0.7885693046875 0.72804297265625
0 0.43552434375 0.709980193359375 0.420932669921875 0.8561900390625 0.467428171875 0.864030888671875 0.48968665625 0.718388953125 0.43552434375 0.709980193359375
0 0.364297193359375 0.67524596484375 0.35440453515625 0.860495177734375 0.40337319921875 0.869398572265625 0.422911203125 0.6901399140625 0.364297193359375 0.67524596484375
0 0.294553943359375 0.68151131640625 0.29307004296875 0.854632861328125 0.340802126953125 0.85904791796875 0.352426001953125 0.69019487109375 0.294553943359375 0.68151131640625
0 0.2206063125 0.6769130625 0.219617044921875 0.854467984375 0.275015939453125 0.86208899609375 0.28243543359375 0.685450060546875 0.2206063125 0.6769130625
0 0.00024731640625 0.74676623046875 0.015333623046875 0.848129353515625 0.048968666015625 0.84534475390625 0.074442263671875 0.82656701953125 0.05737742578125 0.65075247265625 0 0.635950123046875 0.00024731640625 0.74676623046875
0 0.010577658203125 0.275575146484375 0.042770533203125 0.5477667578125 0.114974552734375 0.547392025390625 0.0979583203125 0.284500580078125 0.010577658203125 0.275575146484375
1 0.83050028515625 0.7837556953125 0.8009249140625 0.88087975 0.831695248046875 0.8826279375 0.87053159375 0.790969740234375 0.83050028515625 0.7837556953125
1 0.71619424609375 0.77120166015625 0.68995496484375 0.855678845703125 0.73994769921875 0.862819203125 0.768120400390625 0.78192242578125 0.71619424609375 0.77120166015625
1 0.660677453125 0.76463416796875 0.637752609375 0.846901728515625 0.689678763671875 0.85565838671875 0.71481323046875 0.771590390625 0.660677453125 0.76463416796875
1 0.60571306640625 0.74976012890625 0.584721642578125 0.845428646484375 0.638305015625 0.84841573046875 0.661782265625 0.764716005859375 0.60571306640625 0.74976012890625
1 0.548262853515625 0.744522501953125 0.529204849609375 0.836406015625 0.584169236328125 0.844405671875 0.60488445703125 0.753626970703125 0.548262853515625 0.744522501953125
1 0.4883268125 0.735172521484375 0.47230704296875 0.8297362265625 0.529481052734375 0.83691750390625 0.547986650390625 0.7430289609375 0.4883268125 0.735172521484375
1 0.1485971875 0.686438044921875 0.15439744921875 0.790965515625 0.218752734375 0.800151822265625 0.217371720703125 0.69644273046875 0.1485971875 0.686438044921875
1 0.071812765625 0.674857982421875 0.0839656953125 0.783784240234375 0.154949853515625 0.789042326171875 0.147492375 0.68635620703125 0.071812765625 0.674857982421875
1 0.11766245703125 0.317840095703125 0.12788196484375 0.478672048828125 0.2079808203125 0.491970708984375 0.2063236015625 0.340611494140625 0.11766245703125 0.317840095703125
1 0.210190443359375 0.3423710078125 0.21322867578125 0.493832521484375 0.28835587890625 0.509218048828125 0.291394111328125 0.36066178125 0.210190443359375 0.3423710078125
1 0.296918169921875 0.36205302734375 0.293051328125 0.511038943359375 0.367349921875 0.526854119140625 0.376464619140625 0.38218515234375 0.296918169921875 0.36205302734375
1 0.3806076640625 0.384456154296875 0.370388154296875 0.528552255859375 0.438886486328125 0.54393778125 0.454906255859375 0.40419955078125 0.3806076640625 0.384456154296875
1 0.46043031640625 0.406081822265625 0.442477125 0.544694783203125 0.50683241015625 0.557809306640625 0.530033458984375 0.4205671328125 0.46043031640625 0.406081822265625
1 0.53390030078125 0.421344591796875 0.510146845703125 0.5580548203125 0.5750545390625 0.572192322265625 0.602398630859375 0.44164039453125 0.53390030078125 0.421344591796875
1 0.5764355546875 0.572294619140625 0.5761593515625 0.57227416015625 0.637752609375 0.58714819921875 0.671173166015625 0.455573298828125 0.60488445703125 0.439860419921875 0.5764355546875 0.572294619140625
1 0.6744876015625 0.4548367578125 0.64106704296875 0.587884740234375 0.6993458671875 0.601040185546875 0.738014279296875 0.47230915234375 0.6744876015625 0.4548367578125
1 0.74077630859375 0.4730047734375 0.70321270703125 0.60181764453125 0.759558109375 0.612865763671875 0.80098855078125 0.487776515625 0.74077630859375 0.4730047734375
1 0.805684001953125 0.48763330078125 0.762596341796875 0.615545955078125 0.817008322265625 0.627432912109375 0.86313421484375 0.502691474609375 0.805684001953125 0.48763330078125
1 0.7997440234375 0.060295576171875 0.7909203671875 0.089588921875 0.86511928515625 0.112197681640625 0.879156919921875 0.06617801171875 0.7997440234375 0.060295576171875
1 0.885173046875 0.065568373046875 0.86953111328125 0.11537657421875 0.936109603515625 0.144551083984375 0.959371966796875 0.07497195703125 0.885173046875 0.065568373046875