1 0.690144609375 0.380800779296875 0.69321191796875 0.2372052578125 0.61806283984375 0.2372052578125 0.607327255859375 0.385344939453125 0.690144609375 0.380800779296875
1 0.7750068359375 0.372621287109375 0.7739843984375 0.23538759375 0.695768009765625 0.23538759375 0.690144609375 0.3798919453125 0.7750068359375 0.372621287109375
1 0.86140271484375 0.380800779296875 0.85526809765625 0.23811408984375 0.776540490234375 0.230843431640625 0.776540490234375 0.369894791015625 0.86140271484375 0.380800779296875
1 0.741266431640625 0.997897982421875 0.737176685546875 0.82521982421875 0.65589298828125 0.817040333984375 0.65435933203125 0.996080318359375 0.741266431640625 0.997897982421875
1 0.33331428515625 0.995171486328125 0.35580788671875 0.79159302734375 0.270945662109375 0.782504703125 0.236182822265625 1 0.33331428515625 0.995171486328125
1 0.235671603515625 0.997897982421875 0.2678783515625 0.787957697265625 0.18710587109375 0.772507544921875 0.143141103515625 0.996080318359375 0.235671603515625 0.997897982421875
1 0.144163541015625 0.99244498828125 0.183016125 0.776142875 0.102243646484375 0.769781048828125 0.0547003515625 1 0.144163541015625 0.99244498828125
0 0.059301314453125 1 0.1001987734375 0.777960541015625 0.040386240234375 0.768872216796875 0 0.885202763671875 0 1 0.059301314453125 1
0 0 0.89429108984375 0.025560912109375 0.81340500390625 0.029139439453125 0.776142875 0 0.76341922265625 0 0.89429108984375
0 0.40897458203125 1 0.42993453125 0.822493328125 0.366032251953125 0.817949166015625 0.335359158203125 1 0.40897458203125 1
0 0.520931375 0.999715646484375 0.535756703125 0.815222669921875 0.46418615234375 0.798863685546875 0.4360691484375 0.998806814453125 0.520931375 0.999715646484375
0 0.6206189296875 0.997897982421875 0.633910603515625 0.834308150390625 0.565407361328125 0.81340500390625 0.5439361953125 1 0.6206189296875 0.997897982421875
0 0.95444443359375 0.3798919453125 0.93859666796875 0.126327705078125 0.868048552734375 0.119057044921875 0.873671953125 0.37716544921875 0.95444443359375 0.3798919453125
0 0.59403558203125 0.390797935546875 0.60834969140625 0.184492978515625 0.550070814453125 0.175404654296875 0.53166695703125 0.384436107421875 0.59403558203125 0.390797935546875
0 0.518886501953125 0.373530119140625 0.538312794921875 0.15995450390625 0.476455388671875 0.15359267578125 0.458051533203125 0.373530119140625 0.518886501953125 0.373530119140625
0 0.438625240234375 0.390797935546875 0.46418615234375 0.189037140625 0.40999701953125 0.169042828125 0.38596976171875 0.385344939453125 0.438625240234375 0.390797935546875
0 0.32564601171875 0.269923224609375 0.31797773828125 0.385344939453125 0.37830148828125 0.372621287109375 0.3992614375 0.16995166015625 0.339960123046875 0.155410341796875 0.32564601171875 0.269923224609375
0 0.25765398828125 0.24629358203125 0.2464071875 0.36080646484375 0.30621971875 0.366259458984375 0.3368928125 0.1772223203125 0.286282208984375 0.148139681640625 0.25765398828125 0.24629358203125
0 0.198352671875 0.248111248046875 0.186594654296875 0.364441794921875 0.240272568359375 0.364441794921875 0.27299053515625 0.174495822265625 0.2228911484375 0.154501509765625 0.198352671875 0.248111248046875
0 0.2213574921875 0.154501509765625 0.182504908203125 0.09270090625 0.13393917578125 0.1708604921875 0.113490447265625 0.247202416015625 0.128826994140625 0.27446738671875 0.14978694140625 0.239931755859375 0.169213234375 0.25265541015625 0.2213574921875 0.154501509765625
0 0.151831814453125 0.23538759375 0.1001987734375 0.3299061640625 0.07310420703125 0.42169823828125 0.102243646484375 0.458960365234375 0.136495267578125 0.43533072265625 0.198863890625 0.29264403515625 0.151831814453125 0.23538759375
0 0.101732427734375 0.328088498046875 0.125248466796875 0.278102716796875 0.09559780859375 0.243567083984375 0.05061060546875 0.32263550390625 0.024538474609375 0.39806859375 0.05725644140625 0.438057220703125 0.079238826171875 0.41533641015625 0.08077248046875 0.391706767578125 0.101732427734375 0.328088498046875
0 0.3143992109375 0 0.31797773828125 0.05543877734375 0.36756590625 0.05362111328125 0.376767833984375 0 0.3143992109375 0
0 0.39363803515625 0 0.392104380859375 0.061800603515625 0.442714986328125 0.059074107421875 0.450383259765625 0 0.39363803515625 0
0 0.57869903515625 0 0.5756317265625 0.061800603515625 0.628287203125 0.052712279296875 0.628798421875 0 0.57869903515625 0
0 0.710593337890625 0 0.70957090234375 0.033626798828125 0.76580490625 0.036353294921875 0.766316125 0 0.710593337890625 0
0 0.77858536328125 0 0.780119017578125 0.03090030078125 0.837375458984375 0.02908263671875 0.8358418046875 0 0.77858536328125 0
0 0.890625 0.015625 0.0703125 0.03125
0 0.9716796875 0.017578125 0.0556640625 0.03515625
1 0.64106766015625 0 0.638000349609375 0.03544446484375 0.707014810546875 0.03090030078125 0.70957090234375 0 0.64106766015625 0
1 0.5127518828125 0 0.507128482421875 0.04725928515625 0.57051954296875 0.039988626953125 0.577165380859375 0 0.5127518828125 0
1 0.453961787109375 0 0.444248640625 0.051803447265625 0.505083609375 0.039988626953125 0.51070701171875 0 0.453961787109375 0
1 1 0.374438951171875 0.997897982421875 0.224481603515625 0.944731287109375 0.2253904375 0.95546687109375 0.38352727734375 1 0.374438951171875