1 0 0.22316125 0.01066208984375 0.22363512109375 0.042865837890625 0.075401369140625 0 0.078565505859375 0 0.22316125
1 0.080383833984375 0.227960892578125 0.112337859375 0.07634638671875 0.04119226953125 0.07130663671875 0.009210462890625 0.223858767578125 0.080383833984375 0.227960892578125
1 0.154138720703125 0.2340554765625 0.182400837890625 0.08227688671875 0.111810443359375 0.076322947265625 0.0809668125 0.226109076171875 0.154138720703125 0.2340554765625
1 0.2325847890625 0.242236283203125 0.255128671875 0.087386962890625 0.18345566796875 0.082323767578125 0.15472169921875 0.23220366015625 0.2325847890625 0.242236283203125
1 0.31055900390625 0.24851839453125 0.328050982421875 0.08593363671875 0.256794265625 0.084644400390625 0.234222599609375 0.240431349609375 0.31055900390625 0.24851839453125
1 0.388588783203125 0.25292524609375 0.403915533203125 0.092121984375 0.3274124375 0.0896607109375 0.3116138359375 0.248565275390625 0.388588783203125 0.25292524609375
1 0.466923724609375 0.264856568359375 0.47925266796875 0.098286892578125 0.40444294921875 0.09214542578125 0.390115466796875 0.254870826171875 0.466923724609375 0.264856568359375
1 0.5486176328125 0.270365134765625 0.557310228515625 0.1017561171875 0.478753033203125 0.097325822265625 0.470116 0.264059583984375 0.5486176328125 0.270365134765625
1 0.632948619140625 0.27599090234375 0.634729244140625 0.1089524140625 0.55778208203125 0.103654814453125 0.54970024609375 0.26947438671875 0.632948619140625 0.27599090234375
1 0.718861857421875 0.28168699609375 0.71547944921875 0.1106635859375 0.635839640625 0.1071240390625 0.6319493515625 0.274068765625 0.718861857421875 0.28168699609375
1 0.751171017578125 0.96915111328125 0.74667694140625 0.729363927734375 0.649914734375 0.714262310546875 0.64590234765625 0.9615267578125 0.751171017578125 0.96915111328125
1 0.645931404296875 0.960546134765625 0.649217857421875 0.71914091796875 0.555155544921875 0.706123126953125 0.5457433671875 0.949219921875 0.645931404296875 0.960546134765625
1 0.544059505859375 0.950126998046875 0.55474922265625 0.701195490234375 0.46393840625 0.69028604296875 0.447616458984375 0.94289489453125 0.544059505859375 0.950126998046875
1 0.4529322578125 0.819409765625 0.46277709375 0.692198263671875 0.37306948046875 0.68133784765625 0.360989185546875 0.809431912109375 0.4529322578125 0.819409765625
1 0.361569841796875 0.808475802734375 0.372982314453125 0.68427971875 0.283855357421875 0.6724631953125 0.266665375 0.8052397421875 0.361569841796875 0.808475802734375
1 0.244801990234375 0.9093330234375 0.275436060546875 0.676998583984375 0.19925743359375 0.656920298828125 0.15936191015625 0.90357185546875 0.244801990234375 0.9093330234375
1 0.162700572265625 0.902738322265625 0.196963861328125 0.659764107421875 0.1140207421875 0.6442947578125 0.069015529296875 0.895628796875 0.162700572265625 0.902738322265625
0 0 0.978461904296875 0.047041607421875 0.984811685546875 0.111610947265625 0.65106106640625 0.0221648359375 0.63137503125 0 0.7361641875 0 0.978461904296875