1 0.066447623046875 0.228324169921875 0.0962002890625 0.078458884765625 0.02578564453125 0.0722879609375 0 0.209811400390625 0.066447623046875 0.228324169921875
1 0.14380455859375 0.230968853515625 0.16760669140625 0.075814205078125 0.09669616796875 0.078458884765625 0.067935255859375 0.22656105078125 0.14380455859375 0.230968853515625
1 0.222649125 0.23273197265625 0.24149248046875 0.080222005859375 0.170086080078125 0.073169521484375 0.14529219140625 0.23449509375 0.222649125 0.23273197265625
1 0.30397308203125 0.23713977734375 0.3158741484375 0.076695763671875 0.242484236328125 0.078458884765625 0.223640880859375 0.23273197265625 0.30397308203125 0.23713977734375
1 0.381330015625 0.24683694140625 0.389759939453125 0.08110356640625 0.316865904296875 0.080222005859375 0.302981326171875 0.240666017578125 0.381330015625 0.24683694140625
1 0.46265397265625 0.245955380859375 0.46761275 0.085511369140625 0.391247572265625 0.08110356640625 0.38331352734375 0.245955380859375 0.46265397265625 0.245955380859375
1 0.542490296875 0.249481623046875 0.5454655625 0.08462980859375 0.46810862890625 0.085511369140625 0.461662216796875 0.24683694140625 0.542490296875 0.249481623046875
1 0.623318375 0.253007865234375 0.62133486328125 0.0863929296875 0.54447380859375 0.083748248046875 0.54199441796875 0.2486000625 0.623318375 0.253007865234375
1 0.70729111328125 0.256238455078125 0.70120950390625 0.078925767578125 0.621540427734375 0.0864939921875 0.62518939453125 0.24975140625 0.70729111328125 0.256238455078125
1 0.76347802734375 0.9350921171875 0.751008453125 0.69325794921875 0.65295225390625 0.690235021484375 0.65691984765625 0.9260233359375 0.76347802734375 0.9350921171875
1 0.6580534453125 0.932069189453125 0.653519052734375 0.690235021484375 0.56113084375 0.68318152734375 0.558296849609375 0.919977482421875 0.6580534453125 0.932069189453125
1 0.558296849609375 0.9250156953125 0.559430447265625 0.6821738828125 0.46704223828125 0.674112744140625 0.458540255859375 0.921992767578125 0.558296849609375 0.9250156953125
1 0.461941048828125 0.80107568359375 0.46704223828125 0.677135669921875 0.37692122265625 0.6640363203125 0.368419240234375 0.80611389453125 0.461941048828125 0.80107568359375
1 0.367285642578125 0.80107568359375 0.3780548203125 0.67108981640625 0.285666611328125 0.672097458984375 0.274330634765625 0.7990603984375 0.367285642578125 0.80107568359375
1 0.2556262734375 0.90486284765625 0.280565421875 0.66907453125 0.200646787109375 0.657990466796875 0.17060644921875 0.903855205078125 0.2556262734375 0.90486284765625
1 0.16833925390625 0.90486284765625 0.198379591796875 0.658998107421875 0.1110925703125 0.65295225390625 0.07368384765625 0.901839919921875 0.16833925390625 0.90486284765625
0 0 0.99051244921875 0.051578693359375 0.9884971640625 0.1110925703125 0.639852904296875 0.023238751953125 0.63481469140625 0 0.74767063671875 0 0.99051244921875