0 0.21731866796875 0.98557219140625 0.255333595703125 0.664557248046875 0.171067173828125 0.642029884765625 0.123548513671875 0.9641711953125 0.21731866796875 0.98557219140625
0 0.125449259765625 0.9461493046875 0.178036576171875 0.672441826171875 0.111510453125 0.657799041015625 0.039282091796875 0.91573736328125 0.125449259765625 0.9461493046875
0 0 0.896589103515625 0.0481522421875 0.896589103515625 0.1026403046875 0.65216719921875 0.042450001953125 0.643156251953125 0 0.853787109375 0 0.896589103515625
0 0.0728619453125 0.31650946875 0.1102432890625 0.101373140625 0.039282091796875 0.069834830078125 0.0038014921875 0.298487578125 0.0728619453125 0.31650946875
1 0.147624634765625 0.282718423828125 0.174868666015625 0.143048763671875 0.115945529296875 0.143048763671875 0.090602244140625 0.279339318359375 0.147624634765625 0.282718423828125
1 0.21478433984375 0.2815920546875 0.23569255078125 0.137416921875 0.175502248046875 0.141922396484375 0.149525380859375 0.279339318359375 0.21478433984375 0.2815920546875
1 0.281310462890625 0.280465685546875 0.302218671875 0.1362905546875 0.240127625 0.1362905546875 0.2166850859375 0.27596021484375 0.281310462890625 0.280465685546875
1 0.3529052421875 0.27596021484375 0.36937837890625 0.125026873046875 0.305386583984375 0.1284059765625 0.283211208984375 0.27821294921875 0.3529052421875 0.27596021484375
1 0.42640076953125 0.27596021484375 0.440339576171875 0.121647767578125 0.367477630859375 0.125026873046875 0.35227166015625 0.274833845703125 0.42640076953125 0.27596021484375
1 0.502430623046875 0.273707478515625 0.51193435546875 0.117142294921875 0.439705994140625 0.121647767578125 0.42640076953125 0.273707478515625 0.502430623046875 0.273707478515625
1 0.58416271875 0.26920200390625 0.586697046875 0.112636822265625 0.51066719140625 0.111510455078125 0.502430623046875 0.272581107421875 0.58416271875 0.26920200390625
1 0.663360482421875 0.265822900390625 0.66526123046875 0.101373140625 0.586697046875 0.103625876953125 0.580361224609375 0.270328373046875 0.663360482421875 0.265822900390625
1 0.7526955625 0.26469653125 0.7463597421875 0.096867666015625 0.66526123046875 0.0923621953125 0.660192572265625 0.26807563671875 0.7526955625 0.26469653125
1 0.842664224609375 0.26019105859375 0.8331604921875 0.082224880859375 0.74826048828125 0.08898308984375 0.74952765234375 0.266949267578125 0.842664224609375 0.26019105859375
1 0.91552616796875 0.975434876953125 0.893984375 0.723128396484375 0.791344072265625 0.709611978515625 0.80021422265625 0.96980303515625 0.91552616796875 0.975434876953125
1 0.799580640625 0.96980303515625 0.790710490234375 0.7174965546875 0.6918716796875 0.701727400390625 0.691238095703125 0.957412986328125 0.799580640625 0.96980303515625
1 0.6918716796875 0.95516025 0.688703767578125 0.7073592421875 0.5930328671875 0.697221927734375 0.58859779296875 0.948402041015625 0.6918716796875 0.95516025
1 0.58859779296875 0.827880642578125 0.59366644921875 0.701727400390625 0.503064205078125 0.6915900859375 0.496094802734375 0.82337516796875 0.58859779296875 0.827880642578125
1 0.499896294921875 0.82450153515625 0.50433137109375 0.692716455078125 0.418164201171875 0.68708461328125 0.40866046875 0.821122431640625 0.499896294921875 0.82450153515625
1 0.387118677734375 0.920242833984375 0.40802688671875 0.692716455078125 0.338332853515625 0.682579140625 0.312355986328125 0.91573736328125 0.387118677734375 0.920242833984375
1 0.309188076171875 0.921369203125 0.335798525390625 0.6837055078125 0.257867923828125 0.672441826171875 0.224921654296875 0.914610994140625 0.309188076171875 0.921369203125