1 0.22550776171875 0.091743470703125 0.2652673046875 0.33068327734375 0.3425585 0.3311259375 0.3089088046875 0.090238416015625 0.308879658203125 0.089451458984375 0.22550776171875 0.091743470703125
1 0.30885051171875 0.088664501953125 0.3462455390625 0.335296810546875 0.41690225 0.323521966796875 0.3902131171875 0.0917336328125 0.30885051171875 0.088664501953125
1 0.413508498046875 0.196123474609375 0.426169033203125 0.32335473828125 0.51210400390625 0.330653763671875 0.50148190625 0.198848314453125 0.413508498046875 0.196123474609375
1 0.499414322265625 0.20263554296875 0.512191443359375 0.333014634765625 0.599308669921875 0.336467408203125 0.5924956640625 0.200205814453125 0.499414322265625 0.20263554296875
1 0.586207294921875 0.078109443359375 0.6041488203125 0.3360050703125 0.698028048828125 0.331273494140625 0.690058287109375 0.0803227578125 0.586207294921875 0.078109443359375
1 0.6895864765625 0.079506291015625 0.69622825 0.3303684921875 0.798605517578125 0.328558490234375 0.7964778203125 0.080352271484375 0.6895864765625 0.079506291015625
1 0.797479732421875 0.083559119140625 0.798308587890625 0.332463765625 0.90384279296875 0.332434255859375 0.90838419140625 0.085457654296875 0.797479732421875 0.083559119140625
1 0.77653978125 0.781188228515625 0.778414115234375 0.95487684375 0.864705525390625 0.966707708984375 0.865471869140625 0.792519794921875 0.77653978125 0.781188228515625
1 0.68722687109375 0.769831275390625 0.695705251953125 0.93720670703125 0.77643478125 0.9527188515625 0.775016494140625 0.78108667578125 0.68722687109375 0.769831275390625
1 0.60829644921875 0.7618678671875 0.616268634765625 0.925832830078125 0.696161298828125 0.939263146484375 0.68717672265625 0.7684772421875 0.60829644921875 0.7618678671875
1 0.525888484375 0.75232193359375 0.54132665625 0.91273255859375 0.6158376640625 0.924453408203125 0.605580548828125 0.7603361171875 0.525888484375 0.75232193359375
1 0.4515028515625 0.743986166015625 0.468514458984375 0.905852375 0.543305990234375 0.914890546875 0.528022966796875 0.74841216015625 0.4515028515625 0.743986166015625
1 0.378497001953125 0.732365658203125 0.400171826171875 0.896568787109375 0.468701630859375 0.901137439453125 0.44902426953125 0.73909351171875 0.378497001953125 0.732365658203125
1 0.306584509765625 0.7275714921875 0.33303345703125 0.87926133984375 0.398773173828125 0.888371404296875 0.37832946484375 0.736406560546875 0.306584509765625 0.7275714921875
1 0.2398153125 0.71974348828125 0.266657767578125 0.87010887890625 0.3326653203125 0.877886107421875 0.30617861328125 0.72686908984375 0.2398153125 0.71974348828125
1 0.17556216015625 0.719512015625 0.20571133984375 0.856590955078125 0.26689358203125 0.867423220703125 0.23875351171875 0.72304942578125 0.17556216015625 0.719512015625
1 0.111308267578125 0.707799626953125 0.144679544921875 0.849820787109375 0.2065231328125 0.857995765625 0.17312678125 0.715297587890625 0.111308267578125 0.707799626953125
0 0.026084099609375 0.694013876953125 0.07231555859375 0.91658308984375 0.144099693359375 0.89570558984375 0.102228095703125 0.688284623046875 0.026084099609375 0.694013876953125
0 0.116964234375 0.017295384765625 0.182752650390625 0.33953688671875 0.260933607421875 0.32751581640625 0.207591046875 0.021422380859375 0.116964234375 0.017295384765625
0 0.058976138671875 0.18193128125 0.116313279296875 0.334150201171875 0.17782940625 0.322932931640625 0.13029876171875 0.057437607421875 0.041071609375 0.0620204921875 0.058976138671875 0.18193128125
0 0.00287646875 0.0776646796875 0.00721319140625 0.19475615625 0.053859607421875 0.34913455078125 0.11368503125 0.33588977734375 0.041853640625 0.08313534765625 0.00287646875 0.0776646796875