0 0.050366349609375 1 0.08169546484375 0.858684783203125 0.01240741015625 0.837500228515625 0.01479861328125 0.9989063671875 0.0292886640625 1 0.050366349609375 1
0 0.41211121875 1 0.419358587890625 0.934590962890625 0.354385908203125 0.923473703125 0.3383481484375 1 0.41211121875 1
0 0.520830015625 1 0.52298548046875 0.93014405859375 0.4529417890625 0.920447337890625 0.440263078125 1 0.520830015625 1
0 0.624189037109375 1 0.623882236328125 0.960140072265625 0.550925029296875 0.941261318359375 0.543182625 1 0.624189037109375 1
0 0.905593443359375 0.04024859765625 0.92016254296875 0.211248521484375 0.9900598359375 0.211063234375 0.97461309765625 0.04331613671875 0.905593443359375 0.04024859765625
0 0.83240481640625 0.03699576953125 0.84080566796875 0.197846046875 0.90702160546875 0.19914305859375 0.89864515625 0.03993978515625 0.83240481640625 0.03699576953125
0 0.7643116015625 0.033969404296875 0.765739765625 0.1928638671875 0.824007779296875 0.188869888671875 0.819434681640625 0.036419318359375 0.7643116015625 0.033969404296875
0 0.699460919921875 0.03108715234375 0.69863398828125 0.193996181640625 0.75509792578125 0.19321385546875 0.752731123046875 0.033454716796875 0.699460919921875 0.03108715234375
0 0.573928529296875 0.025507935546875 0.5601924609375 0.191958017578125 0.624579923828125 0.19481968359375 0.628125171875 0.027916673828125 0.573928529296875 0.025507935546875
0 0.941791638671875 0.546330962890625 0.92018770703125 0.27544040234375 0.8424766875 0.279393205078125 0.85896080859375 0.548410302734375 0.941791638671875 0.546330962890625
0 0.5890500625 0.51501734765625 0.600871873046875 0.313094970703125 0.537813068359375 0.30617756640625 0.520432626953125 0.507852892578125 0.5890500625 0.51501734765625
0 0.511460662109375 0.495932716796875 0.5281948828125 0.281884294921875 0.465136078125 0.274966888671875 0.447926439453125 0.48817122265625 0.511460662109375 0.495932716796875
0 0.438394037109375 0.500914896484375 0.458005173828125 0.293578005859375 0.399578560546875 0.286866474609375 0.371556279296875 0.488891787109375 0.438394037109375 0.500914896484375
0 0.45813632421875 0.052456994140625 0.43727887890625 0.0194346171875 0.406706416015625 0.01807583984375 0.393005802734375 0.09317910546875 0.385583240234375 0.1858435234375 0.43737838671875 0.182384822265625 0.45813632421875 0.052456994140625
0 0.33734554296875 0.023222720703125 0.30980935546875 0.10182586328125 0.311285177734375 0.17019701171875 0.36403116015625 0.168426484375 0.383874859375 0.039280984375 0.33734554296875 0.023222720703125
0 0.337604412109375 0.2594233125 0.3150176171875 0.359643349609375 0.309350712890625 0.47707455078125 0.363986171875 0.47785687890625 0.394885369140625 0.282543095703125 0.337604412109375 0.2594233125
0 0.2777637421875 0.251003017578125 0.250824974609375 0.3386852578125 0.233528791015625 0.452307767578125 0.297611634765625 0.465854353515625 0.3306927265625 0.261585001953125 0.2777637421875 0.251003017578125
0 0.2110723828125 0.248861916015625 0.187376150390625 0.336688267578125 0.174175740234375 0.4455550625 0.231261494140625 0.45549883203125 0.270413236328125 0.25479112109375 0.2110723828125 0.248861916015625
0 0.103899103515625 0.3263945078125 0.120953193359375 0.3526641796875 0.14224869140625 0.321515265625 0.161472478515625 0.338005869140625 0.198736646484375 0.29110750390625 0.21477813671875 0.2490266171875 0.17729322265625 0.187284650390625 0.1278393359375 0.255038171875 0.103899103515625 0.3263945078125
0 0.09272351171875 0.540689982421875 0.123807615234375 0.514090908203125 0.180111806640625 0.40878575390625 0.185633455078125 0.375289865234375 0.145795845703125 0.310974458984375 0.08884543359375 0.403906513671875 0.0596515703125 0.495603318359375 0.09272351171875 0.540689982421875
0 0.0128660546875 0.462251541015625 0.046486615234375 0.513123296875 0.06472258203125 0.494182779296875 0.0689277734375 0.46556612890625 0.091624748046875 0.4040300390625 0.11363928515625 0.358922787109375 0.0885640703125 0.3224211171875 0.04407139453125 0.38134259375 0.0128660546875 0.462251541015625
1 0.49868228125 0.17500673046875 0.51075236328125 0.07603258203125 0.45471184765625 0.071590705078125 0.439009802734375 0.17235462109375 0.49868228125 0.17500673046875
1 0.560917380859375 0.177772734375 0.56897012890625 0.07927043359375 0.51221671875 0.0760976640625 0.50124490234375 0.175120625 0.560917380859375 0.177772734375
1 0.692295060546875 0.180359759765625 0.69369071484375 0.077008818359375 0.63371 0.078245384765625 0.62935670703125 0.179513689453125 0.692295060546875 0.180359759765625
1 1 0.3986295546875 0.92861759765625 0.401591306640625 0.942829376953125 0.545960466796875 1 0.5438941796875 1 0.3986295546875
1 0.8486577734375 0.535921498046875 0.83991804296875 0.39049474609375 0.762971896484375 0.38252214453125 0.76610459375 0.519894943359375 0.8486577734375 0.535921498046875
1 0.761701884765625 0.51904887109375 0.758944919921875 0.38234316796875 0.684571037109375 0.375135287109375 0.680488017578125 0.5193417421875 0.761701884765625 0.51904887109375
1 0.676451396484375 0.51851194140625 0.68059226953125 0.378210431640625 0.609917841796875 0.3737685546875 0.60062280078125 0.51188980078125 0.676451396484375 0.51851194140625
1 0.72879344921875 1 0.72735280859375 0.966295521484375 0.64636040234375 0.95684229296875 0.64744471484375 1 0.72879344921875 1
1 0.33178793359375 1 0.344789384765625 0.8998626015625 0.254943353515625 0.885463109375 0.2353964296875 1 0.33178793359375 1
1 0.231244455078125 1 0.25304541796875 0.880825982421875 0.169422896484375 0.86670308984375 0.141337193359375 1 0.231244455078125 1
1 0.137066041015625 1 0.164259083984375 0.86387200390625 0.085424642578125 0.851913099609375 0.051187873046875 1 0.137066041015625 1