1 0.806029728515625 0.860144896484375 0.810113748046875 0.59910042578125 0.722797142578125 0.59668617578125 0.713312048828125 0.85281046875 0.806029728515625 0.860144896484375
1 0.40370204296875 0.81146263671875 0.428358111328125 0.587518140625 0.34674181640625 0.5762414609375 0.31492025 0.7988413125 0.40370204296875 0.81146263671875
1 0.316060310546875 0.79706882421875 0.345845810546875 0.5826285234375 0.26849052734375 0.5780445078125 0.23495971875 0.785822705078125 0.316060310546875 0.79706882421875
1 0.23346694140625 0.784814220703125 0.26667177734375 0.582536841796875 0.195613576171875 0.57648594140625 0.161703310546875 0.77320137890625 0.23346694140625 0.784814220703125
1 0.699807451171875 0.0414700703125 0.69041106640625 0.1476358984375 0.776425470703125 0.13709266015625 0.78180405078125 0.04632912890625 0.699807451171875 0.0414700703125
1 0.785413962890625 0.046543048828125 0.779872396484375 0.14005698828125 0.873188546875 0.119826197265625 0.8741146875 0.051799388671875 0.785413962890625 0.046543048828125
1 0.877724599609375 0.052013310546875 0.875821384765625 0.1190621953125 0.97451101953125 0.112950169921875 0.97261374609375 0.05763637109375 0.877724599609375 0.052013310546875
0 0.6209050625 0.036794375 0.606866513671875 0.16016554296875 0.677246873046875 0.151455912109375 0.683820693359375 0.04052270703125 0.6209050625 0.036794375
0 0.537361359375 0.03184363671875 0.53035290625 0.150111267578125 0.59484323046875 0.1447326875 0.608012515625 0.03603037109375 0.537361359375 0.03184363671875
0 0.466710201171875 0.027656900390625 0.452290498046875 0.174926078125 0.515423443359375 0.174987197265625 0.53220433984375 0.03153803515625 0.466710201171875 0.027656900390625
0 0.3945119375 0.023378484375 0.3837021484375 0.17086158203125 0.44648237890625 0.168141732421875 0.458458970703125 0.027167939453125 0.3945119375 0.023378484375
0 0.329017798828125 0.0194973515625 0.316280599609375 0.173306390625 0.373795154296875 0.172114548828125 0.3914177265625 0.023195125 0.329017798828125 0.0194973515625
0 0.2753848046875 0.016319099609375 0.25936281640625 0.18189378515625 0.30832775390625 0.176515205078125 0.3331434140625 0.01974183203125 0.2753848046875 0.016319099609375
0 0.24039559765625 0.074047150390625 0.27022778515625 0.016013498046875 0.2037022421875 0.012071244140625 0.18353214453125 0.08171773828125 0.20198790625 0.102131892578125 0.22288932421875 0.06380951171875 0.24039559765625 0.074047150390625
0 0.186833486328125 0.28799848828125 0.20317380859375 0.274246439453125 0.267807169921875 0.11799258984375 0.262759658203125 0.098372998046875 0.222645267578125 0.059194935546875 0.178344142578125 0.160532265625 0.154264046875 0.26122783203125 0.186833486328125 0.28799848828125
0 0.112519783203125 0.249553869140625 0.139633818359375 0.272321154296875 0.1579282890625 0.26052494921875 0.162706703125 0.23228740625 0.17799142578125 0.157751294921875 0.19892043359375 0.110230322265625 0.175389572265625 0.07939516796875 0.1357314609375 0.1460467734375 0.112519783203125 0.249553869140625
0 0.675543806640625 0.865122958984375 0.703884484375 0.603313861328125 0.629689341796875 0.5887829375 0.600849962890625 0.85900762890625 0.675543806640625 0.865122958984375
0 0.567587720703125 0.883216486328125 0.598271517578125 0.597899828125 0.531276775390625 0.58210656640625 0.49700544140625 0.863832568359375 0.567587720703125 0.883216486328125
0 0.473511521484375 0.851461646484375 0.498512455078125 0.613945560546875 0.436599796875 0.6085876328125 0.4036013203125 0.84478527734375 0.473511521484375 0.851461646484375
0 0.138497283203125 0.580788125 0.10787270703125 0.672714451171875 0.082452162109375 0.829132275390625 0.150319244140625 0.838221115234375 0.1933092890625 0.5857252734375 0.138497283203125 0.580788125
0 0.0784029375 0.584827609375 0.04533705859375 0.669853150390625 0.0174997578125 0.826972271484375 0.07654683203125 0.84060553125 0.131894548828125 0.587997482421875 0.0784029375 0.584827609375