0 0.636481388671875 0.19082565234375 0.63862794921875 0.449761443359375 0.715262380859375 0.456234837890625 0.719392541015625 0.189207302734375 0.636481388671875 0.19082565234375
0 0.5384072109375 0.164932072265625 0.5423732890625 0.45461648828125 0.611904966796875 0.45704401171875 0.616383521484375 0.161695373046875 0.5384072109375 0.164932072265625
0 0.44196037109375 0.184352255859375 0.452108765625 0.427104560546875 0.51593913671875 0.424677037109375 0.51675055859375 0.18111555859375 0.44196037109375 0.184352255859375
0 0.132337673828125 0.34052290625 0.154110083984375 0.434387130859375 0.208873203125 0.431150431640625 0.191981689453125 0.17626051171875 0.122450013671875 0.17383298828125 0.132337673828125 0.34052290625
0 0.0736219609375 0.34052290625 0.095610150390625 0.429532083984375 0.145150724609375 0.431150431640625 0.12242641015625 0.164122896484375 0.0596254921875 0.184352255859375 0.0736219609375 0.34052290625
0 0.22182448828125 1 0.2038596953125 0.943357794921875 0.183365109375 0.9538770625 0.16681299609375 0.916655041015625 0.1486178125 0.93688440234375 0.16083297265625 1 0.22182448828125 1
0 0.10435035546875 0.857585314453125 0.13689152734375 0.934456876953125 0.164896826171875 0.908563298828125 0.151375748046875 0.8543486171875 0.14021476171875 0.7879963203125 0.14129366015625 0.76372108984375 0.124585333984375 0.740255033203125 0.09272296875 0.77100366015625 0.10435035546875 0.857585314453125
0 0.149555107421875 0.8543486171875 0.183676416015625 0.957113759765625 0.22587598046875 0.919082564453125 0.23342265625 0.902899078125 0.187744763671875 0.742682556640625 0.1651789140625 0.72811741796875 0.13741299609375 0.758866044921875 0.149555107421875 0.8543486171875
0 0.291008896484375 1 0.284079216796875 0.848684396484375 0.233185521484375 0.83654678125 0.228163021484375 0.939311923828125 0.2336586640625 1 0.291008896484375 1
0 0.351090091796875 1 0.35132273046875 0.861631185546875 0.289684998046875 0.84544769921875 0.29009857421875 1 0.351090091796875 1
0 0.416633212890625 1 0.41969234375 0.8697229296875 0.35694087109375 0.84787522265625 0.352000412109375 1 0.416633212890625 1
0 0.48627278125 1 0.4865413828125 0.86082201171875 0.426963673828125 0.8494935703125 0.41845385546875 1 0.48627278125 1
0 0.56319491796875 1 0.568613015625 0.888333939453125 0.498111453125 0.877005498046875 0.492645029296875 1 0.56319491796875 1
0 0.63738608984375 1 0.641258890625 0.892379810546875 0.573380400390625 0.883478892578125 0.574118771484375 1 0.63738608984375 1
1 0.65724907421875 0.901280728515625 0.656083638671875 0.99919082421875 0.73934205859375 1 0.741824650390625 0.91341834375 0.65724907421875 0.901280728515625
1 0.7466516015625 0.917464216796875 0.74252818359375 1 0.832230779296875 0.99919082421875 0.83731171875 0.9360752265625 0.7466516015625 0.917464216796875
1 0.92686821484375 1 0.935398259765625 0.9514495390625 0.83731171875 0.9360752265625 0.8344706171875 1 0.92686821484375 1
1 0.75400834375 0.19891739453125 0.735672677734375 0.457853185546875 0.82698013671875 0.46189905859375 0.8495561015625 0.199726568359375 0.75400834375 0.19891739453125
1 0.3527354140625 0.225620146484375 0.362070138671875 0.4457155703125 0.44134000390625 0.44409722265625 0.438485416015625 0.22157427734375 0.3527354140625 0.225620146484375
1 0.271033529296875 0.2409944609375 0.282560890625 0.442478873046875 0.360429314453125 0.44166969921875 0.35168123828125 0.228856845703125 0.271033529296875 0.2409944609375
1 0.19879448828125 0.248277029296875 0.21029825 0.440051349609375 0.281231373046875 0.44166969921875 0.27050644140625 0.242612810546875 0.19879448828125 0.248277029296875