0 0.284541470703125 1 0.29957189453125 0.981296634765625 0.2296026796875 0.9296979375 0.200060123046875 1 0.284541470703125 1
0 0.196950380859375 1 0.2207917421875 0.94167620703125 0.1632615 0.90389858984375 0.1057312578125 0.9978819296875 0.196950380859375 1
0 0.109359291015625 0.9978819296875 0.160670046875 0.887313294921875 0.105212966796875 0.854142705078125 0.040944947265625 1 0.109359291015625 0.9978819296875
0 0 0.99419630859375 0.02695110546875 0.998803333984375 0.09588373828125 0.84308583984375 0.043018109375 0.797015576171875 0 0.86612097265625 0 0.99419630859375
0 0.02924043359375 0.166975673828125 0.01816451171875 0.23313584765625 0.0584808671875 0.23471108984375 0.10677188671875 0.132320345703125 0.066012494140625 0.100815501953125 0.02924043359375 0.166975673828125
0 0.1360123203125 0.1023907421875 0.101455443359375 0.178789990234375 0.088607375 0.25361399609375 0.129366765625 0.24888826953125 0.14930342578125 0.167763294921875 0.16968312109375 0.133895587890625 0.1360123203125 0.1023907421875
0 0.173227416015625 0.122081271484375 0.147974314453125 0.170126158203125 0.12803765625 0.24888826953125 0.12848069140625 0.24888826953125 0.1674679375 0.2544016171875 0.207341255859375 0.140196556640625 0.173227416015625 0.122081271484375
0 0.2197462890625 0.120506029296875 0.192278001953125 0.173276642578125 0.173227416015625 0.2544016171875 0.21708806640625 0.25991496484375 0.236581689453125 0.175639505859375 0.251644943359375 0.144922283203125 0.2197462890625 0.120506029296875
0 0.077088416015625 0.3804209921875 0.05670871875 0.483599357421875 0.10322758984375 0.498564158203125 0.1705691953125 0.345765666015625 0.123607287109375 0.2985083984375 0.077088416015625 0.3804209921875
0 0.15860719921875 0.437129712890625 0.13822750390625 0.53794521484375 0.196265333984375 0.54897191015625 0.2556322734375 0.381996234375 0.2037969609375 0.3426151796875 0.15860719921875 0.437129712890625
1 0 0.4182268046875 0.000443037109375 0.469422177734375 0.018607548828125 0.470209798828125 0.06867071484375 0.37648288671875 0.026582212890625 0.367031435546875 0 0.4182268046875
1 0.06734160546875 0.37293859375 0.01993666015625 0.467846935546875 0.045632796875 0.471785041015625 0.08284789453125 0.378845751953125 0.06689856640625 0.374120025390625 0.06734160546875 0.37293859375
1 0.08772130078125 0.22525963671875 0.116518697265625 0.149648009765625 0.107214921875 0.148072767578125 0.06645553125 0.22525963671875 0.08772130078125 0.22525963671875
1 0.13822750390625 0.499351779296875 0.17588563671875 0.400111521484375 0.156835052734375 0.39381055078125 0.108544033203125 0.496201294921875 0.13822750390625 0.499351779296875
1 0.3220878046875 0.268578794921875 0.356644681640625 0.182728095703125 0.3096827734375 0.173276642578125 0.274682859375 0.25912734375 0.3220878046875 0.268578794921875
1 0.35708771875 0.27251690234375 0.3823408203125 0.185090958984375 0.356644681640625 0.178789990234375 0.32120173046875 0.264640689453125 0.35708771875 0.27251690234375
0 0.23436650390625 0.185878580078125 0.21221466015625 0.27172928125 0.267151232421875 0.2764550078125 0.307467587890625 0.158311841796875 0.269809455078125 0.110266955078125 0.23436650390625 0.185878580078125
1 0.26626516015625 0.551334771484375 0.30879669921875 0.435554470703125 0.256961384765625 0.419802048828125 0.209556439453125 0.540308078125 0.26626516015625 0.551334771484375
1 0.3220878046875 0.57102530078125 0.365062380859375 0.450519271484375 0.30879669921875 0.434766849609375 0.2667081953125 0.55212239453125 0.3220878046875 0.57102530078125
1 0.385885115234375 0.5922910703125 0.42265717578125 0.466271693359375 0.36550541796875 0.448944029296875 0.3220878046875 0.5733881640625 0.385885115234375 0.5922910703125
1 0.452783681640625 0.61040635546875 0.4846823359375 0.480448873046875 0.425315396484375 0.466271693359375 0.385885115234375 0.5922910703125 0.452783681640625 0.61040635546875
1 0.520125287109375 0.63561023046875 0.548479646484375 0.496201294921875 0.486897521484375 0.483599357421875 0.452783681640625 0.61198159765625 0.520125287109375 0.63561023046875
0 0.3725940078125 0.215808181640625 0.3601889765625 0.29772077734375 0.413353400390625 0.30244650390625 0.445695091796875 0.162249947265625 0.40050533203125 0.135470830078125 0.3725940078125 0.215808181640625
0 0.46518871484375 0.3205617890625 0.498859515625 0.169338537109375 0.451897609375 0.153586115234375 0.41291036328125 0.31032271484375 0.46518871484375 0.3205617890625
0 0.525884765625 0.33552658984375 0.555568236328125 0.179577611328125 0.504175958984375 0.152798494140625 0.46341656640625 0.3363142109375 0.525884765625 0.33552658984375
0 0.58658081640625 0.34025231640625 0.6175933984375 0.187453822265625 0.5639859375 0.173276642578125 0.530758171875 0.33080086328125 0.58658081640625 0.34025231640625
1 0.6601249375 0.328438 0.680947669921875 0.22053391015625 0.6189225078125 0.21738342578125 0.59632762890625 0.31819892578125 0.6601249375 0.328438
1 0.730124763671875 0.3426151796875 0.74474498046875 0.23471108984375 0.680947669921875 0.22210915234375 0.66101101171875 0.3300132421875 0.730124763671875 0.3426151796875
1 0.80145369921875 0.353641875 0.81120051171875 0.2449501640625 0.74474498046875 0.23313584765625 0.72879565234375 0.3394646953125 0.80145369921875 0.353641875
1 0.87844845703125 0.366243814453125 0.8837648984375 0.252038751953125 0.81376507421875 0.2449501640625 0.80401826171875 0.3520666328125 0.87844845703125 0.366243814453125
1 0.959174826171875 0.37648288671875 0.9600608984375 0.2575521015625 0.885630705078125 0.24731302734375 0.878542115234375 0.36545619140625 0.959174826171875 0.37648288671875
0 1 0.448944029296875 0.998605107421875 0.2417996796875 0.965377341796875 0.2386491953125 0.9649343046875 0.439492576171875 1 0.448944029296875
1 0.95474445703125 0.782895376953125 0.955187494140625 0.59780441796875 0.85993456640625 0.578113890625 0.8577193828125 0.751390533203125 0.95474445703125 0.782895376953125
1 0.85683330859375 0.752965775390625 0.861263677734375 0.57890151171875 0.777529708984375 0.55212239453125 0.7629094921875 0.719098068359375 0.85683330859375 0.752965775390625
1 0.7629094921875 0.71752282421875 0.776643634765625 0.55212239453125 0.69734003515625 0.530856623046875 0.678732486328125 0.689956087890625 0.7629094921875 0.71752282421875
1 0.6743021171875 0.690743708984375 0.69556788671875 0.534794728515625 0.62158073046875 0.51589182421875 0.595884591796875 0.66317696875 0.6743021171875 0.690743708984375
1 0.5954415546875 0.66238934765625 0.622023765625 0.511166095703125 0.5498087578125 0.496988916015625 0.520125287109375 0.63561023046875 0.5954415546875 0.66238934765625