1 0.698430728515625 0.70034686328125 0.685496826171875 0.534601298828125 0.61112688671875 0.525020630859375 0.61436036328125 0.6878919921875 0.698430728515625 0.70034686328125
1 0.613282537109375 0.68501779296875 0.61112688671875 0.527894830078125 0.537295861328125 0.519272228515625 0.531906734375 0.674479056640625 0.613282537109375 0.68501779296875
1 0.531367822265625 0.675437123046875 0.5378347734375 0.52118836328125 0.461309185546875 0.5116076953125 0.4489141953125 0.66873065625 0.531367822265625 0.675437123046875
1 0.4516087578125 0.665856455078125 0.462925921875 0.51256576171875 0.39017272265625 0.50585929296875 0.3707718671875 0.662024189453125 0.4516087578125 0.665856455078125
1 0.37131078125 0.658191919921875 0.39017272265625 0.50777542578125 0.3163416953125 0.50202702734375 0.29209062890625 0.657233853515625 0.37131078125 0.658191919921875
1 0.2910128046875 0.644778984375 0.316880609375 0.49723669140625 0.245205232421875 0.494362490234375 0.212331564453125 0.645737052734375 0.2910128046875 0.644778984375
1 0.17406876953125 0.483823755859375 0.134728150390625 0.63136605078125 0.213409388671875 0.63711444921875 0.2446663203125 0.49723669140625 0.17406876953125 0.482865689453125 0.17406876953125 0.483823755859375
1 0.13634488671875 0.63136605078125 0.174607681640625 0.485739888671875 0.10185448046875 0.475201154296875 0.0603582109375 0.622743447265625 0.13634488671875 0.63136605078125
1 0 0.61795311328125 0.059373294921875 0.62465958203125 0.101947390625 0.47999148828125 0.03341258203125 0.472326955078125 0 0.57675623828125 0 0.61795311328125
1 0 0.287420052734375 0.042574095703125 0.286461986328125 0.0802979765625 0.1877811015625 0.0231732421875 0.18011656640625 0 0.245265111328125 0 0.287420052734375
1 0.088920578125 0.284545853515625 0.112632734375 0.184906900390625 0.0802979765625 0.18682303515625 0.04203518359375 0.284545853515625 0.088920578125 0.284545853515625
0 0.150356615234375 0.3152039921875 0.18269137109375 0.158081029296875 0.121794248046875 0.1360454921875 0.08514819140625 0.313287857421875 0.150356615234375 0.3152039921875
0 0.21179265234375 0.328616927734375 0.24628305859375 0.156164896484375 0.1902361484375 0.1465842265625 0.1492787890625 0.3257427265625 0.21179265234375 0.328616927734375
0 0.278617814453125 0.336281462890625 0.30771909375 0.16287136328125 0.249516533203125 0.148500361328125 0.21394830078125 0.341071794921875 0.278617814453125 0.336281462890625
0 0.354065578125 0.328616927734375 0.374544255859375 0.18011656640625 0.322808646484375 0.164787498046875 0.287240416015625 0.328616927734375 0.354065578125 0.328616927734375
1 0.423585302734375 0.320952392578125 0.434902466796875 0.218439240234375 0.373466431640625 0.208858572265625 0.356760140625 0.31137172265625 0.423585302734375 0.320952392578125
1 0.4887937265625 0.3257427265625 0.49633850390625 0.221313439453125 0.43274681640625 0.216523107421875 0.4225074765625 0.31616205859375 0.4887937265625 0.3257427265625
1 0.5523854140625 0.331491126953125 0.555618890625 0.228019908203125 0.49633850390625 0.218439240234375 0.48771590234375 0.3257427265625 0.5523854140625 0.331491126953125
1 0.6159771015625 0.336281462890625 0.614899275390625 0.230894109375 0.55400215234375 0.226103775390625 0.552924326171875 0.330533060546875 0.6159771015625 0.336281462890625
1 0.6213662265625 0.23185217578125 0.61974948828125 0.338197595703125 0.682802263671875 0.343945998046875 0.68064661328125 0.24239091015625 0.61974948828125 0.230894109375 0.6213662265625 0.23185217578125
0 0.75070525 0.39376547265625 0.73238222265625 0.211732771484375 0.6822633515625 0.2050263046875 0.684419 0.39280740625 0.75070525 0.39376547265625
0 0.9064509921875 0.36789766796875 0.8800442734375 0.21460697265625 0.81860823828125 0.202152103515625 0.83854800390625 0.3707718671875 0.9064509921875 0.36789766796875
0 0.90806773046875 0.37843640234375 0.980282017578125 0.368855734375 0.94525269921875 0.183948833984375 0.944174873046875 0.182990767578125 0.8805831875 0.196403703125 0.90806773046875 0.37843640234375