0 0.72050803125 0.845657498046875 0.7249193046875 0.57771346875 0.651398076171875 0.572485291015625 0.63742904296875 0.845657498046875 0.72050803125 0.845657498046875
0 0.61537267578125 0.870491333984375 0.623460009765625 0.584248689453125 0.5492035703125 0.57771346875 0.537440173828125 0.87571951171875 0.61537267578125 0.870491333984375
0 0.513913380859375 0.8548068046875 0.52641198828125 0.609082525390625 0.46097809765625 0.599933216796875 0.441862578125 0.8548068046875 0.513913380859375 0.8548068046875
0 0.1335482890625 0.709034654296875 0.118441015625 0.86910459765625 0.188538759765625 0.862658830078125 0.21754472265625 0.60697663671875 0.16074137890625 0.6080509296875 0.1335482890625 0.709034654296875
0 0.07432778125 0.70151458984375 0.05257330859375 0.8755503671875 0.11662814453125 0.8755503671875 0.151677015625 0.61342240625 0.100916580078125 0.611273814453125 0.07432778125 0.70151458984375
0 0.263234080078125 0.129886021484375 0.2170338125 0.084043896484375 0.1767428828125 0.180503369140625 0.15847766015625 0.288423373046875 0.1885615546875 0.31516461328125 0.207363990234375 0.297018771484375 0.220257087890625 0.274097708984375 0.263234080078125 0.129886021484375
0 0.17728009375 0.182413458984375 0.195008103515625 0.13275115625 0.16384978515625 0.09932460546875 0.1316170390625 0.1814584140625 0.1171123046875 0.2731426640625 0.14719619921875 0.297018771484375 0.163312572265625 0.27791788671875 0.164924208984375 0.251176646484375 0.17728009375 0.182413458984375
0 0.205215140625 0 0.1912476171875 0.039156814453125 0.180503369140625 0.106964958984375 0.197156953125 0.12797593359375 0.2164966015625 0.085953984375 0.234761822265625 0.09932460546875 0.26968062890625 0 0.205215140625 0
0 0.27505275390625 0 0.258936380859375 0.09645947265625 0.2600108046875 0.203424431640625 0.313194833984375 0.191008857421875 0.326087931640625 0 0.27505275390625 0
0 0.32931120703125 0 0.3169553203125 0.0888191171875 0.316418109375 0.1929189453125 0.316418109375 0.19387398828125 0.3738998359375 0.184323544921875 0.38947899609375 0 0.32931120703125 0
0 0.39216505859375 0 0.381420810546875 0.12797593359375 0.388941783203125 0.189098767578125 0.441588599609375 0.17954832421875 0.4507212109375 0 0.39216505859375 0
0 0.453944484375 0 0.448572361328125 0.186233634765625 0.5103517890625 0.180503369140625 0.52324488671875 0 0.453944484375 0
0 0.53184028515625 0 0.524319310546875 0.157582306640625 0.58932201171875 0.152807083984375 0.59469413671875 0 0.53184028515625 0
0 0.6081244453125 0 0.60060347265625 0.160447439453125 0.66668059765625 0.15089699609375 0.6677550234375 0 0.6081244453125 0
1 0.68655745703125 0 0.682796970703125 0.140391509765625 0.76928816796875 0.127020888671875 0.77036259375 0 0.68655745703125 0
1 0.770899806640625 0 0.77036259375 0.126065845703125 0.862225916015625 0.10218973828125 0.859539853515625 0 0.770899806640625 0
1 0.859539853515625 0 0.86330033984375 0.09932460546875 0.95731251171875 0.086909029296875 0.95140317578125 0 0.859539853515625 0
1 0.84020020703125 0.837573833984375 0.825158259765625 0.575891701171875 0.744039185546875 0.5730265703125 0.75478343359375 0.83852887890625 0.84020020703125 0.837573833984375
1 0.43836532421875 0.816562861328125 0.44964678515625 0.593082498046875 0.369064923828125 0.589262322265625 0.3567090390625 0.81751790625 0.43836532421875 0.816562861328125
1 0.353485765625 0.80987755078125 0.367453287109375 0.594992587890625 0.291706337890625 0.589262322265625 0.26968062890625 0.80128215234375 0.353485765625 0.80987755078125
1 0.27290390234375 0.799372064453125 0.290094701171875 0.59976780859375 0.21864544921875 0.594992587890625 0.194470892578125 0.791731708984375 0.27290390234375 0.799372064453125