1 0.9402263125 0.49379233203125 0.975680787109375 0.495330439453125 0.98160705078125 0.361989501953125 0.9402263125 0.49379233203125
1 0.91471254296875 0.3499262578125 0.87037179296875 0.501466205078125 0.93972525 0.49651950390625 0.981787546875 0.35792835546875 0.91471254296875 0.3499262578125
1 0.836782736328125 0.35126587109375 0.797712072265625 0.503883150390625 0.869289759765625 0.50017171484375 0.91210758203125 0.348710734375 0.836782736328125 0.35126587109375
1 0.758898021484375 0.356471123046875 0.726878287109375 0.507975576171875 0.79847507421875 0.501141396484375 0.83522823828125 0.353761962890625 0.758898021484375 0.356471123046875
1 0.67890865625 0.3624917734375 0.654447978515625 0.509858171875 0.725933513671875 0.50552716015625 0.75743436328125 0.35779571875 0.67890865625 0.3624917734375
1 0.600410763671875 0.366562033203125 0.58223061328125 0.514851474609375 0.653799587890625 0.508643087890625 0.677797005859375 0.363798115234375 0.600410763671875 0.366562033203125
1 0.52153305078125 0.37127633984375 0.509911556640625 0.514230896484375 0.582314052734375 0.512974095703125 0.59994750390625 0.369083458984375 0.52153305078125 0.37127633984375
1 0.44309078515625 0.374095015625 0.439269103515625 0.5153964375 0.511995794921875 0.51474717578125 0.52074559375 0.373190224609375 0.44309078515625 0.374095015625
1 0.3641296328125 0.380686701171875 0.3659400859375 0.521696083984375 0.43777762890625 0.51734682421875 0.442219888671875 0.377886275390625 0.3641296328125 0.380686701171875
1 0.28427933203125 0.383578384765625 0.2927501328125 0.52486676953125 0.36707955078125 0.51976394921875 0.365537666015625 0.38061369140625 0.28427933203125 0.383578384765625
1 0.120780517578125 0.395802205078125 0.138783361328125 0.535971984375 0.2071564453125 0.53055366015625 0.19575832421875 0.391914466796875 0.120780517578125 0.395802205078125
1 0 0.54345725 0.049623521484375 0.534975931640625 0.035075576171875 0.40399226953125 0 0.405398783203125 0 0.54345725
1 0.24227641796875 0.7207053359375 0.25117105078125 0.823715826171875 0.312280470703125 0.812882619140625 0.3062640234375 0.71786649609375 0.24227641796875 0.7207053359375
1 0.3066194609375 0.715931923828125 0.31213109375 0.81624361328125 0.372693017578125 0.8116662578125 0.37241226953125 0.714915623046875 0.3066194609375 0.715931923828125
1 0.632314525390625 0.69952306640625 0.615928341796875 0.801449234375 0.677115787109375 0.794923302734375 0.695825990234375 0.695271806640625 0.632314525390625 0.69952306640625
1 0.697176390625 0.695201787109375 0.677222484375 0.792522591796875 0.73778441015625 0.78794523828125 0.75956485546875 0.691966830078125 0.697176390625 0.695201787109375
1 0.75900335546875 0.69247498046875 0.737407630859375 0.790359951171875 0.795581515625 0.784948349609375 0.822472140625 0.689184005859375 0.75900335546875 0.69247498046875
1 0.823595140625 0.688167705078125 0.796413095703125 0.7844261953125 0.856328162109375 0.782277560546875 0.88602628515625 0.683972462890625 0.823595140625 0.688167705078125
1 0.886609125 0.682984171875 0.855809341796875 0.78182542578125 0.91436000390625 0.773999111328125 0.94631812890625 0.67940911328125 0.886609125 0.682984171875
0 0.91955554296875 0.772292603515625 0.9620641484375 0.8017048046875 0.970045177734375 0.62213165625 0.91955554296875 0.772292603515625
0 0.578834310546875 0.684641712890625 0.563868611328125 0.829464921875 0.612326658203125 0.833017427734375 0.63257925 0.68438208203125 0.578834310546875 0.684641712890625
0 0.50908726171875 0.66753564453125 0.49773458203125 0.85260581640625 0.54734020703125 0.849528244140625 0.562637302734375 0.66526440625 0.50908726171875 0.66753564453125
0 0.44545103125 0.672857017578125 0.43905525390625 0.85514301953125 0.4826992265625 0.851869140625 0.493249091796875 0.6784654609375 0.44545103125 0.672857017578125
0 0.37263555859375 0.69280635546875 0.37004206640625 0.866302912109375 0.42147003125 0.860603705078125 0.42634320703125 0.68698894140625 0.37263555859375 0.69280635546875
0 0.179255802734375 0.815544076171875 0.18735923046875 0.895487078125 0.22345210546875 0.883001591796875 0.2427625703125 0.86431030078125 0.23077030859375 0.699151474609375 0.16950382421875 0.70232825390625 0.179255802734375 0.815544076171875
0 0.1117799921875 0.824097111328125 0.1250134140625 0.884567818359375 0.15415466015625 0.8749699296875 0.177671984375 0.857576791015625 0.15907990234375 0.712977330078125 0.10214762890625 0.720983662109375 0.1117799921875 0.824097111328125
0 0.0424895859375 0.8287008046875 0.059210076171875 0.887474416015625 0.0858542265625 0.87648971875 0.112791076171875 0.858919271484375 0.0846074375 0.72543115625 0.029474986328125 0.731322447265625 0.0424895859375 0.8287008046875
0 0 0.898813912109375 0.027706826171875 0.89264591796875 0.04784965625 0.874416896484375 0.023506296875 0.718490787109375 0 0.717347208984375 0 0.898813912109375
0 0.048185076171875 0.539506228515625 0.064881421875 0.641388599609375 0.111562658203125 0.634324111328125 0.1434045859375 0.615838611328125 0.114879138671875 0.383377103515625 0.03515108203125 0.384608662109375 0.048185076171875 0.539506228515625
0 0.206660953125 0.492976109375 0.21399454296875 0.6145003828125 0.28287130859375 0.592933560546875 0.274887189453125 0.36114844140625 0.195917140625 0.360018705078125 0.206660953125 0.492976109375