0 0.500156626953125 1 0.499011396484375 0.98349337890625 0.437168625 0.98530933984375 0.4375872890625 1 0.500156626953125 1
0 0.477286359375 0.469384771484375 0.46484146484375 0.36318323046875 0.4074310546875 0.371323 0.419842716796875 0.59558322265625 0.48918433203125 0.594045 0.477286359375 0.469384771484375
0 0.609867490234375 0.45786945703125 0.592807923828125 0.351497001953125 0.531268521484375 0.36256366796875 0.55755505859375 0.5668056171875 0.62076371875 0.57735954296875 0.609867490234375 0.45786945703125
0 0.85019455859375 0.47395671484375 0.826060583984375 0.3919608359375 0.777848662109375 0.420973447265625 0.82174501171875 0.576590431640625 0.8683470234375 0.58242286328125 0.85019455859375 0.47395671484375
0 0.9150430390625 0.468145646484375 0.88037460546875 0.37138709375 0.83082670703125 0.406509869140625 0.856174642578125 0.506003046875 0.869076255859375 0.557811283203125 0.9151318203125 0.562596865234375 0.9150430390625 0.468145646484375
0 0.960582537109375 0.470858904296875 0.932258802734375 0.39384088671875 0.896555392578125 0.409970875 0.91094443359375 0.4700470625 0.916650578125 0.530828271484375 0.92636465234375 0.573278978515625 0.972177611328125 0.566762890625 0.960582537109375 0.470858904296875
0 0.988453826171875 0.426720423828125 0.974671529296875 0.3851456484375 0.933958919921875 0.394930462890625 0.9597322421875 0.4800668828125 0.96896016015625 0.538925310546875 0.983957369140625 0.5589863125 0.988453826171875 0.426720423828125
0 0.960041787109375 0.235745654296875 0.92734598046875 0.1698583984375 0.89000322265625 0.18284784375 0.900627888671875 0.233545138671875 0.914592017578125 0.28847255078125 0.95931160546875 0.2993683046875 0.960041787109375 0.235745654296875
0 0.901387029296875 0.227413609375 0.875340248046875 0.15150653125 0.853784697265625 0.15789443359375 0.827674771484375 0.181565990234375 0.862312345703125 0.2988555625 0.904117376953125 0.3106699765625 0.901387029296875 0.227413609375
0 0.767531640625 0.203977056640625 0.744125951171875 0.1363806640625 0.72257040234375 0.142768564453125 0.7004983125 0.166589671875 0.727910033203125 0.29387769921875 0.7739352109375 0.299688767578125 0.767531640625 0.203977056640625
0 0.665331736328125 0.195835326171875 0.65139305859375 0.12716625390625 0.6252397890625 0.131877015625 0.60580465625 0.1408933125 0.62713159765625 0.283668255859375 0.673295572265625 0.281321318359375 0.665331736328125 0.195835326171875
0 0.612113814453125 0.189807576171875 0.597095279296875 0.12677791015625 0.57401310546875 0.1356591328125 0.553258361328125 0.143003869140625 0.576265115234375 0.27529356640625 0.619501701171875 0.279328951171875 0.612113814453125 0.189807576171875
0 0.55524884765625 0.183644751953125 0.541166087890625 0.119838400390625 0.495601701171875 0.132755005859375 0.5132816015625 0.275394875 0.561052974609375 0.280409556640625 0.55524884765625 0.183644751953125
0 0.49663240234375 0.17498302734375 0.484829419921875 0.09584558984375 0.45414136328125 0.099577052734375 0.435833734375 0.11674854296875 0.4533691796875 0.279666640625 0.502124353515625 0.28228373046875 0.49663240234375 0.17498302734375
0 0.31041488671875 0.26788129296875 0.307252240234375 0.081966568359375 0.25549763671875 0.0881631640625 0.25350189453125 0.263339373046875 0.31041488671875 0.26788129296875
0 0.236010349609375 0.26837094140625 0.236446720703125 0.084212201171875 0.184740142578125 0.088787888671875 0.179577251953125 0.263035453125 0.236010349609375 0.26837094140625
0 0.159158318359375 0.27444934375 0.16890477734375 0.06872915625 0.1122795703125 0.06987730078125 0.09679877734375 0.268894359375 0.159158318359375 0.27444934375
0 0.07738841015625 0.246269189453125 0.09066108984375 0.075567359375 0.031780498046875 0.075820626953125 0.012917560546875 0.234956607421875 0.07738841015625 0.246269189453125
1 0.376613953125 0.251672216796875 0.369250455078125 0.145924880859375 0.311929609375 0.139745169921875 0.314206384765625 0.247738138671875 0.376613953125 0.251672216796875
1 0.440005322265625 0.253208703125 0.429234541015625 0.1546372578125 0.36999412109375 0.151631826171875 0.37570219140625 0.251638447265625 0.440005322265625 0.253208703125
1 0.719027677734375 0.278147041015625 0.69311679296875 0.1822602265625 0.663484576171875 0.181162736328125 0.6780945078125 0.273385623046875 0.719027677734375 0.278147041015625
1 0.81370669140625 0.28652173046875 0.784580630859375 0.191327177734375 0.758643484375 0.18874385546875 0.7782200703125 0.28277337890625 0.81370669140625 0.28652173046875
1 0.857447181640625 0.28895308984375 0.828680951171875 0.19701723828125 0.785228244140625 0.2002759375 0.81277091796875 0.2872984140625 0.857447181640625 0.28895308984375
1 0.780854419921875 0.4865180859375 0.768810552734375 0.446316203125 0.71576034765625 0.45003078125 0.74198265625 0.566212708984375 0.780854419921875 0.4865180859375
1 0.74203068359375 0.564591802734375 0.713984853515625 0.4483423359375 0.6573596484375 0.4494904765625 0.681398609375 0.562346169921875 0.74203068359375 0.564591802734375
1 0.680030966796875 0.562295515625 0.65558415234375 0.447802033203125 0.60680496484375 0.445995396484375 0.622062134765625 0.562582552734375 0.680030966796875 0.562295515625
1 0.55058461328125 0.572105384765625 0.53288032421875 0.4456914765625 0.474455611328125 0.445961626953125 0.48527366796875 0.57374317578125 0.55058461328125 0.572105384765625
1 0.407845689453125 0.583856962890625 0.398035822265625 0.43745186328125 0.327614140625 0.4421457421875 0.331977458984375 0.587537775390625 0.407845689453125 0.583856962890625
1 0.32737062890625 0.588989837890625 0.32259945703125 0.441960013671875 0.249562564453125 0.442500314453125 0.248695078125 0.595000703125 0.32737062890625 0.588989837890625
1 0.24418430078125 0.59321094921875 0.24414002734375 0.44067679296875 0.16704823828125 0.439444228515625 0.159654345703125 0.59657095703125 0.24418430078125 0.59321094921875
1 0.15279212890625 0.59712814453125 0.1616016875 0.438431162109375 0.079519228515625 0.4362024140625 0.062839638671875 0.59866462890625 0.15279212890625 0.59712814453125
1 0 0.596424115234375 0.057441115234375 0.59603065625 0.074456517578125 0.437637591796875 0 0.434879943359375 0 0.596424115234375