1 0.62746812109375 0 0.606151076171875 0.055706763671875 0.67418637109375 0.1167848359375 0.723328109375 0 0.62746812109375 0
1 0 0.3348765 0.069647134765625 0.361384697265625 0.099482669921875 0.1825120625 0 0.1221265234375 0 0.3348765
1 0.15796829296875 0.401789208984375 0.19263937890625 0.2380622734375 0.09986291015625 0.18479669921875 0.070992353515625 0.359036158203125 0.15796829296875 0.401789208984375
1 0.2371115 0.447897322265625 0.27625493359375 0.296264578125 0.192122806640625 0.241912603515625 0.157553970703125 0.401038314453125 0.2371115 0.447897322265625
1 0.3108514609375 0.485010677734375 0.356692234375 0.342324763671875 0.274926755859375 0.29784625 0.2380083125 0.446331626953125 0.3108514609375 0.485010677734375
1 0.38084547265625 0.516132853515625 0.4267938203125 0.388001509765625 0.354104044921875 0.34242062109375 0.312662130859375 0.48111241796875 0.38084547265625 0.516132853515625
1 0.44254130078125 0.552159810546875 0.490078775390625 0.430099525390625 0.425533810546875 0.386515697265625 0.380862513671875 0.515365984375 0.44254130078125 0.552159810546875
1 0.501353908203125 0.582163634765625 0.55172348046875 0.46842709375 0.49177015234375 0.431569361328125 0.44259242578125 0.54985919921875 0.501353908203125 0.582163634765625
1 0.555886951171875 0.61079348046875 0.60955406640625 0.503830966796875 0.55136028125 0.465375587890625 0.5008884609375 0.583713353515625 0.555886951171875 0.61079348046875
1 0.607899966796875 0.636451703125 0.66137962890625 0.53792476953125 0.60613723046875 0.502425037109375 0.5568008046875 0.6084609140625 0.607899966796875 0.636451703125
1 0.658999130859375 0.664442490234375 0.710668123046875 0.569813818359375 0.658876646484375 0.5341862734375 0.6091940625 0.6364037734375 0.658999130859375 0.664442490234375
1 0 0.691555048828125 0.003663921875 0.691827123046875 0.026271357421875 0.571101369140625 0 0.56328994140625 0 0.691555048828125
1 0.079567751953125 0.707407845703125 0.104142783203125 0.6015952734375 0.025196662109375 0.567735251953125 0.005319048828125 0.68631634765625 0.079567751953125 0.707407845703125
1 0.1490631796875 0.735487236328125 0.17856287109375 0.6322170078125 0.104833998046875 0.604975595703125 0.080718197265625 0.707365236328125 0.1490631796875 0.735487236328125
1 0.215107267578125 0.763694455078125 0.247230732421875 0.663051783203125 0.175050935546875 0.635071814453125 0.14788243359375 0.736893337890625 0.215107267578125 0.763694455078125
1 0.276196392578125 0.7907228203125 0.31106483203125 0.68725374609375 0.245727107421875 0.66174510546875 0.2151678671875 0.76096747265625 0.276196392578125 0.7907228203125
1 0.534060921875 0.877219271484375 0.57677511328125 0.8000258046875 0.540738240234375 0.7836497109375 0.50584991796875 0.870771095703125 0.534060921875 0.877219271484375
1 0.58057300390625 0.887757919921875 0.620451326171875 0.817481328125 0.57717374609375 0.79932985546875 0.536099529296875 0.87169429296875 0.58057300390625 0.887757919921875
1 0.74956538671875 0.714608783203125 0.803748998046875 0.621323283203125 0.775290861328125 0.6087536015625 0.72960444921875 0.69899965234375 0.74956538671875 0.714608783203125
1 0.825645337890625 0.756749171875 0.881458509765625 0.6763458203125 0.85577564453125 0.65958624609375 0.8128948046875 0.744278912109375 0.825645337890625 0.756749171875
1 0.863599619140625 0.77305425 0.920946720703125 0.6925940859375 0.880752146484375 0.67364724609375 0.82845091015625 0.751195787109375 0.863599619140625 0.77305425
1 0.900038119140625 0.78873428515625 0.957692951171875 0.71166864453125 0.9183107890625 0.69064816015625 0.863986091796875 0.773039935546875 0.900038119140625 0.78873428515625
1 0.769459193359375 0.963710177734375 0.813983646484375 0.9003420234375 0.795744630859375 0.889569642578125 0.75999859765625 0.9610741640625 0.769459193359375 0.963710177734375
1 0.88082636328125 0.966553755859375 0.904714478515625 0.9372981328125 0.87335004296875 0.925020939453125 0.841597466796875 0.968006677734375 0.88082636328125 0.966553755859375
0 0.938829087890625 0.9644055078125 0.9370046328125 0.933115791015625 0.908545349609375 0.9286947578125 0.88278780859375 0.966481109375 0.938829087890625 0.9644055078125
0 0.76790318359375 0.970736095703125 0.8357131328125 0.9682246171875 0.85825210546875 0.924086919921875 0.849713767578125 0.8925481328125 0.81688533984375 0.895754939453125 0.76790318359375 0.970736095703125
0 0.7462477265625 0.886923248046875 0.72865283984375 0.935357443359375 0.71017720703125 0.960430728515625 0.71830665234375 0.97257300390625 0.75249183203125 0.97130688671875 0.76781877734375 0.94933662890625 0.792570341796875 0.88122571875 0.75454737109375 0.866208732421875 0.7462477265625 0.886923248046875
0 0.689003982421875 0.917912001953125 0.676077125 0.94526844921875 0.699532822265625 0.97326833203125 0.72950453125 0.9348281640625 0.7521507421875 0.87326578125 0.72153490625 0.852499373046875 0.70851603125 0.87139773828125 0.689003982421875 0.917912001953125
0 0.6510474296875 0.89990614453125 0.6326748828125 0.932939365234375 0.658888365234375 0.962828048828125 0.689475833984375 0.92187640234375 0.71812469140625 0.842173248046875 0.677749369140625 0.832220732421875 0.670456392578125 0.8454319453125 0.6510474296875 0.89990614453125
0 0.6152979375 0.958967427734375 0.652684388671875 0.90183645703125 0.67883352734375 0.821230416015625 0.63488194140625 0.808423943359375 0.5784995703125 0.914041 0.59463669140625 0.9438051484375 0.6152979375 0.958967427734375
0 0.78079613671875 0.579536828125 0.72698958984375 0.55664292578125 0.652673318359375 0.700752041015625 0.693073546875 0.759979373046875 0.743051296875 0.6779930546875 0.78079613671875 0.579536828125
0 0.773919666015625 0.8007857265625 0.8166521796875 0.74246128125 0.853615208984375 0.653988705078125 0.80411138671875 0.626455833984375 0.729341939453125 0.753161015625 0.748159357421875 0.78830097265625 0.773919666015625 0.8007857265625
0 0.98303251171875 0.713900986328125 0.97050071484375 0.710880984375 0.8944450859375 0.807271986328125 0.924105453125 0.85843559765625 0.9817297265625 0.785125302734375 0.98303251171875 0.713900986328125
0 0.981873634765625 0.778649419921875 0.952038224609375 0.82355508984375 0.928695994140625 0.84084486328125 0.965180943359375 0.8872761015625 0.97961191796875 0.867827701171875 0.981873634765625 0.778649419921875
0 0.73119390234375 0 0.681201078125 0.11956025 0.7341306875 0.17652313671875 0.78522849609375 0.094208361328125 0.827809091796875 0 0.73119390234375 0
0 0.83267592578125 0 0.744458498046875 0.1753443671875 0.789732177734375 0.234183326171875 0.8474122890625 0.157994841796875 0.917161251953125 0.022436119140625 0.897423841796875 0 0.83267592578125 0
0 0.885012333984375 0.21950679296875 0.948255361328125 0.094540408203125 0.90687439453125 0.041927353515625 0.84753625390625 0.1524164296875 0.794822478515625 0.226828455078125 0.8406506796875 0.2808693203125 0.885012333984375 0.21950679296875
0 0.941999572265625 0.29542963671875 0.99428279296875 0.220237296875 0.996584994140625 0.116638224609375 0.96011059375 0.105248966796875 0.856251416015625 0.284272814453125 0.8942997265625 0.345768162109375 0.941999572265625 0.29542963671875
0 0.48612487890625 0.911133705078125 0.514733021484375 0.852322998046875 0.548629990234375 0.75768272265625 0.493190875 0.748677294921875 0.44736096484375 0.867105736328125 0.461950703125 0.894826576171875 0.48612487890625 0.911133705078125
0 0.493186603515625 0.73331810546875 0.444455658203125 0.717920484375 0.395517189453125 0.851823408203125 0.434140193359375 0.886640986328125 0.472219197265625 0.805976421875 0.493186603515625 0.73331810546875
0 0.443745984375 0.703201794921875 0.389189904296875 0.685562427734375 0.3388585625 0.835490658203125 0.381286134765625 0.870167328125 0.418354857421875 0.788311431640625 0.443745984375 0.703201794921875
0 0.323986154296875 0.83604148828125 0.37693415234375 0.69277445703125 0.320275525390625 0.676441708984375 0.275710390625 0.81571201953125 0.323986154296875 0.83604148828125