1 0.33343162890625 1 0.34060734375 0.98142540625 0.2688501796875 0.92444490234375 0.23919055078125 1 0.33343162890625 1
0 0.237755408203125 1 0.2640663671875 0.9261458125 0.2009200625 0.868314853515625 0.127249373046875 1 0.237755408203125 1
0 0.127249373046875 1 0.187525392578125 0.875968951171875 0.131076421875 0.822390267578125 0.032051533203125 0.996733603515625 0.127249373046875 1
0 0.028224484375 1 0.13442508984375 0.8121848046875 0.0765409765625 0.76626021875 0 0.91168807421875 0.000478380859375 1 0.028224484375 1
0 0 0.8921276015625 0.062667923828125 0.767110673828125 0.01722171875 0.711831080078125 0 0.735643828125 0 0.8921276015625
1 0.000408921875 0.30896341796875 0 0.366394265625 0.01758365234375 0.36712123828125 0.07074353515625 0.27915753515625 0.0331226953125 0.259529271484375 0.000408921875 0.30896341796875
1 0.045390361328125 0.378025830078125 0.087100421875 0.287154236328125 0.07033461328125 0.2784305625 0.018401498046875 0.362032427734375 0.045390361328125 0.378025830078125
1 0.13412647265625 0.42382511328125 0.174609767578125 0.327864708984375 0.15702611328125 0.31914103515625 0.106319763671875 0.41001262890625 0.13412647265625 0.42382511328125
1 0 0.10250315625 0.0122676640625 0.101776185546875 0.0552044921875 0.042891392578125 0.024944251953125 0.02762496484375 0 0.0668814921875 0 0.10250315625
1 0.02617101953125 0.107591966796875 0.062156169921875 0.039983501953125 0.0527509609375 0.042891392578125 0.0114498203125 0.10032223828125 0.02617101953125 0.107591966796875
1 0.0981413203125 0.12722023046875 0.132490783203125 0.06324662890625 0.12431233984375 0.06179268359375 0.08014874609375 0.1250393125 0.0981413203125 0.12722023046875
0 0.051524193359375 0.046526255859375 0.030260240234375 0.1206774765625 0.066245390625 0.137397849609375 0.127583716796875 0.043618365234375 0.09118964453125 0 0.051524193359375 0.046526255859375
0 0.191375576171875 0.05306901171875 0.160297490234375 0.018901291015625 0.12349449609375 0.072697275390625 0.10304838671875 0.14757546875 0.138624615234375 0.15920703125 0.1615242578125 0.106864994140625 0.17256515625 0.075605166015625 0.191375576171875 0.05306901171875
0 0.16765808984375 0.08578278515625 0.142713837890625 0.166476759765625 0.17869898828125 0.176654376953125 0.2261339609375 0.068335439453125 0.195055875 0.046526255859375 0.16765808984375 0.08578278515625
0 0.239628392578125 0.054522955078125 0.2040521640625 0.103230130859375 0.1831971328125 0.1802892421875 0.2273607265625 0.19410172265625 0.251896056640625 0.11704261328125 0.272342166015625 0.080693974609375 0.239628392578125 0.054522955078125
0 0.2494425234375 0.11704261328125 0.224089349609375 0.198463560546875 0.2707064765625 0.218818796875 0.325910970703125 0.09741434765625 0.284200908203125 0.049434146484375 0.2494425234375 0.11704261328125
0 0.078921978515625 0.291516072265625 0.042936828125 0.39111133984375 0.100185931640625 0.415828412109375 0.175018689453125 0.255167435546875 0.129628328125 0.210095123046875 0.078921978515625 0.291516072265625
0 0.1635688671875 0.349673892578125 0.127174794921875 0.46380861328125 0.187286353515625 0.477621095703125 0.25925665625 0.322048927734375 0.207323541015625 0.26607202734375 0.1635688671875 0.349673892578125
1 0.2584388125 0.49652238671875 0.30791839453125 0.385295556640625 0.258029890625 0.363486373046875 0.2048700078125 0.4645355859375 0.2584388125 0.49652238671875
1 0.3136433046875 0.525601296875 0.36271396484375 0.41146657421875 0.30791839453125 0.386022529296875 0.257212044921875 0.49434146875 0.3136433046875 0.525601296875
1 0.374981630859375 0.55468020703125 0.4203719921875 0.43691062109375 0.36189612109375 0.41001262890625 0.3148700703125 0.5241473515625 0.374981630859375 0.55468020703125
1 0.332044802734375 0.22099971484375 0.369665642578125 0.143940603515625 0.327137736328125 0.122131421875 0.284609830078125 0.202098423828125 0.332044802734375 0.22099971484375
1 0.367212109375 0.231177333984375 0.3986991171875 0.148302439453125 0.370074564453125 0.1432136328125 0.332044802734375 0.218818796875 0.367212109375 0.231177333984375
1 0.43877348828125 0.59030187109375 0.48130139453125 0.46380861328125 0.4220076796875 0.4361836484375 0.3766173203125 0.5554071796875 0.43877348828125 0.59030187109375
1 0.505836724609375 0.62774155078125 0.543048642578125 0.4925246171875 0.48089247265625 0.46235466796875 0.441227021484375 0.59175581640625 0.505836724609375 0.62774155078125
0 0.39011175 0.162114921875 0.364758576171875 0.260983216796875 0.41750953515625 0.27043386328125 0.4633088203125 0.138124822265625 0.41587384765625 0.106138021484375 0.39011175 0.162114921875
0 0.43877348828125 0.21227604296875 0.4211898359375 0.28061148046875 0.47066941796875 0.296604880859375 0.51237948046875 0.15702611328125 0.47107833984375 0.131582068359375 0.43877348828125 0.21227604296875
0 0.49275121484375 0.2231806328125 0.47066941796875 0.31477919921875 0.519740078125 0.329318654296875 0.56676612890625 0.174473458984375 0.522193611328125 0.141032712890625 0.49275121484375 0.2231806328125
0 0.592528224609375 0.34022324609375 0.631288158203125 0.197736587890625 0.583123015625 0.174473458984375 0.538141576171875 0.31332525390625 0.592528224609375 0.34022324609375
1 0.666134216796875 0.34458508203125 0.688216013671875 0.24935165234375 0.63137583203125 0.228269443359375 0.602342357421875 0.322048927734375 0.666134216796875 0.34458508203125
1 0.73442421875 0.36930215625 0.754052482421875 0.269706888671875 0.690669546875 0.25080559765625 0.667769904296875 0.34603902734375 0.73442421875 0.36930215625
1 0.802305298828125 0.394746203125 0.820264751953125 0.289335154296875 0.754870328125 0.269706888671875 0.73442421875 0.36930215625 0.802305298828125 0.394746203125
1 0.88000051171875 0.425279056640625 0.89267709765625 0.31259828125 0.821524640625 0.287881208984375 0.80434991015625 0.3932922578125 0.88000051171875 0.425279056640625
1 0.958922490234375 0.452904021484375 0.96546524609375 0.34095021875 0.893086021484375 0.31259828125 0.878773744140625 0.424552083984375 0.958922490234375 0.452904021484375
1 0.580260560546875 0.662272173828125 0.613383255859375 0.52487432421875 0.54427541015625 0.490706603515625 0.5062456484375 0.630285373046875 0.580260560546875 0.662272173828125
1 0.6591825390625 0.707344482421875 0.68535355859375 0.55758809765625 0.613383255859375 0.52487432421875 0.580260560546875 0.665907037109375 0.6591825390625 0.707344482421875
1 0.74055805078125 0.7516898203125 0.76304876953125 0.59175581640625 0.68617140234375 0.55613415234375 0.6575468515625 0.70807145703125 0.74055805078125 0.7516898203125
1 0.8321566171875 0.799670021484375 0.850149193359375 0.628104455078125 0.764684458984375 0.59030187109375 0.741784818359375 0.754597712890625 0.8321566171875 0.799670021484375
1 0.930706859375 0.849831142578125 0.938067458984375 0.670268873046875 0.84933134765625 0.629558400390625 0.8333833828125 0.8025779140625 0.930706859375 0.849831142578125
0 1 0.319680794921875 0.97063664453125 0.315013919921875 0.953573390625 0.519189611328125 1 0.5401905390625 1 0.319680794921875