0 0.996474484375 0 0.968239771484375 0.286070705078125 1 0.293960693359375 1 0 0.996474484375 0
1 0.963232505859375 0.288960705078125 0.9848021796875 0.028751541015625 0.886633875 0.032526568359375 0.873603689453125 0.287032216796875 0.963232505859375 0.288960705078125
1 0.872866166015625 0.287070458984375 0.88744909765625 0.033799478515625 0.8000328515625 0.031756263671875 0.79103931640625 0.279476701171875 0.872866166015625 0.287070458984375
1 0.77791929296875 0.282787359375 0.7845114765625 0.144351498046875 0.687002998046875 0.14677712890625 0.6870485234375 0.284868814453125 0.77791929296875 0.282787359375
1 0.68638869921875 0.286218208984375 0.686343173828125 0.1481265234375 0.591202662109375 0.153059734375 0.5932276640625 0.287103236328125 0.68638869921875 0.286218208984375
1 0.59419828125 0.290998453125 0.588168798828125 0.0269596328125 0.48972916015625 0.03863981640625 0.50286132421875 0.2852129921875 0.59419828125 0.290998453125
1 0.50189070703125 0.281317775390625 0.489806857421875 0.03995096875 0.3916385546875 0.04372599609375 0.408651974609375 0.28089165234375 0.50189070703125 0.281317775390625
1 0.408729671875 0.2822028046875 0.388377669921875 0.038634353515625 0.288307587890625 0.047768716796875 0.31386049609375 0.279230859375 0.408729671875 0.2822028046875
1 0.4753029140625 0.879495779296875 0.462951515625 0.713751283203125 0.381558591796875 0.71684743359375 0.3981238046875 0.879000767578125 0.4753029140625 0.879495779296875
1 0.551851583984375 0.880023478515625 0.54497487890625 0.710622439453125 0.463581955078125 0.71371859375 0.475999767578125 0.880583869140625 0.551851583984375 0.880023478515625
1 0.628964275390625 0.8793977109375 0.625704677734375 0.71767867578125 0.546235755859375 0.710557060546875 0.553112458984375 0.879958099609375 0.628964275390625 0.8793977109375
1 0.708034697265625 0.87979465234375 0.707661625 0.713429056640625 0.62557184375 0.715437119140625 0.628134587890625 0.876068064453125 0.708034697265625 0.87979465234375
1 0.784019345703125 0.881475822265625 0.78951946484375 0.718178357421875 0.71024979296875 0.714419078125 0.709162740234375 0.877487716796875 0.784019345703125 0.881475822265625
1 0.859871162109375 0.880915431640625 0.871742076171875 0.718411853515625 0.78888902734375 0.718211046875 0.783820095703125 0.878113486328125 0.859871162109375 0.880915431640625
1 0.9369174375 0.87916888671875 0.9536990234375 0.714162232421875 0.8701164296875 0.72299303515625 0.859041474609375 0.87758578515625 0.9369174375 0.87916888671875
1 1 0.719631 0.95542481640625 0.721942306640625 0.936353416015625 0.880322353515625 1 0.87515833203125 1 0.719631