1 1 0.622714255859375 0.98845987890625 0.467283193359375 0.90381430078125 0.46134315234375 0.916065634765625 0.6207342421875 1 0.622714255859375
1 0.911610603515625 0.62370426171875 0.8976886328125 0.4583731328125 0.81861184375 0.4563931171875 0.82028248046875 0.6118241796875 0.911610603515625 0.62370426171875
1 0.81861184375 0.6128141875 0.8141568125 0.4563931171875 0.73452314453125 0.451443083984375 0.73006811328125 0.603904126953125 0.81861184375 0.6128141875
1 0.72561308203125 0.603904126953125 0.73173875 0.4563931171875 0.655446353515625 0.448473064453125 0.647093171875 0.596974080078125 0.72561308203125 0.603904126953125
1 0.64430877734375 0.595984072265625 0.654332595703125 0.45342309765625 0.58360898828125 0.451443083984375 0.567459501953125 0.59301405078125 0.64430877734375 0.595984072265625
1 0.48763728125 0.575593515625 0.50545955859375 0.44533687890625 0.44852728515625 0.4418164296875 0.425754376953125 0.571192953125 0.48763728125 0.575593515625
1 0.295057685546875 0.556231041015625 0.353970208984375 0.5641520546875 0.3544652734375 0.5641520546875 0.372287548828125 0.442696541015625 0.324761478515625 0.439176091796875 0.295057685546875 0.556231041015625
1 0.29357249609375 0.554470818359375 0.3232762890625 0.440056205078125 0.26782920703125 0.435655642578125 0.23515503515625 0.5509503671875 0.29357249609375 0.554470818359375
1 0.23317478125 0.55183048046875 0.264858828125 0.439176091796875 0.2118870625 0.432135193359375 0.197530228515625 0.475260701171875 0.23317478125 0.55183048046875
1 0.17212119140625 0.270547205078125 0.2026391328125 0.1873575546875 0.16154163671875 0.1830172265625 0.12817535546875 0.270547205078125 0.17212119140625 0.270547205078125
1 0.2099634375 0.2683770390625 0.230308732421875 0.185910779296875 0.204673662109375 0.184464001953125 0.174155720703125 0.2683770390625 0.2099634375 0.2683770390625
1 0.3072139453125 0.265483486328125 0.326745427734375 0.180123673828125 0.297041298828125 0.178676896484375 0.269778603515625 0.265483486328125 0.3072139453125 0.265483486328125
1 0.608324302734375 0.26114315625 0.61971766796875 0.1642091328125 0.560716314453125 0.1591454140625 0.54810223046875 0.26258993359375 0.608324302734375 0.26114315625
1 0.67302233984375 0.259696380859375 0.68116045703125 0.159868802734375 0.621752197265625 0.16276235546875 0.60995192578125 0.26258993359375 0.67302233984375 0.259696380859375
0 0.973318884765625 0.26258993359375 0.9582633671875 0.10850823828125 0.896820578125 0.10778484765625 0.907807037109375 0.26693026171875 0.973318884765625 0.26258993359375
0 0.8870548359375 0.287908521484375 0.88217196484375 0.0925936953125 0.82276370703125 0.08897675390625 0.82276370703125 0.290078685546875 0.8870548359375 0.287908521484375
0 0.805673658203125 0.27705769921875 0.808522 0.104891294921875 0.754403515625 0.102721130859375 0.7474861171875 0.274887533203125 0.805673658203125 0.27705769921875
0 0.727547728515625 0.276334310546875 0.73405822265625 0.101274353515625 0.68116045703125 0.09621063671875 0.67342924609375 0.271270591796875 0.727547728515625 0.276334310546875
0 0.50619092578125 0.097657412109375 0.49113540625 0.18663416796875 0.4821834765625 0.28646174609375 0.534674337890625 0.282121416015625 0.5546127265625 0.1258695546875 0.5354881484375 0.107061458984375 0.50619092578125 0.097657412109375
0 0.43538930078125 0.18157044921875 0.42521665234375 0.27705769921875 0.474045359375 0.278504474609375 0.493576841796875 0.1352736015625 0.45247934765625 0.11791228515625 0.43538930078125 0.18157044921875
0 0.379236287109375 0.185187390625 0.366622205078125 0.27199398046875 0.411381853515625 0.271270591796875 0.436610017578125 0.142507484375 0.393884900390625 0.1258695546875 0.379236287109375 0.185187390625
0 0.32145565234375 0.191697884765625 0.31087609765625 0.278504474609375 0.3601117109375 0.275610921875 0.385339875 0.13455021484375 0.340580228515625 0.118635671875 0.32145565234375 0.191697884765625
0 0.22501895703125 0.18663416796875 0.212404873046875 0.285738357421875 0.25879214453125 0.284291580078125 0.291344615234375 0.152634919921875 0.24943330859375 0.121529224609375 0.22501895703125 0.18663416796875
0 0.1147474609375 0.13165666015625 0.087891671875 0.2018253203125 0.0793466484375 0.28863191015625 0.125327013671875 0.27922786328125 0.16154163671875 0.167102685546875 0.137941095703125 0.139613931640625 0.1147474609375 0.13165666015625
0 0.099285037109375 0.171443013671875 0.06713947265625 0.137443767578125 0.028076505859375 0.2162930859375 0.029297224609375 0.278504474609375 0.070801625 0.266206875 0.086264048828125 0.22425035546875 0.089112390625 0.204718873046875 0.099285037109375 0.171443013671875
0 0 0.528073419921875 0.00528977734375 0.528073419921875 0.016683140625 0.460074923828125 0.04760798828125 0.383395771484375 0.0085450234375 0.35735379296875 0 0.384842546875 0 0.528073419921875
0 0.087077859375 0.392799818359375 0.050863236328125 0.371098169921875 0.020345294921875 0.4535644296875 0.00488287109375 0.542541185546875 0.04720108203125 0.556285560546875 0.0622566015625 0.5157758203125 0.06713947265625 0.451394265625 0.087077859375 0.392799818359375
0 0.10172647265625 0.353736853515625 0.06591875390625 0.454287818359375 0.059815166015625 0.541094408203125 0.1045748125 0.5396476328125 0.151368990234375 0.3920764296875 0.123699390625 0.36458767578125 0.10172647265625 0.353736853515625
0 0.12776844921875 0.462968478515625 0.108236966796875 0.55700894921875 0.15462423828125 0.55917911328125 0.200197697265625 0.40003369921875 0.159507107421875 0.3776086640625 0.12776844921875 0.462968478515625
0 0.37353960546875 0.44560716015625 0.353194310546875 0.56858316015625 0.4223683125 0.567859771484375 0.45329316015625 0.35518362890625 0.3942918046875 0.348673134765625 0.37353960546875 0.44560716015625
0 0.5525781953125 0.603305796875 0.573330396484375 0.3776086640625 0.520839537109375 0.36458767578125 0.48747325390625 0.593178361328125 0.5525781953125 0.603305796875