0 0.499642927734375 1 0.47183834375 0.94636292578125 0.40386397265625 1 0.499642927734375 1
0 0.403802388671875 1 0.47291221875 0.951774583984375 0.4388892890625 0.841551931640625 0.364255296875 0.878521333984375 0.302306337890625 0.9261909296875 0.325351427734375 1 0.403802388671875 1
0 0.432806068359375 0.853287451171875 0.3985058125 0.763804826171875 0.36067177734375 0.779919478515625 0.287610044921875 0.84977575 0.308628953125 0.931205248046875 0.3555076015625 0.883423724609375 0.432806068359375 0.853287451171875
0 0.273811345703125 0.8329923359375 0.39252052734375 0.745418060546875 0.359273935546875 0.654651076171875 0.246369396484375 0.72578891015625 0.273811345703125 0.8329923359375
0 0.1142265703125 0.1903669921875 0.10676288671875 0.162813794921875 0.074057833984375 0.157186029296875 0.045599296875 0.162144498046875 0.05425184375 0.189401888671875 0.0795788671875 0.182493796875 0.1142265703125 0.1903669921875
0 0.080746482421875 0.18183944140625 0.055461955078125 0.18946463671875 0.071451033203125 0.248915478515625 0.130320556640625 0.224444333984375 0.117166857421875 0.18908965234375 0.080746482421875 0.18183944140625
0 0.234268759765625 0.10104705859375 0.260570302734375 0.093157333984375 0.25910724609375 0.07787927734375 0.228909185546875 0.07961827734375 0.2036684453125 0.1054090625 0.208606123046875 0.12912934765625 0.234268759765625 0.10104705859375
0 0.26029804296875 0.145028970703125 0.28035692578125 0.119630458984375 0.27455550390625 0.093882494140625 0.236623951171875 0.096872908203125 0.2078013125 0.128096171875 0.214486123046875 0.156203318359375 0.26029804296875 0.145028970703125
0 0.269000712890625 0.094255431640625 0.282152712890625 0.115427302734375 0.306432404296875 0.10478887890625 0.31584412109375 0.103624482421875 0.32276374609375 0.116872095703125 0.3329310078125 0.11277253125 0.324469134765625 0.0703624921875 0.287803578125 0.0727575859375 0.269000712890625 0.094255431640625
0 0.295923052734375 0.13762268359375 0.32932976953125 0.1241526875 0.316668576171875 0.10498916015625 0.28369342578125 0.113193814453125 0.257599224609375 0.1465414453125 0.27338174609375 0.174459361328125 0.295923052734375 0.13762268359375
0 0.310979341796875 0.16583342578125 0.3456124609375 0.14482592578125 0.33061541015625 0.1238888671875 0.295903408203125 0.137291181640625 0.271094849609375 0.1703749921875 0.287083484375 0.198634080078125 0.310979341796875 0.16583342578125
0 0.32639859375 0.190758166015625 0.362680623046875 0.1724800234375 0.34846843359375 0.145965458984375 0.31582723828125 0.159805630859375 0.28691666015625 0.19895591015625 0.30438707421875 0.2239870078125 0.32639859375 0.190758166015625
0 0.30328790234375 0.22426049609375 0.319129666015625 0.2594521015625 0.33165242578125 0.257457568359375 0.331818330078125 0.2382981875 0.3449681796875 0.2155157734375 0.372918021484375 0.197797037109375 0.362778845703125 0.174137529296875 0.325485890625 0.191041322265625 0.30328790234375 0.22426049609375
0 0.33517447265625 0.232193041015625 0.32889375390625 0.23913798828125 0.330661759765625 0.268973087890625 0.3476310859375 0.282411314453125 0.371801966796875 0.25425167578125 0.4071516484375 0.23592519140625 0.385577986328125 0.19184383203125 0.343937611328125 0.213809923828125 0.33517447265625 0.232193041015625
0 0.4094285703125 0.23670421875 0.3697508046875 0.2541453203125 0.340192263671875 0.288635248046875 0.360489646484375 0.32372740234375 0.432033107421875 0.288770611328125 0.4094285703125 0.23670421875
0 0.4295239609375 0.115225947265625 0.45340973046875 0.10238048046875 0.438983794921875 0.07878510546875 0.39378614453125 0.091464447265625 0.389586876953125 0.127552103515625 0.415426064453125 0.147670568359375 0.4295239609375 0.115225947265625
0 0.46604968359375 0.09583740234375 0.4293473671875 0.115216791015625 0.41050037109375 0.1536747109375 0.430614765625 0.184137572265625 0.4892789375 0.152125931640625 0.46604968359375 0.09583740234375
0 0.534468591796875 0.166049267578125 0.498314658203125 0.1857700703125 0.4689093203125 0.224306478515625 0.4964594921875 0.2614144453125 0.558757400390625 0.222392736328125 0.534468591796875 0.166049267578125
0 0.583055365234375 0.27591988671875 0.605147158203125 0.259538642578125 0.58653794140625 0.2188255703125 0.549194515625 0.242240427734375 0.5230331015625 0.28501374609375 0.55000684375 0.318336095703125 0.583055365234375 0.27591988671875
0 0.614992296875 0.3098125625 0.634546830078125 0.295177625 0.615668291015625 0.2588322734375 0.58211658984375 0.27493227734375 0.55279511328125 0.317854716796875 0.580066228515625 0.350253552734375 0.614992296875 0.3098125625
0 0.5814517890625 0.36472236328125 0.6159165390625 0.39373847265625 0.6483700234375 0.347222701171875 0.67325924609375 0.3275437578125 0.647149572265625 0.28800666015625 0.62636805078125 0.2997611796875 0.595066271484375 0.3300618359375 0.5814517890625 0.36472236328125
0 0.69257221484375 0.314774158203125 0.649280748046875 0.34476610546875 0.61345369140625 0.396740544921875 0.6477332734375 0.440456998046875 0.720439818359375 0.3810055 0.69257221484375 0.314774158203125
0 0.811645951171875 0.447064453125 0.77704551953125 0.47458312890625 0.73421146484375 0.5352302890625 0.7817472265625 0.59053523828125 0.85316872265625 0.507071640625 0.811645951171875 0.447064453125
0 0.871574869140625 0.5064832578125 0.829358033203125 0.540935203125 0.78629471484375 0.597713533203125 0.828138099609375 0.655808875 0.907783013671875 0.56467209765625 0.871574869140625 0.5064832578125
0 0.924001298828125 0.56011332421875 0.875290740234375 0.605799390625 0.83430100390625 0.67194190234375 0.88159657421875 0.734176896484375 0.97169826171875 0.63278287890625 0.924001298828125 0.56011332421875
0 1 0.654753033203125 0.990311103515625 0.643004654296875 0.910322650390625 0.735666396484375 0.97040112890625 0.80859226171875 1 0.762009603515625 1 0.654753033203125
0 0.5361438125 0.358484001953125 0.482602478515625 0.388164673828125 0.447542619140625 0.430563384765625 0.468149552734375 0.48807865625 0.5610958203125 0.43127704296875 0.5361438125 0.358484001953125
0 0.586701634765625 0.448127611328125 0.52810419140625 0.490717025390625 0.499218875 0.53908057421875 0.528849740234375 0.59706375390625 0.623751083984375 0.528603771484375 0.586701634765625 0.448127611328125
1 0.940189212890625 1 0.88323835546875 0.9239037265625 0.8289455078125 1 0.940189212890625 1
1 0.828892744140625 1 0.884087482421875 0.923427859375 0.815703205078125 0.830459708984375 0.747790689453125 0.913241234375 0.803479328125 1 0.828892744140625 1
1 0.74691066015625 0.913195603515625 0.815996548828125 0.83047491796875 0.755239681640625 0.74778030859375 0.6866472890625 0.819088845703125 0.74691066015625 0.913195603515625
1 0.755888177734375 0.748853728515625 0.699470138671875 0.67522234375 0.637392625 0.73803044140625 0.688438251953125 0.819701607421875 0.755888177734375 0.748853728515625
1 0.636250154296875 0.738491099609375 0.70076712890625 0.67736918359375 0.652964455078125 0.61094318359375 0.588786939453125 0.6679235234375 0.636250154296875 0.738491099609375
1 0.590547001953125 0.668014787109375 0.652146232421875 0.611940552734375 0.610643080078125 0.55311975390625 0.54961484375 0.604024625 0.590547001953125 0.668014787109375
1 0.732468580078125 0.521014021484375 0.785807720703125 0.463232294921875 0.758935703125 0.43761994921875 0.705036708984375 0.485954150390625 0.732468580078125 0.521014021484375
1 0.70423754296875 0.48523996484375 0.754101345703125 0.445442271484375 0.71616035546875 0.3990734921875 0.66481819140625 0.43946727734375 0.70423754296875 0.48523996484375
1 0.499242853515625 0.531794318359375 0.54750769921875 0.47778598046875 0.53597916015625 0.45566021875 0.481140724609375 0.49452721484375 0.499242853515625 0.531794318359375
1 0.52184567578125 0.274630494140625 0.5595626640625 0.23420296875 0.552490142578125 0.22979975 0.5065815546875 0.25971128125 0.52184567578125 0.274630494140625
1 0.438716697265625 0.431130748046875 0.487533236328125 0.384504828125 0.476668384765625 0.371652177734375 0.423415732421875 0.406231455078125 0.438716697265625 0.431130748046875
1 0.423682427734375 0.40624528515625 0.47725796484375 0.372628076171875 0.4493095859375 0.33620169921875 0.3963936484375 0.367489783203125 0.423682427734375 0.40624528515625
1 0.39623933984375 0.36937244140625 0.44936577734375 0.337149943359375 0.4264283828125 0.300038064453125 0.3690629453125 0.33251342578125 0.39623933984375 0.36937244140625
1 0.45880584765625 0.20482058984375 0.50470390625 0.180731255859375 0.48468675 0.1570054140625 0.437750015625 0.181513556640625 0.45880584765625 0.20482058984375
1 0.08139062890625 0.280617421875 0.147174525390625 0.25136702734375 0.131508640625 0.21952638671875 0.07281731640625 0.248328005859375 0.08139062890625 0.280617421875
1 0.0962444765625 0.318131703125 0.1631193046875 0.28403866796875 0.147562439453125 0.250162341796875 0.0816695234375 0.281448416015625 0.0962444765625 0.318131703125
1 0.096402029296875 0.3169150703125 0.101446404296875 0.33228253125 0.13846015625 0.30970570703125 0.178094115234375 0.3158434765625 0.16258578515625 0.282786201171875 0.096402029296875 0.3169150703125
0 0.1796779296875 0.344045240234375 0.17002316015625 0.312616857421875 0.135973615234375 0.309884833984375 0.09761037109375 0.32915846875 0.1057346328125 0.365339953125 0.153157796875 0.34299228515625 0.1796779296875 0.344045240234375
0 0.112700462890625 0.38503099609375 0.1851695078125 0.344974318359375 0.154918107421875 0.3421170703125 0.1084706953125 0.36258234375 0.112700462890625 0.38503099609375