0 0.10846140625 0.995528337890625 0.12667719921875 0.900050328125 0.06341998828125 0.9026481484375 0.02222222265625 1 0.10846140625 0.995528337890625
0 0.986768380859375 0.52732386328125 0.962263677734375 0.27072999609375 0.887003486328125 0.26849274609375 0.905360482421875 0.524723203125 0.986768380859375 0.52732386328125
0 0.618652697265625 0.521852822265625 0.630939591796875 0.332251541015625 0.580623228515625 0.330085267578125 0.560610060546875 0.51735844921875 0.618652697265625 0.521852822265625
0 0.551567365234375 0.507594609375 0.56667826953125 0.306931998046875 0.513482060546875 0.296046697265625 0.4860255859375 0.510993072265625 0.551567365234375 0.507594609375
0 0.479782294921875 0.523596060546875 0.496991330078125 0.331010830078125 0.4411726953125 0.322990232421875 0.4126316640625 0.5236670390625 0.479782294921875 0.523596060546875
0 0.408405115234375 0.506149482421875 0.43124229296875 0.3078149765625 0.376265935546875 0.303161607421875 0.343034630859375 0.499988525390625 0.408405115234375 0.506149482421875
0 0.318899015625 0.294539109375 0.28977123046875 0.3997409765625 0.281033271484375 0.5072965 0.338712498046875 0.495437369140625 0.371555787109375 0.315685099609375 0.318899015625 0.294539109375
0 0.255303947265625 0.2992009921875 0.233095169921875 0.38767175 0.22029249609375 0.50225984765625 0.27686729296875 0.49250452734375 0.308177439453125 0.31283175390625 0.255303947265625 0.2992009921875
0 0.16909694140625 0.40872688671875 0.18682837890625 0.377791505859375 0.207490767578125 0.392410291015625 0.259106515625 0.2976394609375 0.2199044765625 0.243051123046875 0.173891318359375 0.31365510546875 0.14971027734375 0.382444875 0.16909694140625 0.40872688671875
0 0.06027137109375 0.53648012109375 0.092150294921875 0.572347107421875 0.113896291015625 0.549389740234375 0.11718402734375 0.5246607421875 0.138066921875 0.46286380078125 0.160740376953125 0.412571095703125 0.1377981484375 0.381698177734375 0.088688423828125 0.45109836328125 0.06027137109375 0.53648012109375
0 0.134322083984375 0.587897130859375 0.162412634765625 0.57416132421875 0.232974978515625 0.43406630078125 0.208655763671875 0.393032064453125 0.19083252734375 0.36803334765625 0.138313927734375 0.456711361328125 0.10786972265625 0.55447749609375 0.134322083984375 0.587897130859375
0 0.376608005859375 0.05369456640625 0.3543401796875 0.145476908203125 0.357181111328125 0.212550154296875 0.401183044921875 0.2024661875 0.421475875 0.08257762890625 0.376608005859375 0.05369456640625
0 0.495370017578125 0.065542041015625 0.47847348046875 0.049613021484375 0.450311474609375 0.04327088671875 0.432902041015625 0.125798556640625 0.43025927734375 0.21956421875 0.477997216796875 0.2104868984375 0.495370017578125 0.065542041015625
0 0.65581592578125 0.206068138671875 0.659411216796875 0.033629044921875 0.61248508984375 0.033661517578125 0.603534328125 0.208178853515625 0.65581592578125 0.206068138671875
0 0.78985417578125 0.191315623046875 0.78497913671875 0.0175151796875 0.735705828125 0.018269541015625 0.732878220703125 0.19487011328125 0.78985417578125 0.191315623046875
0 0.859794998046875 0.17868630859375 0.853890828125 0.0193436328125 0.801595908203125 0.020854853515625 0.80289897265625 0.185837755859375 0.859794998046875 0.17868630859375
0 0.952067755859375 0.183504728515625 0.931614228515625 0.007511142578125 0.871075453125 0.01785239453125 0.8831252578125 0.195482095703125 0.952067755859375 0.183504728515625
0 0.939367234375 0 0.96409674609375 0.193084126953125 1 0.190700533203125 1 0 0.939367234375 0
1 0.536752515625 0.20020377734375 0.54619482421875 0.1030790234375 0.49089383984375 0.10535724609375 0.478114716796875 0.201476541015625 0.536752515625 0.20020377734375
1 0.5966884140625 0.19768523046875 0.6050590546875 0.097080611328125 0.549466240234375 0.1011416796875 0.5380375390625 0.198369431640625 0.5966884140625 0.19768523046875
1 0.728892197265625 0.18081316015625 0.728071482421875 0.0842205625 0.669486 0.087847568359375 0.66582875 0.191743220703125 0.728892197265625 0.18081316015625
1 0.895489984375 0.5333781015625 0.88419616015625 0.38311858984375 0.801351357421875 0.383878814453125 0.80813206640625 0.52494451953125 0.895489984375 0.5333781015625
1 0.804054650390625 0.520442029296875 0.79906005859375 0.385176099609375 0.72338098046875 0.380261619140625 0.7223599921875 0.528213482421875 0.804054650390625 0.520442029296875
1 0.717367853515625 0.527293857421875 0.7197785 0.382216130859375 0.648072205078125 0.377095654296875 0.63943671484375 0.52544234375 0.717367853515625 0.527293857421875
1 0.191668294921875 0.988699330078125 0.20795360546875 0.912288609375 0.127968099609375 0.903066583984375 0.106779861328125 0.99426351171875 0.191668294921875 0.988699330078125
1 0.280828248046875 0.984076220703125 0.292550125 0.9230153828125 0.21057925390625 0.912733744140625 0.19463344140625 0.989708140625 0.280828248046875 0.984076220703125
1 0.3769024765625 0.981609171875 0.38371721484375 0.935145294921875 0.296129748046875 0.9222484921875 0.28480318359375 0.98638469140625 0.3769024765625 0.981609171875
1 1 0.39423372265625 0.977164560546875 0.39448430859375 0.99181503515625 0.534197720703125 1 0.534020982421875 1 0.39423372265625