1 0.10969613671875 0.9976872421875 0.121354662109375 0.943987361328125 0.03921504296875 0.9336242265625 0.01907758984375 1 0.10969613671875 0.9976872421875
1 0.201904482421875 0.999571447265625 0.21144327734375 0.958118908203125 0.125594126953125 0.94492946484375 0.1118158671875 0.999571447265625 0.201904482421875 0.999571447265625
1 0.299942091796875 1 0.304181556640625 0.966597837890625 0.214622875 0.9571768046875 0.205084080078125 1 0.299942091796875 1
1 0.64925864453125 0.567500150390625 0.65084996484375 0.42604946484375 0.5827414609375 0.422654646484375 0.572238748046875 0.561842123046875 0.64925864453125 0.567500150390625
1 0.730734240234375 0.56467113671875 0.72818812890625 0.427746873046875 0.657851775390625 0.424917857421875 0.653077814453125 0.567500150390625 0.730734240234375 0.56467113671875
1 0.81666553125 0.57768459765625 0.8090271953125 0.433404900390625 0.73423514453125 0.426615267578125 0.734871671875 0.564105333984375 0.81666553125 0.57768459765625
1 0.9092803671875 0.58504003515625 0.96847748046875 0.585605837890625 0.987573322265625 0.533551984375 0.97293317578125 0.439062927734375 0.895595013671875 0.43962873046875 0.9092803671875 0.58504003515625
1 1 0.228584306640625 0.98025325 0.11881857421875 0.94015198046875 0.117686970703125 0.957656501953125 0.23028171484375 1 0.228584306640625
1 0.665808375 0.23028171484375 0.66835448828125 0.13070043359375 0.61170348828125 0.1318320390625 0.605019943359375 0.2359397421875 0.665808375 0.23028171484375
1 0.53659317578125 0.229150109375 0.546141095703125 0.134661052734375 0.490126625 0.132397841796875 0.477077798828125 0.229715912109375 0.53659317578125 0.229150109375
1 0.477077798828125 0.23028171484375 0.48949009765625 0.132397841796875 0.4350669453125 0.129568828125 0.418198951171875 0.227452701171875 0.477077798828125 0.23028171484375
0 0.292085837890625 0.1591692109375 0.292318390625 0.230691998046875 0.341619501953125 0.2244906015625 0.365107296875 0.099635791015625 0.31580618359375 0.08351215625 0.292085837890625 0.1591692109375
0 0.389292748046875 0.06945565625 0.372316421875 0.153794666015625 0.36789792578125 0.243094794921875 0.4146409609375 0.238547103515625 0.43743109765625 0.10252977734375 0.4195245625 0.075243626953125 0.389292748046875 0.06945565625
0 0.54231223828125 0.24433507421875 0.54231223828125 0.24516192578125 0.5955667421875 0.24516192578125 0.601380552734375 0.075243626953125 0.555800279296875 0.071522787109375 0.54231223828125 0.24433507421875
0 0.722307810546875 0.2426813671875 0.72161015234375 0.061187125 0.67440201171875 0.058293138671875 0.67254159375 0.2447485 0.722307810546875 0.2426813671875
0 0.79300374609375 0.23317255859375 0.788352697265625 0.07896446484375 0.73695861328125 0.077310759765625 0.73695861328125 0.238547103515625 0.79300374609375 0.23317255859375
0 0.87625751171875 0.2426813671875 0.86183926171875 0.073176494140625 0.8020732890625 0.072763068359375 0.8118404921875 0.245575353515625 0.87625751171875 0.2426813671875
0 0.95509278125 0.24846933984375 0.9311398828125 0.053332021484375 0.87509475 0.05663943359375 0.891605970703125 0.25839157421875 0.95509278125 0.24846933984375
0 0.907924046875 0.586001478515625 0.88675160546875 0.33211670703125 0.814101076171875 0.325474373046875 0.82738574609375 0.59116773828125 0.907924046875 0.586001478515625
0 0.54674712890625 0.5653364375 0.566674130859375 0.368280525390625 0.51229001953125 0.360900154296875 0.494853892578125 0.560170177734375 0.54674712890625 0.5653364375
0 0.483644953125 0.546885509765625 0.50606283203125 0.33506885546875 0.4471121171875 0.32916455859375 0.419297341796875 0.5387671015625 0.483644953125 0.546885509765625
0 0.4051823828125 0.5564799921875 0.435903177734375 0.351305671875 0.374876732421875 0.34392530078125 0.3491376875 0.5446713984375 0.4051823828125 0.5564799921875
0 0.34208020703125 0.535076916015625 0.3669889609375 0.3306406328125 0.306377662109375 0.321046150390625 0.276487158203125 0.529172619140625 0.34208020703125 0.535076916015625
0 0.222518193359375 0.41551490234375 0.2042517734375 0.5151499140625 0.26486307421875 0.5269585078125 0.305132224609375 0.338021001953125 0.25074811328125 0.3092375546875 0.222518193359375 0.41551490234375
0 0.1610766015625 0.40444434375 0.143225330078125 0.51957813671875 0.20259119140625 0.515887951171875 0.24078461328125 0.3328547421875 0.1880610859375 0.3092375546875 0.1610766015625 0.40444434375
0 0.19221254296875 0.312189705078125 0.1523585390625 0.2501945859375 0.098804720703125 0.328426521484375 0.07182023828125 0.400016123046875 0.08967151171875 0.419943125 0.11374997265625 0.388945564453125 0.133261828125 0.402230232421875 0.19221254296875 0.312189705078125
0 0.1560948515625 0.43913208984375 0.11624084765625 0.3837793046875 0.05645983984375 0.4760339453125 0.022417876953125 0.5741928828125 0.0572901328125 0.60888062890625 0.09257753125 0.582311291015625 0.15443426953125 0.454630869140625 0.1560948515625 0.43913208984375
0 0 0.58083521875 0.03238137890625 0.56459840234375 0.03362681640625 0.542457287109375 0.058120423828125 0.472343759765625 0.08510490625 0.42732349609375 0.0597810078125 0.388945564453125 0 0.47898609375 0 0.58083521875