0 0.181640625 0.1298828125 0.0927734375 0.2578125
0 0.159299029296875 0.962697021484375 0.254317654296875 0.9812279453125 0.2751437109375 0.661568255859375 0.203776001953125 0.65740740234375 0.159299029296875 0.962697021484375
0 0.5166015625 0.8271484375 0.08203125 0.345703125
0 0.625 0.828125 0.0888671875 0.3427734375
0 0.7197265625 0.8046875 0.083984375 0.34375
0 0.8134765625 0.814453125 0.0947265625 0.29296875
1 0.297271314453125 0.25851908203125 0.30898594921875 0.0639436171875 0.240885376953125 0.046296291015625 0.220475416015625 0.25851908203125 0.297271314453125 0.25851908203125
1 0.2946681015625 0.25388640234375 0.371464001953125 0.26083552734375 0.38187708984375 0.11027114453125 0.313151001953125 0.1053240703125 0.2946681015625 0.25388640234375
1 0.45737132421875 0.1149039296875 0.384480302734375 0.117220267578125 0.387369751953125 0.254629625 0.45737132421875 0.25851908203125 0.45737132421875 0.1149039296875
1 0.494140625 0.1982421875 0.0693359375 0.158203125
1 0.572265625 0.193359375 0.080078125 0.1484375
1 0.6494140625 0.2041015625 0.0712890625 0.1552734375
1 0.688151001953125 0.13310184765625 0.68645759375 0.13575130078125 0.687759140625 0.281682896484375 0.768460037109375 0.286315576171875 0.7528405234375 0.133434853515625 0.688151001953125 0.13310184765625
1 0.825731544921875 0.138067638671875 0.755443736328125 0.13575130078125 0.765856705078125 0.286315576171875 0.844401001953125 0.28935184765625 0.825731544921875 0.138067638671875
1 0.893416140625 0.14501676171875 0.825731544921875 0.142700423828125 0.846354126953125 0.285879625 0.919448623046875 0.29558114453125 0.893416140625 0.14501676171875
1 0.968910375 0.149649546875 0.89732101953125 0.149649546875 0.922526001953125 0.296296291015625 0.9936414296875 0.297897484375 0.968910375 0.149649546875
1 0.853065693359375 0.816765421875 0.932464923828125 0.8190818671875 0.91814695703125 0.703262998046875 0.832682251953125 0.6990740703125 0.853065693359375 0.816765421875
1 0.38694092578125 0.6851376796875 0.37276566796875 0.955747896484375 0.46908595703125 0.953431451171875 0.474292501953125 0.682415626953125 0.38694092578125 0.6851376796875
1 0.291996923828125 0.678344171875 0.25952419921875 0.946482328125 0.370162455078125 0.946482328125 0.38187708984375 0.682415626953125 0.291996923828125 0.678344171875
1 0.135869759765625 0.244620833984375 0.1527908203125 0.04541269140625 0.08250301171875 0.04541269140625 0.052565650390625 0.226089908203125 0.057291626953125 0.2303240703125 0.135869759765625 0.244620833984375
1 0.072090041015625 0.04541269140625 0.0031038984375 0.04772903125 0 0.223773462890625 0.046057560546875 0.228406248046875 0.072090041015625 0.04541269140625