0 0.01737071875 0.153614556640625 0.0075718515625 0.2533848359375 0.062356423828125 0.2518011796875 0.093089234375 0.095019314453125 0.038750064453125 0.07601544921875 0.01737071875 0.153614556640625
0 0.0832903671875 0.152822728515625 0.07304609765625 0.24705021484375 0.127830669921875 0.24705021484375 0.155445658203125 0.106104900390625 0.1006610859375 0.0831418984375 0.0832903671875 0.152822728515625
0 0.1999859609375 0.254968490234375 0.22314691796875 0.106896728515625 0.1674715390625 0.087101037109375 0.13852034375 0.25813580078125 0.1999859609375 0.254968490234375
0 0.2325003828125 0.072848140625 0.2195836953125 0.159949177734375 0.21023023046875 0.26526225 0.268132625 0.26526225 0.2886211640625 0.097394794921875 0.268132625 0.080766416015625 0.2325003828125 0.072848140625
0 0.0832903671875 0.425211427734375 0.059684005859375 0.57249136328125 0.138074939453125 0.578825982421875 0.17727040625 0.352363287109375 0.1082329375 0.33256759765625 0.0832903671875 0.425211427734375
0 0.2325003828125 0.4719292578125 0.221810708984375 0.59466253515625 0.289511970703125 0.603372640625 0.3144545390625 0.372158978515625 0.248534890625 0.352363287109375 0.2325003828125 0.4719292578125
0 0.46470737890625 0.269262546875 0.466584984375 0.10013896484375 0.41870604296875 0.09123772265625 0.4115085546875 0.270931529296875 0.46470737890625 0.269262546875
0 0.53104944140625 0.271487857421875 0.530110640625 0.11182184375 0.48285756640625 0.104589583984375 0.482231697265625 0.272044185546875 0.53104944140625 0.271487857421875
0 0.60145965234375 0.287065029296875 0.592071623046875 0.101251619140625 0.5435668125 0.09902630859375 0.54544441796875 0.286508701171875 0.60145965234375 0.287065029296875
0 0.672182794921875 0.2625866171875 0.65872662109375 0.1196104296875 0.60897007421875 0.1190541015625 0.6183581015625 0.267037236328125 0.672182794921875 0.2625866171875
0 1 0.13184963671875 0.967905671875 0.172461548828125 1 0.271487857421875 1 0.13184963671875
1 0.9884354296875 0.252726900390625 0.96145028125 0.16024171484375 0.9016378359375 0.155295982421875 0.92806658984375 0.254210619140625 0.9884354296875 0.252726900390625
1 0.927788392578125 0.2512431796875 0.90330701953125 0.15776884765625 0.844050970703125 0.154801408203125 0.866306763671875 0.253716044921875 0.927788392578125 0.2512431796875
1 0.865193974609375 0.252232326171875 0.842659982421875 0.1557905546875 0.78368212890625 0.153317689453125 0.80120856640625 0.253716044921875 0.865193974609375 0.252232326171875
1 0.80093037109375 0.2512431796875 0.78340393359375 0.151339396484375 0.7222005 0.1478773828125 0.73722316015625 0.2512431796875 0.80093037109375 0.2512431796875
1 0.737501359375 0.2482757421875 0.72164410546875 0.15183396875 0.661275265625 0.14886653125 0.67212496484375 0.25025403515625 0.737501359375 0.2482757421875
1 0.41117578515625 0.246792021484375 0.41618333984375 0.147382810546875 0.3569272890625 0.143920798828125 0.34719037890625 0.245802875 0.41117578515625 0.246792021484375
1 0.346355787109375 0.245308302734375 0.35553630078125 0.145404517578125 0.294889263671875 0.139964212890625 0.2807011953125 0.24234086328125 0.346355787109375 0.245308302734375
1 0 0.5692537421875 0.055917681640625 0.57271575390625 0.080677251953125 0.440170138671875 0.0216993984375 0.43423526171875 0 0.52177471484375 0 0.5692537421875
1 0.218384974609375 0.579145205078125 0.235355015625 0.4456104453125 0.17164780859375 0.43720269921875 0.146331841796875 0.57667233984375 0.218384974609375 0.579145205078125
1 0.38641621484375 0.5816180703125 0.3950403359375 0.439675564453125 0.321596216796875 0.436213552734375 0.3074081484375 0.581123498046875 0.38641621484375 0.5816180703125
1 0.466258875 0.58211264453125 0.469319046875 0.440170138671875 0.396153125 0.439675564453125 0.38836359765625 0.583101791015625 0.466258875 0.58211264453125
1 0.5435977578125 0.58260721875 0.540259388671875 0.440170138671875 0.470710033203125 0.440664712890625 0.467649861328125 0.5816180703125 0.5435977578125 0.58260721875
1 0.622884021484375 0.58359636328125 0.613147111328125 0.440664712890625 0.541650375 0.440664712890625 0.5458233359375 0.58260721875 0.622884021484375 0.58359636328125
1 0.702448484375 0.5840909375 0.68547844140625 0.440170138671875 0.61342530859375 0.440170138671875 0.6239968125 0.58260721875 0.702448484375 0.5840909375
1 0.781178353515625 0.58606923046875 0.75864436328125 0.4376972734375 0.6860348359375 0.4376972734375 0.703839470703125 0.584585509765625 0.781178353515625 0.58606923046875
1 0.8604646171875 0.588047521484375 0.83097569140625 0.440170138671875 0.758087966796875 0.438686419921875 0.782847537109375 0.588542095703125 0.8604646171875 0.588047521484375
1 0.9378035 0.58755294921875 0.902472427734375 0.4376972734375 0.831253888671875 0.438686419921875 0.86102101171875 0.588047521484375 0.9378035 0.58755294921875
1 0.938638091796875 0.5910149609375 1 0.5895312421875 0.999841525390625 0.54501965625 0.972578177734375 0.4376972734375 0.902750625 0.43720269921875 0.938638091796875 0.5910149609375