0 0.77662190234375 0.377516177734375 0.792622115234375 0.076263328125 0.718514046875 0.07575201171875 0.70180643359375 0.37486455859375 0.77662190234375 0.377516177734375
0 0.66537910546875 0.368045462890625 0.6600472109375 0.06898721484375 0.59084267578125 0.0823720078125 0.591833638671875 0.366416482421875 0.66537910546875 0.368045462890625
0 0.577204486328125 0.35411315234375 0.578592138671875 0.054706482421875 0.498471923828125 0.056683884765625 0.502726880859375 0.3590634453125 0.577204486328125 0.35411315234375
0 0.4834038515625 0.3513574609375 0.460235984375 0.0229472578125 0.375936228515625 0.027318357421875 0.407665154296875 0.3554855859375 0.4834038515625 0.3513574609375
1 0.401310775390625 0.353482181640625 0.388140583984375 0.130634802734375 0.292103572265625 0.100778611328125 0.313577876953125 0.351257650390625 0.401310775390625 0.353482181640625
1 0.287544556640625 0.0961766875 0.191165619140625 0.0953681328125 0.22007112109375 0.3415911953125 0.308647435546875 0.350545640625 0.30797565234375 0.34767748046875 0.287544556640625 0.0961766875
1 0.215640830078125 0.339885587890625 0.18712150390625 0.10235147265625 0.09421546484375 0.106201158203125 0.125364271484375 0.341663603515625 0.215640830078125 0.339885587890625
1 0.12190612109375 0.34958422265625 0.105080671875 0.215951421875 0.016233498046875 0.225396630859375 0.036345462890625 0.347247056640625 0.12190612109375 0.34958422265625
1 0.15401098046875 0.937226623046875 0.12770948046875 0.7740876015625 0.048665533203125 0.771412533203125 0.081397923828125 0.932282771484375 0.15401098046875 0.937226623046875
1 0.231297025390625 0.9370898515625 0.208039341796875 0.7689546875 0.130924927734375 0.772953212890625 0.158726880859375 0.933111439453125 0.231297025390625 0.9370898515625
1 0.3084972578125 0.935022205078125 0.2909705234375 0.7733635234375 0.2109691796875 0.773641087890625 0.23442665625 0.934024583984375 0.3084972578125 0.935022205078125
1 0.386440337890625 0.92517473046875 0.37503073046875 0.778681482421875 0.29715871484375 0.777880970703125 0.313384791015625 0.934768779296875 0.386440337890625 0.92517473046875
1 0.46348368359375 0.93182419140625 0.45698976953125 0.77346408984375 0.37531633984375 0.77286069140625 0.38904166015625 0.934716482421875 0.46348368359375 0.93182419140625
1 0.54089845703125 0.934583736328125 0.537448353515625 0.771227490234375 0.455274775390625 0.771617689453125 0.46665622265625 0.929724359375 0.54089845703125 0.934583736328125
1 0.61805577734375 0.931550650390625 0.61673500390625 0.767116330078125 0.536905294921875 0.7712556484375 0.542398908203125 0.931602943359375 0.61805577734375 0.931550650390625
1 0.694841673828125 0.932407474609375 0.69812282421875 0.773540521484375 0.6180356640625 0.77188720703125 0.621142498046875 0.927519943359375 0.694841673828125 0.932407474609375
1 0.85007080078125 0.92242323046875 0.86001213671875 0.77869355078125 0.786898931640625 0.774743298828125 0.78230237109375 0.916260513671875 0.85007080078125 0.92242323046875
1 1 0.779878228515625 0.9523751171875 0.774872021484375 0.94171908984375 0.914768107421875 1 0.925631560546875 1 0.779878228515625
0 0.938547892578125 0.953639080078125 0.952203484375 0.771010267578125 0.869858271484375 0.767538708984375 0.85274453125 0.95808814453125 0.938547892578125 0.953639080078125
0 0.77780235546875 0.96197403515625 0.785954947265625 0.753503646484375 0.713685158203125 0.7562833046875 0.70720465234375 0.96563465625 0.77780235546875 0.96197403515625