1 0.58030663671875 1 0.5705713671875 0.953397853515625 0.488456498046875 0.978982326171875 0.49268922265625 1 0.58030663671875 1
1 0.67131023046875 1 0.651416419921875 0.91652611328125 0.57607391015625 0.949635431640625 0.5849626328125 1 0.67131023046875 1
1 0.748345830078125 1 0.755964734375 0.991774564453125 0.726335658203125 0.884921765625 0.655649146484375 0.91276369140625 0.6763895 1 0.748345830078125 1
1 0.82665124609375 0.955655306640625 0.798715259765625 0.85858480859375 0.73099165625 0.88115934375 0.76189055078125 0.992527046875 0.82665124609375 0.955655306640625
1 0.919771203125 1 0.864745775390625 0.8337528203125 0.80379453125 0.85406990234375 0.847814873046875 1 0.919771203125 1
1 0.924427201171875 0.999299408203125 0.9921508046875 0.986507171875 0.9269668359375 0.80741586328125 0.9269668359375 0.806663376953125 0.867708681640625 0.826227974609375 0.924427201171875 0.999299408203125
1 0.79448253515625 0.488362435546875 0.749192375 0.36420249609375 0.69586003515625 0.376242248046875 0.74030365234375 0.501154673828125 0.79448253515625 0.488362435546875
1 0.73607092578125 0.503412126953125 0.69459021875 0.377747216796875 0.64125787890625 0.386024544921875 0.678929134765625 0.51394691015625 0.73607092578125 0.503412126953125
1 0.6759662265625 0.51620436328125 0.636178609375 0.384519576171875 0.57946008984375 0.39881678125 0.615438255859375 0.530501568359375 0.6759662265625 0.51620436328125
1 0.61120553125 0.529749083984375 0.57649718359375 0.399569267578125 0.5168157578125 0.409351564453125 0.54686810546875 0.5447987734375 0.61120553125 0.529749083984375
1 0.5455982890625 0.5440462890625 0.51469939453125 0.408599080078125 0.451631787109375 0.41913386328125 0.47618159375 0.56060094921875 0.5455982890625 0.5440462890625
1 0.475335048828125 0.56135343359375 0.448245607421875 0.42063883203125 0.38221509375 0.42891616015625 0.40210890234375 0.574145669921875 0.475335048828125 0.56135343359375
1 0.400839083984375 0.577155607421875 0.37967545703125 0.431173615234375 0.30771912890625 0.4402034296875 0.32168712109375 0.593710265625 0.400839083984375 0.577155607421875
1 0.31830094140625 0.593710265625 0.304756220703125 0.4484807578125 0.22772062109375 0.455253119140625 0.239148978515625 0.61176989453125 0.31830094140625 0.593710265625
1 0.231953345703125 0.608759955078125 0.2256042578125 0.461272994140625 0.14391266015625 0.46955032421875 0.14560575 0.632086974609375 0.231953345703125 0.608759955078125
1 0.1384101171875 0.635096912109375 0.138833388671875 0.477075169921875 0.053332337890625 0.484600013671875 0.0503694296875 0.652404056640625 0.1384101171875 0.635096912109375
1 0.06772360546875 0.27540932421875 0.07407269140625 0.17006149609375 0.0004232734375 0.16705155859375 0.0004232734375 0.284439138671875 0.06772360546875 0.27540932421875
1 0.144335931640625 0.264122056640625 0.1451824765625 0.161031681640625 0.0761890546875 0.16554658984375 0.07068651171875 0.27390435546875 0.144335931640625 0.264122056640625
1 0.483746830078125 0.235421044921875 0.464932443359375 0.14150991796875 0.40993654296875 0.14343959765625 0.42585641015625 0.2399236328125 0.483746830078125 0.235421044921875
1 0.54308451171875 0.229632001953125 0.52065197265625 0.140866689453125 0.468188779296875 0.138937009765625 0.487003166015625 0.236064271484375 0.54308451171875 0.229632001953125
1 0.59590951953125 0.2238429609375 0.573838796875 0.138293783203125 0.52065197265625 0.138293783203125 0.543808140625 0.228345548828125 0.59590951953125 0.2238429609375
1 0.648734529296875 0.21676746484375 0.6241311015625 0.1325047421875 0.573838796875 0.13314796875 0.598804041015625 0.2238429609375 0.648734529296875 0.21676746484375
1 0.6993886484375 0.213551330078125 0.6704434375 0.12735892578125 0.623407470703125 0.129288607421875 0.65162905078125 0.220626826171875 0.6993886484375 0.213551330078125
1 0.79671691796875 0.20969196875 0.759811775390625 0.115780841796875 0.73339926953125 0.119640203125 0.7616208515625 0.21676746484375 0.79671691796875 0.20969196875
0 0.86709841015625 0.09354799609375 0.843965619140625 0.078182625 0.816765521484375 0.087221080078125 0.853117052734375 0.157269095703125 0.847778716796875 0.19794213671875 0.8673526171875 0.20291328515625 0.89226485546875 0.20020175 0.898874224609375 0.15410563671875 0.86709841015625 0.09354799609375
0 0.7722793828125 0.10394221875 0.813460837890625 0.216019044921875 0.84421982421875 0.208336357421875 0.851337607421875 0.193874833984375 0.853879671875 0.15862486328125 0.81066456640625 0.07592301171875 0.7722793828125 0.10394221875
0 0.6972884609375 0.104846064453125 0.6784771796875 0.1346729609375 0.713811884765625 0.2566920859375 0.76261953515625 0.24946132421875 0.758043818359375 0.216019044921875 0.742791427734375 0.1527498671875 0.719658634765625 0.09354799609375 0.6972884609375 0.104846064453125
0 0.425287494140625 0.26030746875 0.40190049609375 0.116596052734375 0.3513133984375 0.118403744140625 0.374191984375 0.270701689453125 0.425287494140625 0.26030746875
0 0.356397529296875 0.28516321484375 0.337077833984375 0.101682603515625 0.283694466796875 0.109365291015625 0.2984384453125 0.290134365234375 0.356397529296875 0.28516321484375
0 0.283440259765625 0.28109591015625 0.272255173828125 0.112076826171875 0.21938021875 0.1089133671875 0.22548117578125 0.286518982421875 0.283440259765625 0.28109591015625
0 0.207178306640625 0.281547833984375 0.201839970703125 0.0998749140625 0.144643505859375 0.101230681640625 0.14667715625 0.285615138671875 0.207178306640625 0.281547833984375
0 0 0.41025719921875 0.00038915625 0.677304888671875 0.031132501953125 0.679380388671875 0.04202887890625 0.488434373046875 0.032299970703125 0.435163201171875 0 0.41025719921875