0 0.162830796875 0.001206154296875 0.2050960390625 0.24516167578125 0.28912358203125 0.25605631640625 0.24135570703125 0.0017878203125 0.162830796875 0.001206154296875
0 0.292902734375 0.002169650390625 0.321083095703125 0.2443088046875 0.394676333984375 0.243141904296875 0.373836384765625 0.002769158203125 0.292902734375 0.002169650390625
0 0.38973406640625 0.002886919921875 0.410852359375 0.23298951171875 0.486568859375 0.22755825 0.46729548046875 0.003461447265625 0.38973406640625 0.002886919921875
0 0.50005433984375 0.00370410546875 0.509243126953125 0.2354303671875 0.58561266015625 0.23257199609375 0.581951486328125 0.004310751953125 0.50005433984375 0.00370410546875
0 0.109415458984375 0.8198691171875 0.14091040234375 0.931694970703125 0.20985879296875 0.910836912109375 0.161923529296875 0.6659279296875 0.08091296484375 0.6661192890625 0.109415458984375 0.8198691171875
0 0.245306275390625 0.641219611328125 0.286491208984375 0.90507306640625 0.351619029296875 0.8936839453125 0.320186771484375 0.642565716796875 0.245306275390625 0.641219611328125
1 0.172281830078125 0.671992005859375 0.202387888671875 0.821050142578125 0.27064897265625 0.817496638671875 0.24672487890625 0.669837341796875 0.172281830078125 0.671992005859375
1 0.33727952734375 0.668296408203125 0.357981171875 0.81416246484375 0.43399748046875 0.8127740390625 0.417019095703125 0.6623820390625 0.33727952734375 0.668296408203125
1 0.417385185546875 0.66238475 0.433221916015625 0.812117791015625 0.508009794921875 0.808768755859375 0.497471861328125 0.66167698046875 0.417385185546875 0.66238475
1 0.49811726171875 0.660380751953125 0.509927015625 0.81008396484375 0.5832505390625 0.80672408203125 0.576243328125 0.657706947265625 0.49811726171875 0.660380751953125
1 0.583216642578125 0.80347131640625 0.58389594140625 0.805427857421875 0.65793266015625 0.807277283203125 0.654629724609375 0.658938091796875 0.57605079296875 0.66030753515625 0.583216642578125 0.80347131640625
1 0.65581476953125 0.660247876953125 0.65849128515625 0.804679408203125 0.72987860546875 0.805208203125 0.734263537109375 0.656925958984375 0.65581476953125 0.660247876953125
1 0.733208658203125 0.6575686484375 0.730374859375 0.807163388671875 0.80240758203125 0.806395958984375 0.8104723828125 0.652936947265625 0.733208658203125 0.6575686484375
1 0.8121102890625 0.655551091796875 0.8045607265625 0.805761404296875 0.875408404296875 0.803684189453125 0.887953048828125 0.651559369140625 0.8121102890625 0.655551091796875
1 0.889783494140625 0.651572927734375 0.876314134765625 0.80629291015625 0.948626169921875 0.80422654296875 0.964248671875 0.648872005859375 0.889783494140625 0.651572927734375
1 1 0.64759287890625 0.965346939453125 0.648880140625 0.948452615234375 0.801623244140625 1 0.803969845703125 1 0.64759287890625
1 1 0.113726365234375 0.96049558203125 0.109577064453125 0.949230892578125 0.236992248046875 1 0.238894259765625 1 0.113726365234375
1 0.868452716796875 0.101089228515625 0.859818443359375 0.23502892578125 0.9473570625 0.23632786328125 0.95746111328125 0.113457607421875 0.868452716796875 0.101089228515625
1 0.77610830859375 0.005748951171875 0.769475857421875 0.22460217578125 0.8594713359375 0.229822330078125 0.8727557578125 0.006464857421875 0.77610830859375 0.005748951171875
1 0.677264326171875 0.0050167734375 0.679851890625 0.23044332421875 0.768377591796875 0.224594041015625 0.77397739453125 0.006716953125 0.677264326171875 0.0050167734375
1 0.57805425390625 0.0042818828125 0.589192025390625 0.23172328125 0.677506208984375 0.23367846484375 0.677264326171875 0.0050167734375 0.57805425390625 0.0042818828125