0 0.798285423828125 0.936478171875 0.749292482421875 0.83647365234375 0.6840946796875 0.883958759765625 0.699209357421875 0.943817138671875 0.798285423828125 0.936478171875
0 0.8948151796875 0.92711982421875 0.81680173046875 0.785973619140625 0.752872048828125 0.839052208984375 0.795072146484375 0.93671619140625 0.8948151796875 0.92711982421875
0 0.94092858203125 0.92275611328125 0.94335462890625 0.881816572265625 0.8802522890625 0.7319826171875 0.81773221484375 0.779269373046875 0.897361490234375 0.929139203125 0.94092858203125 0.92275611328125
0 0.954525728515625 0.6933042734375 0.940940923828125 0.67061298046875 0.894205140625 0.72147004296875 0.945498576171875 0.8456374453125 0.954525728515625 0.6933042734375
0 0.902596443359375 0.2467160859375 0.85903770703125 0.181879849609375 0.811232662109375 0.23484752734375 0.872906208984375 0.378558806640625 0.932756896484375 0.35305836328125 0.902596443359375 0.2467160859375
0 0.81722835546875 0.31056892578125 0.776778427734375 0.231727791015625 0.72244341796875 0.294902431640625 0.787225017578125 0.440004025390625 0.844545630859375 0.4187423515625 0.81722835546875 0.31056892578125
1 0.870304169921875 0.376320736328125 0.825541998046875 0.285644955078125 0.809060904296875 0.302260935546875 0.84302909375 0.39049518359375 0.870304169921875 0.376320736328125
1 0.96355033984375 0.32565894921875 0.914137578125 0.24424064453125 0.901752833984375 0.253260748046875 0.944611890625 0.337595326171875 0.96355033984375 0.32565894921875
1 0.979575908203125 0.262891232421875 0.955532095703125 0.22253813671875 0.91657119921875 0.2416295625 0.96212875 0.3265745234375 0.976271927734375 0.32633715234375 0.979575908203125 0.262891232421875
1 0.988716958984375 0.070179767578125 0.9481698203125 0.008361537109375 0.94079699609375 0.0097179453125 0.973272384765625 0.076995708984375 0.988716958984375 0.070179767578125
1 0.91766273046875 0.09245874609375 0.8777180625 0.028165072265625 0.86836940625 0.032098650390625 0.90007390234375 0.09700270703125 0.91766273046875 0.09245874609375
1 0.7076555703125 0.175267369140625 0.669807681640625 0.098664306640625 0.626895123046875 0.12291007421875 0.659490703125 0.195850837890625 0.7076555703125 0.175267369140625
1 0.6594424765625 0.196664681640625 0.62790715234375 0.12121456640625 0.59949985546875 0.131421525390625 0.624987486328125 0.208940162109375 0.6594424765625 0.196664681640625
0 0.88954754296875 0 0.875180130859375 0.01583375 0.928895767578125 0.10298430078125 0.9681888203125 0.082832990234375 0.94691684765625 0.00928844140625 0.94066886328125 0 0.88954754296875 0
0 0.83987840625 0 0.814666931640625 0.025857869140625 0.832059248046875 0.059666716796875 0.85393564453125 0.12885631640625 0.896908212890625 0.122594462890625 0.87774213671875 0.0427365234375 0.8541133984375 0 0.83987840625 0
0 0.831107515625 0.052348337890625 0.806208421875 0.016632587890625 0.77513594921875 0.044179583984375 0.81325164453125 0.1374116015625 0.850456837890625 0.129114005859375 0.831107515625 0.052348337890625
0 0.790532890625 0.070747359375 0.763693109375 0.032712408203125 0.72776891796875 0.054461390625 0.74441078515625 0.083399908203125 0.765206318359375 0.1649843671875 0.809772265625 0.149368388671875 0.790532890625 0.070747359375
0 0.749537087890625 0.09040905859375 0.714202716796875 0.032068181640625 0.675293052734375 0.07497346484375 0.6749085234375 0.075617689453125 0.725766671875 0.187609494140625 0.7668538125 0.17225120703125 0.749537087890625 0.09040905859375
0 0.60093563671875 0.131587822265625 0.58152990625 0.084997583984375 0.53734734375 0.12336753125 0.566929513671875 0.24370847265625 0.62176724609375 0.224252923828125 0.60093563671875 0.131587822265625
0 0.571066859375 0.255716798828125 0.526307072265625 0.116796451171875 0.48351660546875 0.143364228515625 0.51855434375 0.276847328125 0.571066859375 0.255716798828125
0 0.51780275 0.2953751953125 0.476376892578125 0.123573681640625 0.4232363984375 0.14536646875 0.456648478515625 0.310372716796875 0.51780275 0.2953751953125
0 0.444248392578125 0.2934347890625 0.420306185546875 0.159745537109375 0.367885005859375 0.18517948046875 0.39244967578125 0.3200541015625 0.4442117421875 0.2940532421875 0.444248392578125 0.2934347890625
1 0.769452568359375 0.433007662109375 0.72625748046875 0.32968465625 0.671457841796875 0.359964845703125 0.713678263671875 0.464179455078125 0.769452568359375 0.433007662109375
1 0.715895458984375 0.465654025390625 0.674381841796875 0.3572900390625 0.615976166015625 0.386198533203125 0.65595462890625 0.49713444921875 0.715895458984375 0.465654025390625
1 0.656003400390625 0.496311431640625 0.6151965859375 0.38379806640625 0.555718701171875 0.415244197265625 0.59355274609375 0.531255388671875 0.656003400390625 0.496311431640625
1 0.592163904296875 0.531358265625 0.554792806640625 0.415312783203125 0.492366919921875 0.442060853515625 0.52554672265625 0.56661085546875 0.592163904296875 0.531358265625
1 0.524669599609375 0.565856421875 0.492366919921875 0.442060853515625 0.4285761953125 0.476284669921875 0.454519158203125 0.6062871640625 0.524669599609375 0.565856421875
1 0.455177193359375 0.60296080078125 0.4282595625 0.47384991015625 0.35762216796875 0.506942076171875 0.378447943359375 0.645517669921875 0.455177193359375 0.60296080078125
1 0.38258246484375 0.3035195546875 0.35939089453125 0.21264469140625 0.299572373046875 0.234283197265625 0.31701348828125 0.328861638671875 0.38258246484375 0.3035195546875
1 0.3164042265625 0.331364984375 0.29869525 0.23352876171875 0.236001501953125 0.25701905859375 0.249446408203125 0.3568099453125 0.3164042265625 0.331364984375
1 0.24774093359375 0.3544780625 0.235075607421875 0.257087642578125 0.166728947265625 0.282635482421875 0.1759585546875 0.38355801953125 0.24774093359375 0.3544780625
1 0.175909783203125 0.384381037109375 0.16677771875 0.28181246484375 0.095434283203125 0.30348526171875 0.099400388671875 0.41544994921875 0.175909783203125 0.384381037109375
1 0.098011546875 0.415552828125 0.09436207421875 0.3060228984375 0.019680462890625 0.329581779296875 0.018578154296875 0.449296552734375 0.098011546875 0.415552828125
1 0.38154226171875 0.64774667578125 0.356014236328125 0.50296416015625 0.28040596875 0.54216037109375 0.2994039609375 0.688246001953125 0.38154226171875 0.64774667578125
1 0.30135329296875 0.686462796875 0.28184358203125 0.541234478515625 0.202263876953125 0.577447251953125 0.21209969921875 0.7381414453125 0.30135329296875 0.686462796875
1 0.211855841796875 0.74225653515625 0.200460857421875 0.57676140625 0.11549609765625 0.618289501953125 0.117290734375 0.790231603515625 0.211855841796875 0.74225653515625
1 0.117924001953125 0.795101123046875 0.11447266015625 0.620004125 0.025024744140625 0.659406091796875 0.024098849609375 0.65947467578125 0.015805421875 0.846093923828125 0.117924001953125 0.795101123046875
0 0 0.5140437109375 0.01833852734375 0.5077753671875 0.0149682890625 0.31340201171875 0 0.31624176953125 0 0.5140437109375