0 0.8513721484375 0.368226837890625 0.81067820703125 0.214595771484375 0.758553380859375 0.2332916171875 0.789645380859375 0.3901741328125 0.8513721484375 0.368226837890625
0 0.7859875 0.373916876953125 0.754895498046875 0.21947294921875 0.697741083984375 0.222724400390625 0.7256324375 0.38854840625 0.7859875 0.373916876953125
0 0.638757728515625 0.4202500546875 0.62046831640625 0.24385883203125 0.572001373046875 0.247923146484375 0.582975021484375 0.423501505859375 0.638757728515625 0.4202500546875
0 0.237305126953125 0.38204550390625 0.25788071484375 0.230040166015625 0.199354595703125 0.21947294921875 0.175578359375 0.37066542578125 0.237305126953125 0.38204550390625
0 0.090532591796875 0.385296955078125 0.129854828125 0.40968283984375 0.166890888671875 0.38854840625 0.18472306640625 0.212157185546875 0.1261969453125 0.196712791015625 0.090532591796875 0.385296955078125
0 0.082759591796875 0.398302759765625 0.12436800390625 0.21784722265625 0.067670826171875 0.198338517578125 0.023776236328125 0.39261271875 0.082759591796875 0.398302759765625
0 0 0.396677033203125 0.014174294921875 0.385296955078125 0.053039296875 0.23898165625 0.000914470703125 0.190209888671875 0 0.396677033203125
1 0.51432705859375 0.3750214140625 0.576888845703125 0.37278581640625 0.57154437109375 0.269389451171875 0.570915609375 0.269389451171875 0.512126392578125 0.267153853515625 0.51432705859375 0.3750214140625
1 0.51558458203125 0.371109119140625 0.511497630859375 0.2710661484375 0.451450890625 0.267712751953125 0.4501933671875 0.3699913203125 0.51558458203125 0.371109119140625
1 0.448621462890625 0.36663792578125 0.4501933671875 0.26827165234375 0.3888891015625 0.25877036328125 0.38323024609375 0.369432419921875 0.448621462890625 0.36663792578125
1 0.3838590078125 0.36663792578125 0.389203482421875 0.26547715625 0.326327314453125 0.257093666015625 0.315009603515625 0.366079025390625 0.3838590078125 0.36663792578125
1 0.315638365234375 0.3649612265625 0.326956076171875 0.2604470625 0.26502305078125 0.25765256640625 0.24616019921875 0.363843427734375 0.315638365234375 0.3649612265625
1 0.600490015625 0.7202931171875 0.586390111328125 0.558098146484375 0.512987671875 0.5566236484375 0.520867029296875 0.7239793671875 0.600490015625 0.7202931171875
1 0.517964107421875 0.7188186171875 0.512158265625 0.559572646484375 0.439999935546875 0.5551491484375 0.437926419921875 0.7202931171875 0.517964107421875 0.7188186171875
1 0.437926419921875 0.7180813671875 0.438341123046875 0.557360896484375 0.36410927734375 0.5529373984375 0.355400513671875 0.7210303671875 0.437926419921875 0.7180813671875
1 0.355400513671875 0.7202931171875 0.36079165234375 0.559572646484375 0.288633322265625 0.5536746484375 0.27080108984375 0.7225048671875 0.355400513671875 0.7202931171875
1 0.268727576171875 0.7225048671875 0.284900994140625 0.561047146484375 0.2073515234375 0.5566236484375 0.184128154296875 0.7202931171875 0.268727576171875 0.7225048671875
1 0.183713451171875 0.7210303671875 0.206522119140625 0.563258896484375 0.1327049765625 0.5551491484375 0.10077283984375 0.7202931171875 0.183713451171875 0.7210303671875
1 0.097869919921875 0.7195558671875 0.1298020546875 0.563258896484375 0.053911396484375 0.557360896484375 0.012441091796875 0.7217676171875 0.097869919921875 0.7195558671875
1 0 0.7166068671875 0.013685201171875 0.7180813671875 0.050179068359375 0.559572646484375 0 0.558098146484375 0 0.7166068671875