1 0.133281900390625 0 0.14642776953125 0.0467820625 0.22181681640625 0.01966856640625 0.215704453125 0 0.133281900390625 0
1 0.05434646875 0 0.07587457421875 0.074307796875 0.14184737109375 0.050334484375 0.12782487890625 0 0.05434646875 0
1 0.01032834375 0 0.000487986328125 0.0006476171875 0 0.014557951171875 0 0.074487716796875 0.009783734375 0.1022651328125 0.07270948828125 0.080438765625 0.049420689453125 0 0.01032834375 0
1 0.234222611328125 0.5472354453125 0.196488830078125 0.418200564453125 0.139160646484375 0.4332243515625 0.180887310546875 0.556812533203125 0.234222611328125 0.5472354453125
1 0.2938034296875 0.535762615234375 0.259394419921875 0.40393551171875 0.20114958203125 0.42005476171875 0.23781146875 0.545477458984375 0.2938034296875 0.535762615234375
1 0.356072001953125 0.5231024921875 0.32581112109375 0.390536333984375 0.26385328125 0.40265637890625 0.296817466796875 0.533510470703125 0.356072001953125 0.5231024921875
1 0.41924167578125 0.509871677734375 0.394931126953125 0.3754250859375 0.329648515625 0.390337357421875 0.35962976171875 0.522394048828125 0.41924167578125 0.509871677734375
1 0.4874916796875 0.494281576171875 0.46768663671875 0.35698153515625 0.398255896484375 0.372632861328125 0.423716087890625 0.5080677734375 0.4874916796875 0.494281576171875
1 0.554716189453125 0.483460337890625 0.5417936796875 0.3426596328125 0.4699703671875 0.35948294921875 0.48958906640625 0.493124888671875 0.554716189453125 0.483460337890625
1 0.628015421875 0.4665604921875 0.62203763671875 0.32016003125 0.5462991875 0.339806185546875 0.558336142578125 0.480652806640625 0.628015421875 0.4665604921875
1 0.705928759765625 0.453089158203125 0.70538868359375 0.302215015625 0.625564298828125 0.320501134765625 0.6315576328125 0.466376822265625 0.705928759765625 0.453089158203125
1 0.78749315234375 0.43576075 0.79391334765625 0.278762078125 0.71137011328125 0.2992850390625 0.70985944921875 0.44974155078125 0.78749315234375 0.43576075
1 0.874603849609375 0.4202406171875 0.88762694140625 0.2592318125 0.79854300390625 0.281665818359375 0.79164128125 0.4350216953125 0.874603849609375 0.4202406171875
1 0.924127751953125 0.618875572265625 0.85008290625 0.63109838671875 0.83996646875 0.733796271484375 0.909629953125 0.730184091796875 0.909614404296875 0.73070886328125 0.924127751953125 0.618875572265625
1 0.8366261484375 0.737113267578125 0.84573288671875 0.628704115234375 0.7761313515625 0.6401725703125 0.77016304296875 0.742131400390625 0.8366261484375 0.737113267578125
1 0.51637154296875 0.7679527265625 0.502401119140625 0.673434630859375 0.4462767265625 0.680899859375 0.46077516796875 0.7733200859375 0.51637154296875 0.7679527265625
1 0.4596087265625 0.773380568359375 0.443698265625 0.681447654296875 0.38684943359375 0.689778642578125 0.4036440859375 0.7754542421875 0.4596087265625 0.773380568359375
1 0.40380364453125 0.777930556640625 0.3860758359375 0.692303341796875 0.33282463671875 0.69713500390625 0.352210041015625 0.78184807421875 0.40380364453125 0.777930556640625
1 0.3528976171875 0.782226521484375 0.332333484375 0.69798866796875 0.277621111328125 0.70496658203125 0.301954724609375 0.7877666875 0.3528976171875 0.782226521484375
1 0.30030941796875 0.78826609765625 0.277400111328125 0.7045639453125 0.22617477734375 0.711775146484375 0.2528412734375 0.7944542890625 0.30030941796875 0.78826609765625
1 0.188502634765625 0.80400183203125 0.159429716796875 0.71606419921875 0.12534503125 0.718659748046875 0.15791727734375 0.80641593359375 0.188502634765625 0.80400183203125
0 0.062823544921875 0.729769458984375 0.064516853515625 0.77481831640625 0.100858962890625 0.845401021484375 0.153803529296875 0.82733412890625 0.107124150390625 0.712564873046875 0.062823544921875 0.729769458984375
0 0.01990961328125 0.77878767578125 0.06430603125 0.86054748828125 0.100453830078125 0.8433515390625 0.065474583984375 0.7739404609375 0.07220404296875 0.73549453125 0.0530745859375 0.7286185703125 0.021445478515625 0.734813673828125 0.01990961328125 0.77878767578125
0 0.2499175703125 0.8068191953125 0.21050201171875 0.66441638671875 0.16067659375 0.68037461328125 0.196760703125 0.83364990625 0.2499175703125 0.8068191953125
0 0.5689661875 0.79455583203125 0.55137820703125 0.636576568359375 0.504582603515625 0.651842701171875 0.520632111328125 0.800806955078125 0.5689661875 0.79455583203125
0 0.632686708984375 0.80730142578125 0.627456603515625 0.618187103515625 0.57298352734375 0.62850145703125 0.58598660546875 0.809187923828125 0.632686708984375 0.80730142578125
0 0.697597423828125 0.8001907734375 0.6954286328125 0.619477513671875 0.644889544921875 0.62905289453125 0.647819884765625 0.804376791015625 0.697597423828125 0.8001907734375
0 0.765030169921875 0.7993691953125 0.774631595703125 0.61751064453125 0.714765189453125 0.62703467578125 0.717965169921875 0.80341456640625 0.765030169921875 0.7993691953125
0 0.9748949921875 0.79544215234375 0.981134208984375 0.58486862109375 0.9415087890625 0.591738158203125 0.919328962890625 0.7410797109375 0.94007623828125 0.79243268359375 0.9748949921875 0.79544215234375
0 0.9892331328125 0.2201223125 0.908142427734375 0.224862001953125 0.885911998046875 0.49778825 0.954201294921875 0.49852722265625 0.97918891796875 0.34583015625 0.9892331328125 0.2201223125