1 0 0.212726431640625 0.05122601171875 0.223402123046875 0.090969697265625 0.0713329375 0.020966447265625 0.0703779140625 0 0.154014564453125 0 0.212726431640625
1 0.128406634765625 0.2203166640625 0.16255241015625 0.06339889453125 0.091465576171875 0.071296205078125 0.052831185546875 0.221528810546875 0.128406634765625 0.2203166640625
1 0.20713366015625 0.2162394453125 0.23614434765625 0.062333673828125 0.165208111328125 0.060570552734375 0.129659185546875 0.223732708984375 0.20713366015625 0.2162394453125
1 0.288163763671875 0.214623251953125 0.31076109765625 0.053297677734375 0.23725364453125 0.06049708984375 0.208125416015625 0.216165982421875 0.288163763671875 0.214623251953125
1 0.36487421875 0.2185902734375 0.38435303515625 0.052232458984375 0.311517771484375 0.05675045703125 0.28693692578125 0.21822295703125 0.36487421875 0.2185902734375
1 0.446256947265625 0.211684716796875 0.4619119921875 0.05087338671875 0.38584066796875 0.052122265625 0.366916501953125 0.217561787109375 0.446256947265625 0.211684716796875
1 0.525858189453125 0.20929715625 0.539823576171875 0.044224951171875 0.46240787109375 0.05083665625 0.445206419921875 0.212639740234375 0.525858189453125 0.20929715625
1 0.60645118359375 0.2068361328125 0.615575333984375 0.040368125 0.538890591796875 0.04341685546875 0.525421080078125 0.208452328125 0.60645118359375 0.2068361328125
1 0.690208548828125 0.203846521484375 0.69594778515625 0.026984322265625 0.615774162109375 0.0404539609375 0.60853930078125 0.203441080078125 0.690208548828125 0.203846521484375
1 0.701138552734375 0.878538189453125 0.704791255859375 0.637627693359375 0.6069365859375 0.6418681875 0.595184958984375 0.877362607421875 0.701138552734375 0.878538189453125
1 0.5959155 0.883324490234375 0.607503384765625 0.641826203125 0.515585408203125 0.641616279296875 0.496965017578125 0.87862216015625 0.5959155 0.883324490234375
1 0.49662913671875 0.883660373046875 0.5139521875 0.64073458984375 0.422101388671875 0.6395170234375 0.397074072265625 0.888026822265625 0.49662913671875 0.883660373046875
1 0.40853600390625 0.766857828125 0.421899859375 0.64253994921875 0.332652134765625 0.63611623046875 0.314678314453125 0.778823580078125 0.40853600390625 0.766857828125
1 0.31388059765625 0.77386933984375 0.3333155 0.643085755859375 0.24086011328125 0.65093696875 0.22105994140625 0.778739611328125 0.31388059765625 0.77386933984375
1 0.195302083984375 0.885927568359375 0.235960453125 0.648291908203125 0.156780755859375 0.6431277421875 0.110349435546875 0.891217689453125 0.195302083984375 0.885927568359375
1 0.108015064453125 0.8923932734375 0.154446384765625 0.644303322265625 0.067562419921875 0.644723173828125 0.013561185546875 0.896381857421875 0.108015064453125 0.8923932734375
0 0 0.923580544921875 0.0684357109375 0.63162382421875 0 0.632772900390625 0 0.923580544921875