1 0.2587475390625 0.428875650390625 0.249578857421875 0.164487263671875 0.154149330078125 0.16011544140625 0.16723009765625 0.428505853515625 0.2587475390625 0.428875650390625
1 0.63305008203125 0.418644599609375 0.65023696484375 0.193101328125 0.560931 0.19177827734375 0.551502548828125 0.41645047265625 0.63305008203125 0.418644599609375
1 0.71233500390625 0.414889107421875 0.733528935546875 0.20616748828125 0.64914948828125 0.19604326953125 0.63578703515625 0.413755064453125 0.71233500390625 0.414889107421875
1 0.78444541015625 0.41595741015625 0.806821779296875 0.217113478515625 0.73244876171875 0.2100955546875 0.71286048046875 0.410952826171875 0.78444541015625 0.41595741015625
1 0.32239690234375 1 0.32352546484375 0.862696783203125 0.2376572421875 0.876214916015625 0.2391138359375 1 0.32239690234375 1
1 0.235231052734375 1 0.2338108984375 0.881088017578125 0.14244685546875 0.9014268515625 0.150235578125 1 0.235231052734375 1
1 0.144263712890625 1 0.14245416015625 0.9024129765625 0.04767428515625 0.910869 0.054388171875 1 0.144263712890625 1
0 0.40440990234375 1 0.403270123046875 0.84612987890625 0.3406625859375 0.85506253125 0.336370205078125 1 0.40440990234375 1
0 0.48041916796875 1 0.479818091796875 0.847263921875 0.420524119140625 0.854273630859375 0.414146826171875 1 0.48041916796875 1
0 0.553582517578125 1 0.5517312734375 0.82170684375 0.49187530078125 0.827722208984375 0.4862261953125 1 0.553582517578125 1
0 0.617294517578125 1 0.624958375 0.823777708984375 0.561204923828125 0.827763296875 0.55718476171875 1 0.617294517578125 1
0 0.67936638671875 1 0.691113681640625 0.91941541796875 0.6908794765625 0.812922115234375 0.63489176171875 0.81702275 0.619864853515625 1 0.67936638671875 1
0 0.735058560546875 1 0.748210787109375 0.91533121484375 0.74742919140625 0.809815818359375 0.6942368671875 0.816915919921875 0.6856028515625 1 0.735058560546875 1
0 0.8060762265625 1 0.815190603515625 0.972526478515625 0.8274226640625 0.901714470703125 0.80788414453125 0.88466272265625 0.792637552734375 0.922891509765625 0.774266861328125 0.913745197265625 0.737920017578125 1 0.8060762265625 1
0 0.788856951171875 0.936639736328125 0.830217599609375 0.82977663671875 0.8488284296875 0.721590482421875 0.81703548046875 0.6974550703125 0.788943236328125 0.72366134765625 0.742948255859375 0.878770625 0.788856951171875 0.936639736328125
0 0.842814435546875 0.73333358984375 0.84412835546875 0.76096153125 0.829597162109375 0.82089329296875 0.812839880859375 0.879806056640625 0.84080109765625 0.910786822265625 0.8773374921875 0.826530640625 0.891620330078125 0.733070623046875 0.857615900390625 0.70988846484375 0.842814435546875 0.73333358984375
0 0.9510129140625 0.14036828515625 0.881654072265625 0.1363826953125 0.855307638671875 0.3982728984375 0.90695275 0.406926146484375 0.931709056640625 0.304747138671875 0.9510129140625 0.14036828515625
0 0.881763642578125 0.15117457421875 0.81515636328125 0.144271697265625 0.788189490234375 0.3972785546875 0.8420533828125 0.40596467578125 0.86409465234375 0.311633580078125 0.881763642578125 0.15117457421875
0 0.541350025390625 0.393621673828125 0.56229559765625 0.151371796875 0.48744823828125 0.155193033203125 0.480355439453125 0.3956761015625 0.541350025390625 0.393621673828125
0 0.45117572265625 0.4248243203125 0.46054528125 0.117325826171875 0.3862233984375 0.11721077734375 0.37898496484375 0.412908638671875 0.45117572265625 0.4248243203125
0 0.353563935546875 0.42535025390625 0.358780810546875 0.156244900390625 0.285006318359375 0.1551519453125 0.279169005859375 0.415373953125 0.353563935546875 0.42535025390625
0 0.04639869140625 1 0.040379994140625 0.92373151953125 0.006797419921875 0.91765167578125 0.007407408203125 1 0.04639869140625 1