0 0.45254776953125 1 0.417039013671875 0.9247386796875 0.3233563359375 1 0.45254776953125 1
0 0.32071206640625 1 0.41779451953125 0.9301111640625 0.3902185703125 0.821318376953125 0.31315701171875 0.8622835625 0.24818354296875 0.913322154296875 0.270470953125 1 0.32071206640625 1
0 0.315423529296875 0.76356418359375 0.23798421875 0.837435828125 0.2542275859375 0.918023076171875 0.304090947265625 0.867656044921875 0.38341901953125 0.83340646484375 0.354332060546875 0.745432052734375 0.315423529296875 0.76356418359375
0 0.225140626953125 0.821318376953125 0.3494212734375 0.727299919921875 0.321467572265625 0.63798238671875 0.20398647265625 0.715211833984375 0.225140626953125 0.821318376953125
0 0.06494265625 0.1538186328125 0.0361016640625 0.160272560546875 0.0431606484375 0.1871639296875 0.06897636328125 0.178917244140625 0.103262859375 0.18501262109375 0.097413986328125 0.15776269921875 0.06494265625 0.1538186328125
0 0.044370759765625 0.1871639296875 0.05687524609375 0.245966392578125 0.117380828125 0.218357919921875 0.10628813671875 0.183578416015625 0.070186474609375 0.178200142578125 0.044370759765625 0.1871639296875
0 0.25527656640625 0.06464271484375 0.224882060546875 0.0679577265625 0.198030470703125 0.09514081640625 0.201573388671875 0.11867739453125 0.22898438671875 0.089173794921875 0.2558359765625 0.079891765625 0.25527656640625 0.06464271484375
0 0.269821177734375 0.079891765625 0.23159495703125 0.08486428125 0.20082751171875 0.117682892578125 0.20586218359375 0.145528982421875 0.25247952734375 0.131937439453125 0.27410997265625 0.105417349609375 0.269821177734375 0.079891765625
0 0.316811458984375 0.100444833984375 0.327253744140625 0.095803818359375 0.321286724609375 0.0537031796875 0.2843657890625 0.058012693359375 0.26422709765625 0.080554767578125 0.27616113671875 0.1011078359375 0.30114803125 0.089173794921875 0.310657970703125 0.087516291015625 0.316811458984375 0.100444833984375
0 0.31140384765625 0.088842294921875 0.277839361328125 0.098787328125 0.249682486328125 0.1335949453125 0.263854158203125 0.16077803515625 0.288654583984375 0.122655408203125 0.32296494921875 0.107406357421875 0.31140384765625 0.088842294921875
0 0.324270234375 0.10707485546875 0.288654583984375 0.12232390625 0.26180299609375 0.156800021484375 0.27616113671875 0.18431461328125 0.30208037890625 0.150169998046875 0.33806896875 0.127296423828125 0.324270234375 0.10707485546875
0 0.3408660078125 0.12829092578125 0.307301521484375 0.143871478515625 0.27597466796875 0.18464611328125 0.292011033203125 0.2088456953125 0.31606558203125 0.174369580078125 0.35354592578125 0.15414801171875 0.3408660078125 0.12829092578125
0 0.333220763671875 0.19823766015625 0.362309986328125 0.17901059375 0.35354592578125 0.155805517578125 0.315133234375 0.174701080078125 0.290892216796875 0.2091771953125 0.304690951171875 0.243653310546875 0.3173708671875 0.24100130078125 0.31867615234375 0.22177423828125 0.333220763671875 0.19823766015625
0 0.357834720703125 0.235697283203125 0.394382716796875 0.215475716796875 0.375362841796875 0.17238057421875 0.33228841796875 0.196580154296875 0.322405541015625 0.215475716796875 0.315692642578125 0.222768740234375 0.315692642578125 0.25260383984375 0.331915478515625 0.2652008828125 0.357834720703125 0.235697283203125
0 0.35578355859375 0.235697283203125 0.324083765625 0.271830904296875 0.342357763671875 0.305975517578125 0.4161996328125 0.267189888671875 0.396620349609375 0.21613871875 0.35578355859375 0.235697283203125
0 0.435653681640625 0.05619565625 0.389563041015625 0.0712648828125 0.3832057109375 0.107682177734375 0.40792866015625 0.1265187109375 0.423998578125 0.0932408359375 0.44872152734375 0.0791134375 0.435653681640625 0.05619565625
0 0.423821984375 0.0932408359375 0.40263088671875 0.1327975546875 0.420996505859375 0.162308123046875 0.48174432421875 0.127146595703125 0.46178937109375 0.071892767578125 0.423821984375 0.0932408359375
0 0.4888080234375 0.16042446875 0.457021375 0.20060907421875 0.482450693359375 0.236398484375 0.547260138671875 0.19401628515625 0.526245630859375 0.13876245703125 0.4888080234375 0.16042446875
0 0.57533834375 0.1889932109375 0.53648799609375 0.21442253125 0.507703419921875 0.2586883828125 0.5327795546875 0.29071048828125 0.56845123828125 0.24644463671875 0.59158485546875 0.228863873046875 0.57533834375 0.1889932109375
0 0.602180404296875 0.227608103515625 0.567568275390625 0.245502810546875 0.535605033203125 0.290082603515625 0.561034353515625 0.3211628828125 0.5984719609375 0.27878068359375 0.61895669140625 0.26308357421875 0.602180404296875 0.227608103515625
0 0.655864521484375 0.29353596875 0.63202453515625 0.255235017578125 0.61048025 0.2681066484375 0.57728086328125 0.30012875390625 0.561564130859375 0.33560422265625 0.594410333984375 0.3629171953125 0.62972883203125 0.314570095703125 0.655864521484375 0.29353596875
0 0.630788388671875 0.31205855859375 0.591761447265625 0.3660566171875 0.623548095703125 0.408124875 0.70001264453125 0.344708548828125 0.67599606640625 0.279722509765625 0.630788388671875 0.31205855859375
0 0.7512303828125 0.435630443359375 0.704659322265625 0.4986923984375 0.749054166015625 0.551695392578125 0.82565703125 0.464259794921875 0.787573220703125 0.406227322265625 0.7512303828125 0.435630443359375
0 0.7997600390625 0.4994661640625 0.753188978515625 0.5586592890625 0.79170803515625 0.61475734765625 0.877015771484375 0.519197205078125 0.8441548828125 0.462712263671875 0.7997600390625 0.4994661640625
0 0.841978666015625 0.56214123828125 0.79693095703125 0.630619556640625 0.84067293359375 0.690586447265625 0.9370793828125 0.584193578125 0.89355502734375 0.513780841796875 0.841978666015625 0.56214123828125
0 0.925327806640625 0.76061230078125 1 0.64957683203125 0.955141990234375 0.5934787734375 0.869399009765625 0.690586447265625 0.925327806640625 0.76061230078125
0 0.4610166953125 0.364260103515625 0.423328513671875 0.408613017578125 0.44058014453125 0.465233759765625 0.53718928515625 0.403422783203125 0.516487328125 0.331703177734375 0.4610166953125 0.364260103515625
0 0.500562744140625 0.464761919921875 0.468713576171875 0.514776908203125 0.494989138671875 0.571397650390625 0.594252376953125 0.497790685546875 0.561872390625 0.41899348828125 0.500562744140625 0.464761919921875
1 0.75565277734375 0.981983560546875 0.765626455078125 0.999714544921875 0.8900040859375 0.999193044921875 0.90320454296875 0.981462060546875 0.831042048828125 0.880812658203125 0.75565277734375 0.981983560546875
1 0.757412837890625 0.979376064453125 0.831922080078125 0.880291158203125 0.768853234375 0.790593244140625 0.695810708984375 0.87716216015625 0.757412837890625 0.979376064453125
1 0.6949306796875 0.87716216015625 0.769146578125 0.790593244140625 0.713117974609375 0.7108038203125 0.640075451171875 0.785899748046875 0.6949306796875 0.87716216015625
1 0.713704662109375 0.7118468203125 0.6614895234375 0.64092288671875 0.5954872421875 0.70715332421875 0.64183551171875 0.786421248046875 0.713704662109375 0.7118468203125
1 0.594313869140625 0.70767482421875 0.6626628984375 0.643008884765625 0.618661376953125 0.5788644453125 0.55089903515625 0.639358388671875 0.594313869140625 0.70767482421875
1 0.55265909765625 0.639358388671875 0.61778134765625 0.5799074453125 0.5796466953125 0.523064 0.5154044765625 0.57729994921875 0.55265909765625 0.639358388671875
1 1 0.67212377734375 0.9394802421875 0.75850112890625 0.999455140625 0.80034016015625 1 0.67212377734375
1 0.703756107421875 0.48452296484375 0.7606943046875 0.42378888671875 0.73526191015625 0.3994952578125 0.678323712890625 0.450781810546875 0.703756107421875 0.48452296484375
1 0.677564537109375 0.45010698828125 0.729947677734375 0.4075931328125 0.69464599609375 0.363054810546875 0.64074450390625 0.40624348828125 0.677564537109375 0.45010698828125
1 0.46917073828125 0.507466947265625 0.520794703125 0.450781810546875 0.510545828125 0.42918747265625 0.45322804296875 0.471026501953125 0.46917073828125 0.507466947265625
1 0.50712953515625 0.248334888671875 0.547365861328125 0.20582103515625 0.54053327734375 0.20177209765625 0.492705193359375 0.23416360546875 0.50712953515625 0.248334888671875
1 0.4144416640625 0.4096411796875 0.466180197265625 0.360332521484375 0.456045845703125 0.34800535546875 0.4005736015625 0.38546097265625 0.4144416640625 0.4096411796875
1 0.400840296875 0.38546097265625 0.456579232421875 0.34895359765625 0.43070996484375 0.31386858984375 0.375771109375 0.34800535546875 0.400840296875 0.38546097265625
1 0.375504416015625 0.349901841796875 0.43070996484375 0.314816833984375 0.409907875 0.27878358203125 0.350435228515625 0.3143427109375 0.375504416015625 0.349901841796875
1 0.448045041015625 0.181588625 0.49551648046875 0.15503780859375 0.4768479375 0.13227996484375 0.428309724609375 0.159304904296875 0.448045041015625 0.181588625
1 0.0649610546875 0.2772490703125 0.132686408203125 0.2444869921875 0.11886490625 0.213363021484375 0.058280662109375 0.245306044921875 0.0649610546875 0.2772490703125
1 0.077630763671875 0.314106404296875 0.146738267578125 0.276430017578125 0.133147125 0.243258416015625 0.065191412109375 0.27806812109375 0.077630763671875 0.314106404296875
1 0.082007572265625 0.328030287109375 0.120477416015625 0.30345873046875 0.159868693359375 0.30755398828125 0.14627755078125 0.275201439453125 0.07786112109375 0.312877826171875 0.082007572265625 0.328030287109375
0 0.117972564453125 0.30376773828125 0.078345416015625 0.32509611328125 0.084344021484375 0.36096655859375 0.133241740234375 0.336083455078125 0.1597810234375 0.335760298828125 0.151964658203125 0.304737208984375 0.117972564453125 0.30376773828125
0 0.090160849609375 0.38035598828125 0.16523430078125 0.33640661328125 0.1350595 0.335113984375 0.087252435546875 0.358058142578125 0.090160849609375 0.38035598828125