0 1 0.79049681640625 0.9598124296875 0.7898718671875 0.9337250078125 0.945287830078125 0.988627255859375 0.96670676953125 1 0.921020013671875 1 0.79049681640625
0 0.949263525390625 0.794147736328125 0.894478953125 0.7917128671875 0.871040123046875 0.93143084765625 0.926505080078125 0.956828720703125 0.941811181640625 0.887919921875 0.949263525390625 0.794147736328125
0 0.859577318359375 0.949900228515625 0.883460818359375 0.78015218359375 0.822089046875 0.780587689453125 0.803315400390625 0.92763007421875 0.859577318359375 0.949900228515625
0 0.794970783203125 0.961262953125 0.80530669921875 0.8747359921875 0.81153977734375 0.76983862890625 0.7536373828125 0.767265189453125 0.738122693359375 0.93422204296875 0.75910392578125 0.9517610234375 0.794970783203125 0.961262953125
0 0.952982916015625 0.469300458984375 0.874404291015625 0.459481798828125 0.841918830078125 0.68420247265625 0.911542837890625 0.707066494140625 0.93374040625 0.61553122265625 0.952982916015625 0.469300458984375
0 0.7901992890625 0.43992365625 0.722239951171875 0.42820460546875 0.704148158203125 0.658309708984375 0.770654345703125 0.681035162109375 0.783146158203125 0.5621818359375 0.7901992890625 0.43992365625
0 0.60822024609375 0.934597564453125 0.610093474609375 0.755223646484375 0.5569441015625 0.754528236328125 0.560077564453125 0.923568369140625 0.60822024609375 0.934597564453125
0 0.54367311328125 0.9183945234375 0.53933736328125 0.75096773828125 0.490536103515625 0.749354388671875 0.49620575 0.909062126953125 0.54367311328125 0.9183945234375
0 0.483128705078125 0.921259611328125 0.475696064453125 0.73369376953125 0.41966434765625 0.730647875 0.434557958984375 0.91687853125 0.483128705078125 0.921259611328125
0 0.41713202734375 0.898325005859375 0.403359314453125 0.749924625 0.349666490234375 0.751983037109375 0.36735899609375 0.895557275390625 0.41713202734375 0.898325005859375
0 0.056613986328125 0.828964865234375 0.021585544921875 0.728512142578125 0.025722974609375 0.86815036328125 0.056613986328125 0.828964865234375
1 0.123390431640625 0.849075669921875 0.094030873046875 0.748986421875 0.03370599609375 0.747787080078125 0.0634314453125 0.84147160546875 0.123390431640625 0.849075669921875
1 0.180991951171875 0.85212966015625 0.155805353515625 0.752225876953125 0.094396994140625 0.751966224609375 0.121647978515625 0.8465286171875 0.180991951171875 0.85212966015625
1 0.24140475390625 0.8562964375 0.22090355078125 0.755119130859375 0.15696210546875 0.753759052734375 0.182353630859375 0.8512023359375 0.24140475390625 0.8562964375
1 0.303047578125 0.86446926171875 0.2849622265625 0.760435791015625 0.221255015625 0.757604359375 0.24174156640625 0.858287095703125 0.303047578125 0.86446926171875
1 0.36394350390625 0.86618790234375 0.35008973046875 0.764318189453125 0.284771951171875 0.76339086328125 0.303486740234375 0.860537404296875 0.36394350390625 0.86618790234375
1 0.668438021484375 0.8846602109375 0.675156203125 0.78321088671875 0.61114148828125 0.779377943359375 0.609079392578125 0.878564595703125 0.668438021484375 0.8846602109375
1 0.73059327734375 0.89137404296875 0.74174796484375 0.78962797265625 0.67600544921875 0.78374255078125 0.669785046875 0.883238314453125 0.73059327734375 0.89137404296875
1 1 0.47383576953125 0.956742591796875 0.4692434609375 0.935910298828125 0.600688650390625 0.995064001953125 0.609244765625 1 0.58687784765625 1 0.47383576953125
1 0.845027666015625 0.599612953125 0.86621119921875 0.461268466796875 0.794084796875 0.455593240234375 0.781071341796875 0.588373775390625 0.845027666015625 0.599612953125
1 0.69510856640625 0.5939377265625 0.7050030078125 0.449658361328125 0.625980287109375 0.4456523203125 0.621561869140625 0.58721153125 0.69510856640625 0.5939377265625
1 0.620449080078125 0.58716207421875 0.62398894140625 0.444082048828125 0.54612297265625 0.44160918359375 0.54726850390625 0.583415681640625 0.620449080078125 0.58716207421875
1 0.54586286328125 0.58285928515625 0.544746640625 0.442041935546875 0.468769435546875 0.437677326171875 0.476328162109375 0.58026277734375 0.54586286328125 0.58285928515625
1 0.474922521484375 0.579706380859375 0.466543857421875 0.43757841015625 0.38945386328125 0.43316434765625 0.40342578515625 0.576528748046875 0.474922521484375 0.579706380859375
1 0.4031622421875 0.577010958984375 0.388370380859375 0.434104033203125 0.309874748046875 0.42913357421875 0.331109109375 0.57380859765625 0.4031622421875 0.577010958984375
1 0.330625986328125 0.576256734375 0.308469107421875 0.4285771796875 0.23108626171875 0.42365617578125 0.258016458984375 0.57302964453125 0.330625986328125 0.576256734375
1 0.258543546875 0.5720652265625 0.22934380859375 0.421109125 0.1517413828125 0.41815405078125 0.185611859375 0.567342052734375 0.258543546875 0.5720652265625
1 0.185377625 0.568813408203125 0.15118498828125 0.418129322265625 0.074417154296875 0.41521133984375 0.11418839453125 0.56663728515625 0.185377625 0.568813408203125
1 0.012162037109375 0.4104687578125 0.013639373046875 0.45498738671875 0.04408264453125 0.563521474609375 0.113924849609375 0.56711949609375 0.073479984375 0.411712234375 0.012162037109375 0.4104687578125