0 0.2804469296875 0.994823216796875 0.353525095703125 0.9951775859375 0.303562921875 0.95613741015625 0.2804469296875 0.994823216796875
0 0.277161330078125 0.998440779296875 0.29327878515625 0.945465333984375 0.246662591796875 0.90371330859375 0.201385537109375 0.995408857421875 0.277161330078125 0.998440779296875
0 0.186014119140625 0.9991159453125 0.231368810546875 0.88591283984375 0.1772586640625 0.84511201171875 0.099722919921875 0.9970576015625 0.186014119140625 0.9991159453125
0 0.06939273828125 0.2171381328125 0.08916275 0.181164173828125 0.06919130859375 0.168772478515625 0.025906173828125 0.21477319140625 0.027532537109375 0.26939810546875 0.06325284375 0.2610723203125 0.06939273828125 0.2171381328125
0 0.103341203125 0.159562638671875 0.0705453671875 0.211755466796875 0.061749576171875 0.2763101484375 0.09937228125 0.28140558984375 0.13736800390625 0.20140791796875 0.103341203125 0.159562638671875
0 0.05262180078125 0.328327658203125 0.025186248046875 0.377793716796875 0.03181106640625 0.477165998046875 0.03684682421875 0.4771286953125 0.056747390625 0.40532625390625 0.090583953125 0.361186908203125 0.05262180078125 0.328327658203125
0 0.090080376953125 0.361190638671875 0.045471025390625 0.425114916015625 0.03661555078125 0.4887743515625 0.064909048828125 0.497521650390625 0.12176088671875 0.39051366796875 0.090080376953125 0.361190638671875
0 0.18706160546875 0.17596055859375 0.160308677734375 0.228108623046875 0.147338802734375 0.2980683515625 0.176758818359375 0.3085986796875 0.228932994140625 0.206999474609375 0.18706160546875 0.17596055859375
1 0.1278373671875 0.277611984375 0.161077095703125 0.2245201796875 0.134559169921875 0.212176978515625 0.101651427734375 0.277805953125 0.1278373671875 0.277611984375
1 0.14549608984375 0.28554237109375 0.166112853515625 0.22448287890625 0.158499533203125 0.2236435859375 0.129586826171875 0.28118177734375 0.14549608984375 0.28554237109375
1 0.214638904296875 0.294882767578125 0.2332674765625 0.2266725 0.224083748046875 0.224949150390625 0.1906724296875 0.290581857421875 0.214638904296875 0.294882767578125
1 0.117109337890625 0.509674609375 0.1607301875 0.42336545703125 0.124081064453125 0.41020161328125 0.079956638671875 0.496514498046875 0.117109337890625 0.509674609375
1 0.1547059296875 0.521935748046875 0.19637216015625 0.43653676171875 0.160226611328125 0.4233691875 0.11660576171875 0.50967833984375 0.1547059296875 0.521935748046875
1 0.1815483828125 0.53158948046875 0.21257983984375 0.445373583984375 0.195928267578125 0.437435736328125 0.15420235546875 0.521939478515625 0.1815483828125 0.53158948046875
1 0.267469595703125 0.56588485546875 0.297725171875 0.468030759765625 0.282584330078125 0.460081724609375 0.239235783203125 0.558032802734375 0.267469595703125 0.56588485546875
0 0.268320080078125 0.246117984375 0.285452845703125 0.208372185546875 0.250844134765625 0.18802772265625 0.226549404296875 0.239261892578125 0.21367278515625 0.31817780859375 0.252448119140625 0.317890583984375 0.268320080078125 0.246117984375
0 0.306565724609375 0.253000185546875 0.321505138671875 0.2125835703125 0.289003986328125 0.201180376953125 0.265921568359375 0.247927125 0.254164005859375 0.31339943359375 0.290011140625 0.322090779296875 0.306565724609375 0.253000185546875
0 0.29256258984375 0.3301330703125 0.334094533203125 0.333408177734375 0.34658694140625 0.256286484375 0.359247208984375 0.219469501953125 0.32745479296875 0.203582619140625 0.327070583984375 0.205376841796875 0.30283553515625 0.2575062578125 0.29256258984375 0.3301330703125
0 0.41346180078125 0.231607541015625 0.413342435546875 0.22981705078125 0.372657244140625 0.20145641015625 0.344930736328125 0.261672880859375 0.32814487890625 0.342409126953125 0.374182892578125 0.352816361328125 0.41346180078125 0.231607541015625
0 0.248031572265625 0.372560259765625 0.213553419921875 0.4373051796875 0.183503001953125 0.530679314453125 0.23887768359375 0.552661328125 0.2929841015625 0.404472041015625 0.248031572265625 0.372560259765625
0 0.326902724609375 0.406907857421875 0.2804469296875 0.511151767578125 0.271043119140625 0.604372962890625 0.327757935546875 0.6011128046875 0.372475462890625 0.455680130859375 0.326902724609375 0.406907857421875
0 0.50570195703125 0.224654466796875 0.4807320625 0.288433267578125 0.466113443359375 0.379006029296875 0.518843419921875 0.3839895625 0.55162806640625 0.248497845703125 0.50570195703125 0.224654466796875
0 0.5579619296875 0.237702673828125 0.52888509375 0.32300840625 0.522939169921875 0.40008160546875 0.5744829453125 0.402386865234375 0.5999452265625 0.2553054453125 0.5579619296875 0.237702673828125
0 0.6272203828125 0.422597037109375 0.6546037109375 0.2665445078125 0.607431720703125 0.239127607421875 0.57048791015625 0.4104776484375 0.6272203828125 0.422597037109375
0 0.69858266015625 0.4274425546875 0.72010212890625 0.274120525390625 0.668405416015625 0.2619638359375 0.640074619140625 0.4189190703125 0.69858266015625 0.4274425546875
1 0.432239580078125 0.34701218359375 0.46324492578125 0.26796198046875 0.4181543828125 0.25665204296875 0.386764826171875 0.337496466796875 0.432239580078125 0.34701218359375
1 0.46879544921875 0.35121983984375 0.488602763671875 0.270461208984375 0.4631852421875 0.267066734375 0.4317956875 0.347911158203125 0.46879544921875 0.35121983984375
1 0.38648879296875 0.620535880859375 0.42574158984375 0.5064927578125 0.373362251953125 0.49165405859375 0.335467244140625 0.595834556640625 0.38648879296875 0.620535880859375
1 0.445149771484375 0.638910798828125 0.478419341796875 0.52580768359375 0.426543580078125 0.510965255859375 0.387555626953125 0.6214236640625 0.445149771484375 0.638910798828125
1 0.505474416015625 0.6671259609375 0.5375838984375 0.544178876953125 0.480049435546875 0.527586986328125 0.44281094140625 0.6416151875 0.505474416015625 0.6671259609375
1 0.571039978515625 0.69082386328125 0.6001541171875 0.5607334609375 0.538531365234375 0.543276169921875 0.50591830859375 0.666226984375 0.571039978515625 0.69082386328125
1 0.645140216796875 0.721624048828125 0.66723040625 0.584420173828125 0.601784208984375 0.56251276171875 0.572610388671875 0.691707919921875 0.645140216796875 0.721624048828125
1 0.7242501015625 0.759552626953125 0.743046533203125 0.61072920703125 0.66767430078125 0.583521197265625 0.64386822265625 0.725216220703125 0.7242501015625 0.759552626953125
1 0.777968580078125 0.42416744921875 0.789558283203125 0.3183904296875 0.726484486328125 0.30183957421875 0.705770736328125 0.406788490234375 0.777968580078125 0.42416744921875
1 0.849808322265625 0.436174931640625 0.857693947265625 0.3277382890625 0.788636923828125 0.312127439453125 0.775032919921875 0.41791937890625 0.849808322265625 0.436174931640625
1 0.925975087890625 0.4526288046875 0.931402513671875 0.345106056640625 0.86115929296875 0.326816931640625 0.849868005859375 0.437070177734375 0.925975087890625 0.4526288046875
1 1 0.349654806640625 0.93374134375 0.34240166796875 0.927724546875 0.45619859765625 1 0.4686704296875 1 0.349654806640625
1 1 0.69496090234375 0.911535517578125 0.666805166015625 0.907503181640625 0.840598482421875 1 0.87793634375 1 0.69496090234375
1 0.908211919921875 0.83611479296875 0.9084543828125 0.66593230078125 0.8225928515625 0.632532171875 0.81141719921875 0.7974215234375 0.908211919921875 0.83611479296875
1 0.81304729296875 0.799200826171875 0.823838734375 0.6361056953125 0.740972546875 0.6098488828125 0.724813361328125 0.760444140625 0.81304729296875 0.799200826171875