1 0.803930701171875 0.036228376953125 0.8590346953125 0.111507578125 0.899192029296875 0.040462212890625 0.803930701171875 0.036228376953125
1 0.717027134765625 0.105987763671875 0.79248476171875 0.198795841796875 0.85816198828125 0.109093896484375 0.79903778125 0.035512791015625 0.717027134765625 0.105987763671875
1 0.65889980859375 0.198400154296875 0.73445708984375 0.277754919921875 0.793837787109375 0.196481080078125 0.71658198828125 0.10596798046875 0.65889980859375 0.198400154296875
1 0.611110501953125 0.277814271484375 0.682292525390625 0.346683365234375 0.73447467578125 0.2753808046875 0.65933909375 0.199211310546875 0.611110501953125 0.277814271484375
1 0.568739162109375 0.34717797265625 0.63819921875 0.40805421484375 0.682315974609375 0.343517880859375 0.612451802734375 0.27708225390625 0.568739162109375 0.34717797265625
1 0.534017375 0.405798806640625 0.599043556640625 0.464103091796875 0.638650228515625 0.40728262890625 0.571861048828125 0.34652508984375 0.534017375 0.405798806640625
1 0.968551701171875 0.23511978515625 0.997614814453125 0.279159603515625 0.99882391015625 0.203216677734375 0.968551701171875 0.23511978515625
1 0.6978366640625 0.538515279296875 0.7531013125 0.588981814453125 0.7802824140625 0.56531704296875 0.7316001484375 0.5047311796875 0.6978366640625 0.538515279296875
1 0.65684455078125 0.581811546875 0.7147284453125 0.630080740234375 0.750537748046875 0.5836619375 0.697498548828125 0.540235564453125 0.65684455078125 0.581811546875
1 0.46850876953125 0.510954396484375 0.528914634765625 0.5596317421875 0.543203154296875 0.539409658203125 0.4867859140625 0.480213623046875 0.46850876953125 0.510954396484375
1 0.420344759765625 0.596520669921875 0.474502724609375 0.63582876171875 0.4842447265625 0.620217796875 0.436789833984375 0.56944205859375 0.420344759765625 0.596520669921875
1 0.39392031640625 0.6306429296875 0.44809412109375 0.66781253125 0.475123974609375 0.6331823828125 0.420958087890625 0.59494353515625 0.39392031640625 0.6306429296875
1 0.372014669921875 0.66389642578125 0.425013296875 0.697270212890625 0.4484146484375 0.66515278515625 0.393924275390625 0.630108306640625 0.372014669921875 0.66389642578125
1 0.509744056640625 0.7473771953125 0.557949291015625 0.782047466796875 0.565654 0.77667555078125 0.521709310546875 0.734282466796875 0.509744056640625 0.7473771953125
1 0.465905685546875 0.795897662109375 0.51226538671875 0.828021095703125 0.516995814453125 0.82355487109375 0.474642421875 0.783258662109375 0.465905685546875 0.795897662109375
1 0.445824830078125 0.81805348046875 0.492026380859375 0.846161484375 0.510589740234375 0.825942419921875 0.466471654296875 0.795588783203125 0.445824830078125 0.81805348046875
1 0.084189224609375 0.721271603515625 0.143911880859375 0.7543858515625 0.157215462890625 0.727204853515625 0.092996501953125 0.688814115234375 0.084189224609375 0.721271603515625
1 0.092488310546875 0.68938878125 0.156881830078125 0.7268913984375 0.17039313671875 0.6943443515625 0.102833421875 0.653416123046875 0.092488310546875 0.68938878125
1 0.10197833203125 0.655468505859375 0.169873890625 0.69641166015625 0.182872587890625 0.6650363359375 0.14120798828125 0.665872216796875 0.106932103515625 0.64434086328125 0.10197833203125 0.655468505859375
0 0.376628205078125 0.0180613046875 0.437033708984375 0.05808353515625 0.453706681640625 0.0201647421875 0.376628205078125 0.0180613046875
0 0.431404154296875 0.057377998046875 0.36895673046875 0.016398076171875 0.279854064453125 0.012437958984375 0.27001330859375 0.06158846875 0.351491609375 0.126680072265625 0.404101421875 0.147231720703125 0.431404154296875 0.057377998046875
0 0.256604287109375 0.14295297265625 0.377246708984375 0.24575673828125 0.40328608984375 0.1535701875 0.339248791015625 0.119761244140625 0.277398068359375 0.0673807109375 0.256604287109375 0.14295297265625
0 0.220161375 0.25653326953125 0.342488408203125 0.339377126953125 0.372034828125 0.25781916796875 0.24443880859375 0.160170384765625 0.220161375 0.25653326953125
0 0.102116142578125 0.642849994140625 0.142429689453125 0.665873361328125 0.175631705078125 0.66518985546875 0.182927267578125 0.63672541796875 0.16108904296875 0.633595677734375 0.1473369765625 0.6319048984375 0.107832845703125 0.60891750390625 0.102116142578125 0.642849994140625
0 0.1116535859375 0.61232604296875 0.158442455078125 0.635637203125 0.1879967734375 0.63551129296875 0.11444140625 0.5912182890625 0.1116535859375 0.61232604296875
0 0.06796919921875 0.77510448046875 0.0924470703125 0.78757390625 0.131750642578125 0.784091384765625 0.142734634765625 0.7495121796875 0.08377151953125 0.720744865234375 0.06796919921875 0.77510448046875
0 0.061348251953125 0.804648251953125 0.0838051171875 0.809645248046875 0.119291896484375 0.8075311328125 0.127610681640625 0.782369341796875 0.096951201171875 0.78685126171875 0.069525955078125 0.775173669921875 0.061348251953125 0.804648251953125