0 0.6554181134259259 0.8471137152777778 0.07360387731481488 0.1898943865740741
0 0.2723524305555555 0.8345052083333333 0.07309751157407407 0.1303530092592593
0 0 0.84536919140625 0.033767046875 0.967532421875 0.11483341796875 0.95893776171875 0.073648591796875 0.72215741015625 0 0.770254568359375 0 0.84536919140625
0 0 0.927681615234375 0.020368177734375 0.92571555078125 0 0.796870951171875 0 0.927681615234375
0 0.801861275390625 0.654931994140625 0.8760216875 0.67274948828125 0.9225106953125 0.420970919921875 0.847473935546875 0.414234728515625 0.801861275390625 0.654931994140625
0 0.56484442578125 0.03359237890625 0.564670166015625 0.0041827421875 0.50974626953125 0.003827353515625 0.511158298828125 0.031649560546875 0.56484442578125 0.03359237890625
0 0.4571092734375 0.01116303125 0.3974632578125 0.00763091796875 0.396911029296875 0.03852886328125 0.458292529296875 0.042073689453125 0.45891563671875 0.00725951953125 0.4571092734375 0.01116303125
0 0.370278876953125 0.0815942109375 0.37410875 0.00894740625 0.2995218359375 0.005360423828125 0.3025943203125 0.08109284375 0.370278876953125 0.0815942109375
0 0.2858111953125 0.0732430859375 0.28053021875 0.005938146484375 0.207772826171875 0.00153905859375 0.221483275390625 0.0743117265625 0.2858111953125 0.0732430859375
1 0.5872757523148149 0.8172960069444444 0.07403790509259256 0.14304832175925908
1 0.5209418402777778 0.8158275462962963 0.07581018518518512 0.1537977430555555
1 0.4574652777777778 0.815357349537037 0.06796151620370372 0.1400752314814815
1 0.39623119212962965 0.8109953703703703 0.06843171296296302 0.13324652777777768
1 0.316460720703125 0.87846569921875 0.363365224609375 0.87508359375 0.364021611328125 0.7521200703125 0.30572056640625 0.76559408203125 0.316460720703125 0.87846569921875
1 0.246468666015625 0.88567275 0.239885875 0.763561275390625 0.183892322265625 0.769326943359375 0.19908559375 0.88068647265625 0.241757072265625 0.881131046875 0.246468666015625 0.88567275
1 0.126802140625 0.778174634765625 0.14653351953125 0.8827417734375 0.19561456640625 0.880660759765625 0.180192521484375 0.77238968359375 0.126802140625 0.778174634765625
1 0.758930638671875 0.776105970703125 0.694244140625 0.77156218359375 0.679066083984375 0.88269673828125 0.741315357421875 0.8862480625 0.758930638671875 0.776105970703125
1 0.834622939453125 0.774350568359375 0.76158553125 0.776696296875 0.7444905546875 0.87854607421875 0.809343119140625 0.8821166796875 0.834622939453125 0.774350568359375
1 0.90771107421875 0.772575876953125 0.840894 0.772648478515625 0.815531748046875 0.880617447265625 0.879745314453125 0.881093103515625 0.90771107421875 0.772575876953125
1 0.89426831640625 0.884290830078125 0.932678095703125 0.88148519921875 0.9433736953125 0.771862513671875 0.9415652421875 0.7728266484375 0.923101552734375 0.776347640625 0.89426831640625 0.884290830078125
1 0.838062734375 0.4357963984375 0.75197396875 0.42588812109375 0.728386599609375 0.58022308203125 0.76321104296875 0.578935966796875 0.810937318359375 0.579289494140625 0.838062734375 0.4357963984375
1 0.7266303984375 0.578999490234375 0.7486843828125 0.4351343359375 0.668851341796875 0.43454298046875 0.652549119140625 0.58429661328125 0.7266303984375 0.578999490234375
1 0.57803697265625 0.58219959765625 0.65081364453125 0.5842837578125 0.665904923828125 0.4391564453125 0.58856075 0.440128599609375 0.57803697265625 0.58219959765625
1 0.576187029296875 0.58373096875 0.583878775390625 0.444729208984375 0.50989123828125 0.447271373046875 0.5055560546875 0.587843064453125 0.5762049453125 0.58714956640625 0.576187029296875 0.58373096875
1 0.43318960546875 0.591942310546875 0.506851591796875 0.5912680078125 0.50890907421875 0.448809169921875 0.431975037109375 0.455964796875 0.43318960546875 0.591942310546875
1 0.42791212109375 0.460982513671875 0.356890947265625 0.461588982421875 0.36678296875 0.5976307734375 0.43318960546875 0.591942310546875 0.42791212109375 0.460982513671875
1 0.3535343046875 0.460019044921875 0.285620974609375 0.462606130859375 0.29539868359375 0.60019221875 0.36331201953125 0.5976050625 0.3535343046875 0.460019044921875
1 0.2817358515625 0.464531896484375 0.210126662109375 0.4620469140625 0.22725657421875 0.605867828125 0.29464529296875 0.598641564453125 0.2817358515625 0.464531896484375
1 0.20457 0.468592466796875 0.141298212890625 0.476988091796875 0.16368196484375 0.60848712109375 0.22563540625 0.604310744140625 0.20457 0.468592466796875
1 0.138779962890625 0.47736947265625 0.073842435546875 0.473398201171875 0.101842908203125 0.611119271484375 0.157264515625 0.613074876953125 0.138779962890625 0.47736947265625
1 0.0405283125 0.61839052734375 0.096750796875 0.609536408203125 0.068387431640625 0.4532715546875 0.062904896484375 0.468681890625 0.00506140234375 0.4759789296875 0.0405283125 0.61839052734375
1 0.122500609375 0.00404915625 0.07835971484375 0.00217704296875 0.048189630859375 0.03440059765625 0.056038671875 0.0808116484375 0.1333157890625 0.06902334375 0.125336455078125 0.00092841796875 0.122500609375 0.00404915625
1 0.210782486328125 0.0077932421875 0.126839416015625 0.004081294921875 0.13580466015625 0.07058678515625 0.21805966796875 0.06192549609375 0.210782486328125 0.0077932421875
1 0.96831333203125 0.426384072265625 0.921223296875 0.43119416796875 0.897669412109375 0.590937236328125 0.956914734375 0.589058482421875 0.96831333203125 0.426384072265625