1 0.7105781796875 0.6457563203125 0.6961257421875 0.4847454609375 0.6204913203125 0.4847454609375 0.625790546875 0.64233055859375 0.7105781796875 0.6457563203125
1 0.62819928515625 0.638904794921875 0.6200095703125 0.48560190234375 0.545820392578125 0.48817122265625 0.545820392578125 0.644043439453125 0.62819928515625 0.638904794921875
1 0.5443751484375 0.639761236328125 0.54533864453125 0.487314783203125 0.471631212890625 0.48645834375 0.46585023828125 0.639761236328125 0.5443751484375 0.639761236328125
1 0.46585023828125 0.6371919140625 0.47114946484375 0.48645834375 0.39888727734375 0.487314783203125 0.386843578125 0.64233055859375 0.46585023828125 0.6371919140625
1 0.387325326171875 0.638048353515625 0.40033251953125 0.48645834375 0.327588583984375 0.487314783203125 0.30831866796875 0.63633547265625 0.387325326171875 0.638048353515625
1 0.308800416015625 0.63547903125 0.32662508984375 0.48988410546875 0.25773513671875 0.48817122265625 0.230275505859375 0.638048353515625 0.308800416015625 0.63547903125
1 0.2297937578125 0.63633547265625 0.25580814453125 0.48817122265625 0.18739994140625 0.48560190234375 0.151268845703125 0.6371919140625 0.2297937578125 0.63633547265625
1 0.152232341796875 0.632909708984375 0.184991201171875 0.492453427734375 0.11465600390625 0.487314783203125 0.0775614140625 0.634622591796875 0.152232341796875 0.632909708984375
1 0.079970154296875 0.6371919140625 0.1141742578125 0.490740544921875 0.04817479296875 0.489027666015625 0.005780974609375 0.63376615234375 0.079970154296875 0.6371919140625
1 0 0.63547903125 0.0052992265625 0.6371919140625 0.047211296875 0.492453427734375 0.000481748046875 0.48817122265625 0 0.63547903125
1 0.048895978515625 0.303684423828125 0.07929924609375 0.206171076171875 0.022880810546875 0.208399955078125 0.000313435546875 0.274151810546875 0.048895978515625 0.303684423828125
1 0.0915232421875 0.298112232421875 0.112836873046875 0.199484447265625 0.07804550390625 0.20282776171875 0.046701927734375 0.300898330078125 0.0915232421875 0.298112232421875
0 0.126314611328125 0.14599141015625 0.108762208984375 0.215086583984375 0.09559790625 0.3109282734375 0.15138947265625 0.321515435546875 0.1814793046875 0.1744095859375 0.160165671875 0.1493347265625 0.126314611328125 0.14599141015625
0 0.176150896484375 0.221773212890625 0.160479109375 0.325415970703125 0.218464724609375 0.324858751953125 0.244793328125 0.164936861328125 0.194016734375 0.14543419140625 0.176150896484375 0.221773212890625
0 0.284599669921875 0.151563603515625 0.250748607421875 0.146548630859375 0.23288276953125 0.226788185546875 0.2209722109375 0.3354459140625 0.281778748046875 0.3343314765625 0.281778748046875 0.3337742578125 0.30748048046875 0.164936861328125 0.284599669921875 0.151563603515625
0 0.35073461328125 0.315943244140625 0.36922732421875 0.164936861328125 0.314689501953125 0.159921888671875 0.2924355625 0.315943244140625 0.35073461328125 0.315943244140625
1 0.424392017578125 0.29476891796875 0.433481654296875 0.1939122578125 0.37330198828125 0.192797818359375 0.359824251953125 0.29532613671875 0.424392017578125 0.29476891796875
1 0.491153833984375 0.295883357421875 0.495541935546875 0.19168337890625 0.43410852734375 0.19224059765625 0.424392017578125 0.29644057421875 0.491153833984375 0.295883357421875
1 0.554154421875 0.292540041015625 0.55634847265625 0.1950266953125 0.4949150625 0.19056894140625 0.489900091796875 0.29309726171875 0.554154421875 0.292540041015625
1 0.620602802734375 0.2897539453125 0.618408751953125 0.18889728515625 0.55634847265625 0.19224059765625 0.554467857421875 0.290311166015625 0.620602802734375 0.2897539453125
1 0.68861836328125 0.2864106328125 0.681722775390625 0.18889728515625 0.618408751953125 0.18889728515625 0.621543109375 0.2891967265625 0.68861836328125 0.2864106328125
0 0.694887078125 0.346033078125 0.75036520703125 0.34101810546875 0.73343967578125 0.15713579296875 0.6848571328125 0.157693013671875 0.694887078125 0.346033078125
0 0.9127249296875 0.28473897265625 0.8848291484375 0.13261815234375 0.82057481640625 0.134289810546875 0.848470599609375 0.300341109375 0.9127249296875 0.28473897265625
0 0.981994232421875 0.28251009765625 0.950337220703125 0.12091655078125 0.8876500703125 0.1281603984375 0.913978673828125 0.29421169921875 0.981994232421875 0.28251009765625