1 0 0.245516681640625 0.011562123046875 0.24894249609375 0.044321470703125 0.10277442578125 0 0.098206671875 0 0.245516681640625
1 0.086073580078125 0.254652185546875 0.11369420703125 0.10505830078125 0.04689083203125 0.10163248828125 0.014131484375 0.25008443359375 0.086073580078125 0.254652185546875
1 0.15865801953125 0.253510248046875 0.184351625 0.1119099296875 0.114336546875 0.10505830078125 0.086073580078125 0.254652185546875 0.15865801953125 0.253510248046875
1 0.237665857421875 0.260361876953125 0.25757840234375 0.1107679921875 0.186920984375 0.107342177734375 0.16122737890625 0.2569360625 0.237665857421875 0.260361876953125
1 0.3141043359375 0.2706393203125 0.3308051796875 0.1153357421875 0.2582207421875 0.1130518671875 0.237023517578125 0.263787689453125 0.3141043359375 0.2706393203125
1 0.393754515625 0.278632884765625 0.406601318359375 0.11990349609375 0.332089859375 0.1141938046875 0.31346199609375 0.269497380859375 0.393754515625 0.278632884765625
1 0.47276235546875 0.277490947265625 0.4804704375 0.11990349609375 0.405316638671875 0.1141938046875 0.3950391953125 0.276349009765625 0.47276235546875 0.277490947265625
1 0.55160546875 0.285714986328125 0.55773441796875 0.125908298828125 0.4821440390625 0.118644357421875 0.474653099609375 0.278451044921875 0.55160546875 0.285714986328125
1 0.6360487734375 0.28813630078125 0.633324796875 0.127118955078125 0.56045839453125 0.121065671875 0.553648451171875 0.283293671875 0.6360487734375 0.28813630078125
1 0.7218540703125 0.296610896484375 0.715044125 0.125908298828125 0.635367779296875 0.125908298828125 0.6360487734375 0.29176826953125 0.7218540703125 0.296610896484375
1 0.767298958984375 0.969324884765625 0.75920793359375 0.735983693359375 0.6607671171875 0.722398759765625 0.66391362890625 0.964530203125 0.767298958984375 0.969324884765625
1 0.663014625 0.96373108984375 0.661216619140625 0.723197873046875 0.565922314453125 0.71121116796875 0.5632253046875 0.95893640625 0.663014625 0.96373108984375
1 0.56187680078125 0.959735521484375 0.565922314453125 0.714407623046875 0.4755725234375 0.7016218046875 0.462536982421875 0.95653906640625 0.56187680078125 0.959735521484375
1 0.467481498046875 0.836672015625 0.4755725234375 0.7016218046875 0.384323732421875 0.6928315546875 0.37443469921875 0.83027910546875 0.467481498046875 0.836672015625
1 0.37443469921875 0.82708265234375 0.385222734375 0.697626236328125 0.294423443359375 0.692032439453125 0.28183740234375 0.82148885546875 0.37443469921875 0.82708265234375
1 0.260261333984375 0.935762111328125 0.289478927734375 0.69442978125 0.205422158203125 0.679246623046875 0.176204564453125 0.929369201171875 0.260261333984375 0.935762111328125
1 0.174856060546875 0.926971859375 0.20811916796875 0.6872377578125 0.1195673828125 0.674451939453125 0.080910259765625 0.922976291015625 0.174856060546875 0.926971859375
0 0.000449501953125 0.785528740234375 0 0.99649475 0.065177708984375 0.98850361328125 0.11327436328125 0.66166612109375 0.02831858984375 0.6520767578125 0.000449501953125 0.785528740234375