1 0.98709666015625 0.24086175 0.976429693359375 0.170128498046875 0.915734369140625 0.1714684609375 0.9285787734375 0.315062158203125 0.979078599609375 0.318428814453125 0.98709666015625 0.24086175
1 0.928479517578125 0.316402119140625 0.91085529296875 0.16575687109375 0.8476413359375 0.160196029296875 0.857629017578125 0.311678751953125 0.928479517578125 0.316402119140625
1 0.85864019140625 0.3184790625 0.842265978515625 0.16118425 0.777643822265625 0.154182947265625 0.7870359609375 0.313705447265625 0.85864019140625 0.3184790625
1 0.78622330078125 0.304225212890625 0.777842333984375 0.151503021484375 0.706892576171875 0.1481196171875 0.7125563984375 0.2966209296875 0.78622330078125 0.304225212890625
1 0.71261533203125 0.306050912109375 0.704175431640625 0.143898736328125 0.6355861171875 0.139326115234375 0.635279041015625 0.296855421875 0.71261533203125 0.306050912109375
1 0.634128287109375 0.302165021484375 0.6336816328125 0.14458546875 0.559816216796875 0.139661107421875 0.55377708203125 0.292768537109375 0.634128287109375 0.302165021484375
1 0.556692263671875 0.28959643359375 0.560268240234375 0.133165513671875 0.48436150390625 0.125515486328125 0.475959900390625 0.288098638671875 0.556692263671875 0.28959643359375
1 0.478038677734375 0.28953201171875 0.4840751875 0.12938076171875 0.4090840703125 0.119202203125 0.398317369140625 0.2842172578125 0.478038677734375 0.28953201171875
1 0.395609291015625 0.28144714453125 0.406662310546875 0.112566814453125 0.328733462890625 0.11255070703125 0.313332009765625 0.281141142578125 0.395609291015625 0.28144714453125
1 0.31298902734375 0.275939126953125 0.328581357421875 0.10477183984375 0.249584787109375 0.09950540234375 0.228003666015625 0.27286301171875 0.31298902734375 0.275939126953125
1 0.219040826171875 0.961419333984375 0.24527351953125 0.72182276953125 0.147510966796875 0.719946525390625 0.115518572265625 0.957998796875 0.219040826171875 0.961419333984375
1 0.323298076171875 0.963728560546875 0.340865830078125 0.717752759765625 0.246657986328125 0.72075475390625 0.22025423828125 0.96266054296875 0.323298076171875 0.963728560546875
1 0.42444428515625 0.97279226953125 0.43623630078125 0.707866388671875 0.344198703125 0.716814638671875 0.32182808203125 0.965951189453125 0.42444428515625 0.97279226953125
1 0.523564576171875 0.8506053828125 0.52560653125 0.71730534765625 0.434253146484375 0.717016693359375 0.43021200390625 0.842061248046875 0.523564576171875 0.8506053828125
1 0.614097435546875 0.853159962890625 0.612242572265625 0.719600138671875 0.5287683515625 0.718676451171875 0.52382115625 0.847141544921875 0.614097435546875 0.853159962890625
1 0.709409109375 0.9674233203125 0.699784666015625 0.71847439453125 0.61938673828125 0.720076416015625 0.623251482421875 0.967481052734375 0.709409109375 0.9674233203125
1 0.800933546875 0.965402748046875 0.78594229296875 0.718416662109375 0.702775431640625 0.72215472265625 0.70867411328125 0.968534634765625 0.800933546875 0.965402748046875
0 0.8983307578125 1 0.87697227734375 0.69663778125 0.790130435546875 0.705932412109375 0.81066782421875 1 0.8983307578125 1
0 0.930864197265625 1 0.951420740234375 0.722486671875 0.878474341796875 0.729226724609375 0.9032704296875 1 0.930864197265625 1