0 0.73800752734375 0 0.682564041015625 0.125819203125 0.74580375390625 0.1810922578125 0.795272140625 0.088244673828125 0.83694527734375 0 0.73800752734375 0
0 0.834846986328125 0 0.7563988671875 0.174019814453125 0.80195166796875 0.224937916015625 0.85694600390625 0.1477507421875 0.926448546875 0 0.834846986328125 0
0 0.902343962890625 0.20284959765625 0.964240416015625 0.066121517578125 0.92323612109375 0.019209970703125 0.858511853515625 0.143517728515625 0.806624048828125 0.2255998671875 0.85656470703125 0.2721804375 0.902343962890625 0.20284959765625
0 0.9898746328125 0.236347890625 0.995510908203125 0.084168439453125 0.97446971484375 0.0816077265625 0.8739980625 0.27069975390625 0.913752001953125 0.326007646484375 0.9898746328125 0.236347890625
0 0.97222255859375 0.712953865234375 0.925069072265625 0.79402565625 0.950831033203125 0.833986697265625 0.968506333984375 0.81329196484375 0.97222255859375 0.712953865234375
0 0.964387515625 0.9245000234375 0.93585193359375 0.92138187890625 0.90511177734375 0.965105599609375 0.962962962890625 0.962962962890625 0.964387515625 0.9245000234375
0 0.868696298828125 0.9664543203125 0.89267950390625 0.889580705078125 0.84871577734375 0.884528958984375 0.800027412109375 0.96899761328125 0.868696298828125 0.9664543203125
0 0.748509630859375 0.945020560546875 0.728265876953125 0.971655447265625 0.783765388671875 0.96959991015625 0.816555275390625 0.883215078125 0.778322666015625 0.862921 0.7677081953125 0.895879279296875 0.748509630859375 0.945020560546875
0 0.7254438671875 0.971759966796875 0.753869123046875 0.939812037109375 0.775723244140625 0.869697306640625 0.742008169921875 0.85424593359375 0.712566755859375 0.926311685546875 0.6940495 0.9570576484375 0.7254438671875 0.971759966796875
0 0.682767271484375 0.97000056640625 0.711972548828125 0.92967370703125 0.742503666015625 0.840867521484375 0.6932114140625 0.8401881484375 0.6717347265625 0.912793912109375 0.65199808203125 0.95110007421875 0.682767271484375 0.97000056640625
0 0.634198908203125 0.97513941015625 0.6715179453125 0.91864696875 0.699728357421875 0.82909173046875 0.653314244140625 0.8141106953125 0.600781908203125 0.92627684375 0.61299706640625 0.964234609375 0.634198908203125 0.97513941015625
0 0.793220474609375 0.803083955078125 0.840410734375 0.733700857421875 0.880905986328125 0.62949555859375 0.82759169140625 0.610595068359375 0.748861896484375 0.757966650390625 0.76474101953125 0.785768666015625 0.793220474609375 0.803083955078125
0 0.717726892578125 0.761624810546875 0.765567494140625 0.67468254296875 0.79841351171875 0.57410056640625 0.7488618984375 0.555060716796875 0.666870728515625 0.701718087890625 0.696302462890625 0.74404822265625 0.717726892578125 0.761624810546875
0 0.504053580078125 0.9382094140625 0.533438861328125 0.88034080859375 0.56296156640625 0.780716921875 0.51250025 0.760875759765625 0.462770568359375 0.8988232265625 0.477455466796875 0.9208244453125 0.504053580078125 0.9382094140625
0 0.44939021875 0.917688880859375 0.4813381484375 0.841355275390625 0.4813071796875 0.842191427734375 0.50785883984375 0.759377654296875 0.462069904296875 0.7401984453125 0.409332400390625 0.883267337890625 0.44939021875 0.917688880859375
0 0.458301419921875 0.7278129609375 0.41088469921875 0.71453906640625 0.354483228515625 0.86776370703125 0.3987798671875 0.9145533125 0.43153878515625 0.8290046328125 0.458301419921875 0.7278129609375
0 0.3896015625 0.731192404296875 0.338292484375 0.70887762890625 0.292640970703125 0.850849072265625 0.338621525390625 0.877536220703125 0.38957059375 0.7320285546875 0.3896015625 0.731192404296875
1 0.29227523046875 0.830637734375 0.327355462890625 0.72776424609375 0.261032169921875 0.704827109375 0.232111779296875 0.808158765625 0.29227523046875 0.830637734375
1 0.23180155859375 0.8061113203125 0.262039189453125 0.708907685546875 0.19105147265625 0.6868296171875 0.164913509765625 0.78799928515625 0.23180155859375 0.8061113203125
1 0.165147365234375 0.7921085 0.19385935546875 0.68398037109375 0.11949422265625 0.65928214453125 0.096530041015625 0.768570013671875 0.165147365234375 0.7921085
1 0.0964282265625 0.77131903125 0.12163553125 0.664007025390625 0.042346666015625 0.63674590625 0.02549141796875 0.747866455078125 0.0964282265625 0.77131903125
1 0 0.741975927734375 0.02394509375 0.7479237265625 0.04556658203125 0.63319508984375 0 0.62375150390625 0 0.741975927734375
1 0 0.39071996875 0.085390783203125 0.4230811796875 0.113763916015625 0.2511385625 0.01516191015625 0.203317064453125 0 0.352875431640625 0 0.39071996875
1 0.114099591796875 0.25249875390625 0.084927841796875 0.425157263671875 0.172212412109375 0.46584848828125 0.2049699765625 0.30060660546875 0.114099591796875 0.25249875390625
1 0.25108924609375 0.493811177734375 0.286766052734375 0.343560046875 0.203861142578125 0.299275048828125 0.171693787109375 0.45900457421875 0.25108924609375 0.493811177734375
1 0.287925796875 0.343517091796875 0.24987859375 0.495228640625 0.324375767578125 0.5267851015625 0.325098021484375 0.528130974609375 0.366909216796875 0.37902526953125 0.287925796875 0.343517091796875
1 0.3936644375 0.55304397265625 0.438420330078125 0.418241759765625 0.366034240234375 0.381802923828125 0.3251998359375 0.525381955078125 0.3936644375 0.55304397265625
1 0.4556335234375 0.578887623046875 0.501940513671875 0.4543226484375 0.438394876953125 0.418929013671875 0.3945139609375 0.5509535703125 0.4556335234375 0.578887623046875
1 0.514637232421875 0.601409544921875 0.564606400390625 0.482199431640625 0.501553931640625 0.454336966796875 0.455684431640625 0.57751311328125 0.514637232421875 0.601409544921875
1 0.571066916015625 0.630889921875 0.622119466796875 0.51369862109375 0.56339575 0.48361689453125 0.516183556640625 0.6013522734375 0.571066916015625 0.630889921875
1 0.623626017578125 0.65021896875 0.6779032578125 0.539771357421875 0.622480591796875 0.514371556640625 0.572069162109375 0.624675990234375 0.623626017578125 0.65021896875
1 0.6741249453125 0.673055880859375 0.72899716796875 0.567390419921875 0.676331478515625 0.540515884765625 0.6240635078125 0.648830140625 0.6741249453125 0.673055880859375
1 0.553098060546875 0.89715829296875 0.59473426171875 0.815317671875 0.56429141015625 0.803405251953125 0.5258798984375 0.891989564453125 0.553098060546875 0.89715829296875
1 0.599055060546875 0.9071234921875 0.640101046875 0.83079523046875 0.593599970703125 0.814673373046875 0.55562117578125 0.891574345703125 0.599055060546875 0.9071234921875
1 0.7685461484375 0.708678599609375 0.82337223828125 0.61468215625 0.79604748828125 0.6019679375 0.75111978125 0.699715650390625 0.7685461484375 0.708678599609375
1 0.84889771875 0.748940291015625 0.903469267578125 0.6618163984375 0.882589123046875 0.65229505078125 0.834462181640625 0.74261181640625 0.84889771875 0.748940291015625
1 0.888593060546875 0.76119633984375 0.945896130859375 0.673284966796875 0.903057232421875 0.66251797265625 0.85062221875 0.744072234375 0.888593060546875 0.76119633984375
1 0.925144845703125 0.77494144140625 0.972559080078125 0.70386781640625 0.943963224609375 0.673356556640625 0.888694875 0.758447318359375 0.925144845703125 0.77494144140625
1 0.79270984765625 0.96309182421875 0.8372143828125 0.897616462890625 0.81808896484375 0.8928343125 0.78582775 0.961287779296875 0.79270984765625 0.96309182421875
1 0.90342949609375 0.96516790625 0.93392484765625 0.9235460234375 0.90289178125 0.917145958984375 0.864384818359375 0.966614005859375 0.90342949609375 0.96516790625
1 0.639385955078125 0 0.61397681640625 0.071533921875 0.68285524609375 0.119916474609375 0.734381197265625 0 0.639385955078125 0
1 0.542347583984375 0 0.53999015625 0.0063626953125 0.61206418359375 0.071604759765625 0.638563630859375 0 0.542347583984375 0