1 0.342622826171875 1 0.3524953828125 0.961742376953125 0.27175303125 0.92404055859375 0.254249583984375 0.99904594921875 0.281243357421875 1 0.342622826171875 1
1 0.8993536640625 0.7311121171875 0.89239576171875 0.556673068359375 0.8076292890625 0.531927744140625 0.807657212890625 0.70353268359375 0.8993536640625 0.7311121171875
1 0.80955263671875 0.699836349609375 0.805967142578125 0.530060248046875 0.725046935546875 0.5090537890625 0.718803896484375 0.670408748046875 0.80955263671875 0.699836349609375
1 0.71714175 0.66854125 0.725472673828125 0.507201755859375 0.647017978515625 0.483430783203125 0.63370061328125 0.63916778125 0.71714175 0.66854125
1 0.6341263515625 0.63731575 0.64668846875 0.48713871484375 0.57350160546875 0.464334353515625 0.553913275390625 0.609821376953125 0.6341263515625 0.63731575
1 0.556948875 0.607988677734375 0.5735978359375 0.46619025390625 0.504209119140625 0.44619680859375 0.4790161484375 0.584221568359375 0.556948875 0.607988677734375
1 0.48366577734375 0.58332841796875 0.503117060546875 0.445261125 0.436530666015625 0.42899880859375 0.408864880859375 0.559584509765625 0.48366577734375 0.58332841796875
1 0.407772822265625 0.558648826171875 0.43705263671875 0.429002673828125 0.374449552734375 0.409059494140625 0.339428048828125 0.538663115234375 0.407772822265625 0.558648826171875
1 0.34027952734375 0.534959048828125 0.37198404296875 0.4118240078125 0.31032866796875 0.39003266015625 0.274496498046875 0.514064716796875 0.34027952734375 0.534959048828125
1 0.27392641015625 0.513132900390625 0.310095392578125 0.395596490234375 0.251049875 0.373824474609375 0.2092835546875 0.494102201171875 0.27392641015625 0.513132900390625
1 0.19423659375 0.3548517734375 0.195994974609375 0.358575171875 0.15279978125 0.471421568359375 0.2154028671875 0.491364751953125 0.250720369140625 0.37753240625 0.19423659375 0.3548517734375
1 0.07358253125 0.443006982421875 0.110610296875 0.331970083984375 0.08588516796875 0.3280765625 0.04344522265625 0.43536299609375 0.07358253125 0.443006982421875
1 0.2558159296875 0.204110236328125 0.28536553515625 0.1199181484375 0.238565947265625 0.102874806640625 0.20503303125 0.190747763671875 0.2558159296875 0.204110236328125
1 0.294874873046875 0.2127478984375 0.31583235546875 0.12385419921875 0.286457595703125 0.120853828125 0.25690798828125 0.20504591796875 0.294874873046875 0.2127478984375
0 0.009474724609375 0.176074125 0.046898453125 0.1726718125 0.057694455078125 0.1347300234375 0.0824510390625 0.053350607421875 0.047264560546875 0.026720037109375 0.01609587109375 0.09088084375 0.008542560546875 0.1447912578125 0.009474724609375 0.176074125
0 0.09019237109375 0.042982626953125 0.063940689453125 0.09552802734375 0.052760123046875 0.1659694375 0.09289058984375 0.174852255859375 0.123993669921875 0.062857140625 0.09019237109375 0.042982626953125
0 0.137065546875 0.048849125 0.1066091875 0.10013687109375 0.094057923828125 0.184059716796875 0.141403431640625 0.1923827265625 0.17271952734375 0.071190376953125 0.137065546875 0.048849125
0 0.188664865234375 0.039419275390625 0.15330115625 0.11581408984375 0.14200783203125 0.204039033203125 0.189539373046875 0.20929715234375 0.234027607421875 0.0826830859375 0.188664865234375 0.039419275390625
0 0.05086029296875 0.229120541015625 0.014982783203125 0.288953689453125 0.023535001953125 0.447236611328125 0.0854366875 0.323817802734375 0.0956282890625 0.2742197109375 0.05086029296875 0.229120541015625
0 0.136126 0.270226912109375 0.095441400390625 0.363753431640625 0.072901900390625 0.47458547265625 0.1317307421875 0.484833306640625 0.195737607421875 0.322181830078125 0.136126 0.270226912109375
0 0.332123203125 0.078503685546875 0.30944964453125 0.133528607421875 0.296785625 0.23523498828125 0.35203634375 0.2430033046875 0.37892026171875 0.1095130390625 0.332123203125 0.078503685546875
0 0.392958953125 0.08753987890625 0.360284658203125 0.19584383203125 0.352241693359375 0.266921736328125 0.403282908203125 0.26668656640625 0.43282726953125 0.124630451171875 0.392958953125 0.08753987890625
0 0.440808599609375 0.098932896484375 0.419852810546875 0.187086265625 0.40602628515625 0.28633101953125 0.4632521015625 0.292274203125 0.491778525390625 0.1305864140625 0.440808599609375 0.098932896484375
0 0.5326099609375 0.28604216796875 0.55355893359375 0.14453563671875 0.5011546953125 0.125136580078125 0.4800196875 0.269708001953125 0.5326099609375 0.28604216796875
0 0.963966275390625 0.415567755859375 0.949959111328125 0.21860941796875 0.891979498046875 0.21143414453125 0.895183845703125 0.392981107421875 0.963966275390625 0.415567755859375
1 0.605641376953125 0.284130125 0.618900140625 0.18058838671875 0.5592220703125 0.167267990234375 0.542416994140625 0.268943697265625 0.605641376953125 0.284130125
1 0.672502673828125 0.29627722265625 0.68256504296875 0.197617841796875 0.617992119140625 0.183034677734375 0.60419740234375 0.282892921875 0.672502673828125 0.29627722265625
1 0.740998810546875 0.31334246484375 0.747010724609375 0.209747044921875 0.682878322265625 0.197006908203125 0.673283453125 0.291376974609375 0.740998810546875 0.31334246484375
1 0.813540568359375 0.32859791015625 0.815093322265625 0.21883691796875 0.747324001953125 0.209136109375 0.742692439453125 0.312741755859375 0.813540568359375 0.32859791015625
1 0.8921396875 0.34757775 0.888420689453125 0.235937947265625 0.81656910546875 0.22068761328125 0.8157701484375 0.331680697265625 0.8921396875 0.34757775
0 0.051844650390625 0.99986109765625 0.11584843359375 0.842663685546875 0.060354744140625 0.808847638671875 0.0438392265625 0.84547078125 0.051844650390625 0.99986109765625
0 0.14641427734375 1 0.17641327734375 0.894555986328125 0.117837412109375 0.8520318125 0.052229037109375 1 0.14641427734375 1
0 0.23943671875 1 0.259450056640625 0.923231259765625 0.19250457421875 0.8859898828125 0.147949341796875 0.9979005859375 0.202825107421875 1 0.23943671875 1