1 1 0.654679771484375 0.9987294140625 0.49129546484375 0.94217330859375 0.49129546484375 0.956312333984375 0.654679771484375 1 0.654679771484375
1 0.95438428515625 0.650109580078125 0.939602576171875 0.4867252734375 0.8528403671875 0.4832976328125 0.85798183203125 0.647824484375 0.95438428515625 0.650109580078125
1 0.852197685546875 0.650109580078125 0.849626953125 0.49129546484375 0.76672084375 0.48101253515625 0.763507427734375 0.64096919921875 0.852197685546875 0.650109580078125
1 0.7654354765625 0.6352564609375 0.76736352734375 0.4855827265625 0.68767083203125 0.470729607421875 0.681244001953125 0.630686271484375 0.7654354765625 0.6352564609375
1 0.67995863671875 0.61697569921875 0.6870281484375 0.4844401796875 0.61247691796875 0.469587060546875 0.5996232578125 0.61697569921875 0.67995863671875 0.61697569921875
1 0.5192585390625 0.60571358984375 0.5366904140625 0.47517996484375 0.48069712109375 0.470484509765625 0.456926384765625 0.599139955078125 0.5192585390625 0.60571358984375
1 0.38561417578125 0.59068813671875 0.40674371875 0.463910873046875 0.357617529296875 0.4657890546875 0.325923212890625 0.58787086328125 0.38561417578125 0.59068813671875
1 0.32909264453125 0.5841145 0.3560328125 0.468606328125 0.29687008984375 0.4657890546875 0.2688734453125 0.585053591796875 0.32909264453125 0.5841145
1 0.26728873046875 0.5869317734375 0.30056776171875 0.472362689453125 0.24404623046875 0.458276328125 0.233481458984375 0.505230869140625 0.26728873046875 0.5869317734375
1 0.20666664453125 0.30720195703125 0.237058796875 0.224612486328125 0.195812302734375 0.220753166015625 0.16411762890625 0.307973822265625 0.20666664453125 0.30720195703125
1 0.243571400390625 0.30643009375 0.26310921484375 0.221525029296875 0.237492970703125 0.2230687578125 0.207534990234375 0.30720195703125 0.243571400390625 0.30643009375
1 0.3421288125 0.302570771484375 0.35645654296875 0.2130345234375 0.3286694296875 0.214578251953125 0.301750666015625 0.30334263671875 0.3421288125 0.302570771484375
1 0.63823522265625 0.2902209453125 0.64822121484375 0.195281646484375 0.59177864453125 0.1929660546875 0.576582568359375 0.29099280859375 0.63823522265625 0.2902209453125
1 0.703361265625 0.28713348828125 0.711610564453125 0.186019275390625 0.6490895625 0.1906504609375 0.6395377421875 0.2902209453125 0.703361265625 0.28713348828125
0 1 0.18756300390625 0.9929550703125 0.131216916015625 0.931302416015625 0.1296731875 0.943025103515625 0.291764673828125 1 0.2902209453125 1 0.18756300390625
0 0.85228281640625 0.11655149609375 0.859229595703125 0.3264985625 0.920448076171875 0.31723619140625 0.920448076171875 0.316464328125 0.912632951171875 0.118095224609375 0.911764603515625 0.117323361328125 0.85228281640625 0.11655149609375
0 0.837955087890625 0.30720195703125 0.837955087890625 0.127357595703125 0.78411755859375 0.1234982734375 0.781512517578125 0.307973822265625 0.837955087890625 0.30720195703125
0 0.76240887890625 0.304886365234375 0.7676189609375 0.130445052734375 0.713781431640625 0.127357595703125 0.70466378515625 0.308745685546875 0.76240887890625 0.304886365234375
0 0.511807845703125 0.317017228515625 0.563529 0.3135863046875 0.58437185546875 0.150960583984375 0.5662308515625 0.13929544921875 0.534194615234375 0.13380597265625 0.511807845703125 0.317017228515625
0 0.463174521484375 0.21957903125 0.45468298828125 0.312213935546875 0.505632185546875 0.30946919921875 0.526089060546875 0.1612533515625 0.480929544921875 0.152332955078125 0.463174521484375 0.21957903125
0 0.445419498046875 0.30397972265625 0.468578224609375 0.168115197265625 0.421488814453125 0.1612533515625 0.3952422578125 0.307410646484375 0.445419498046875 0.30397972265625
0 0.38906659765625 0.3101553828125 0.418400984375 0.166742828125 0.36860972265625 0.156450060546875 0.340819251953125 0.317017228515625 0.38906659765625 0.3101553828125
0 0.282095509765625 0.16247528125 0.25965984375 0.228169259765625 0.24613245703125 0.321431244140625 0.291333724609375 0.3155657109375 0.325977033203125 0.188283630859375 0.30222162109375 0.169513921875 0.282095509765625 0.16247528125
0 0.153090427734375 0.17537945703125 0.123066228515625 0.247525521484375 0.12009680078125 0.32084469140625 0.158699345703125 0.317911923828125 0.200271314453125 0.20294746484375 0.172226732421875 0.18241809765625 0.153090427734375 0.17537945703125
0 0.10557960546875 0.185937416015625 0.0669770625 0.257496927734375 0.07027642578125 0.317911923828125 0.111518458984375 0.304421197265625 0.12471591015625 0.249871732421875 0.136593615234375 0.212332318359375 0.10557960546875 0.185937416015625
0 0 0.571302978515625 0.0145171953125 0.47980065234375 0.04190190625 0.410000802734375 0.00956815234375 0.39416386328125 0 0.414693228515625 0 0.571302978515625
0 0.05938852734375 0.488598955078125 0.089412728515625 0.412347017578125 0.048830568359375 0.39533696875 0.016166876953125 0.477454439453125 0.003629298828125 0.5613315703125 0.00329936328125 0.5613315703125 0.04091209765625 0.569543318359375 0.05344967578125 0.526138369140625 0.05938852734375 0.488598955078125
0 0.12537578125 0.42466463671875 0.0900726015625 0.412347017578125 0.05872865625 0.493291380859375 0.043551587890625 0.583034044921875 0.08875285546875 0.584793705078125 0.101950306640625 0.547254291015625 0.106239478515625 0.486252740234375 0.12537578125 0.42466463671875
0 0.137583423828125 0.39651007421875 0.104589796875 0.489772060546875 0.098980880859375 0.57188953125 0.1445120859375 0.570129873046875 0.1903732265625 0.42349153125 0.158369408203125 0.400029396484375 0.137583423828125 0.39651007421875
0 0.16661781640625 0.493291380859375 0.146491703125 0.5894861328125 0.19367258984375 0.588899580078125 0.238213986328125 0.429357064453125 0.1943324609375 0.4129335703125 0.16661781640625 0.493291380859375
0 0.451682751953125 0.60121719921875 0.480717142578125 0.397683181640625 0.4249579140625 0.3812596875 0.38371587890625 0.598870986328125 0.451682751953125 0.60121719921875
0 0.583327322265625 0.634064189453125 0.607082734375 0.410000802734375 0.548684013671875 0.400029396484375 0.51767000390625 0.62526588671875 0.583327322265625 0.634064189453125