0 1 0.60795702734375 0.948242810546875 0.469959865234375 0.885134283203125 0.5128549375 0.952915541015625 0.691363537109375 1 0.6605829921875 1 0.60795702734375
0 0.713538888671875 0.520769953125 0.7787477734375 0.46249033984375 0.68645562109375 0.267759166015625 0.6313145 0.318981705078125 0.712058953125 0.518390419921875 0.713538888671875 0.520769953125
0 0.551229033203125 0.605285494140625 0.594515447265625 0.5452722265625 0.51726284375 0.4093598515625 0.472711126953125 0.463769626953125 0.551229033203125 0.605285494140625
0 0.509289548828125 0.62683807421875 0.5428285078125 0.592716732421875 0.4762536171875 0.46131515625 0.456738509765625 0.5354900859375 0.50793345703125 0.6252030625 0.509289548828125 0.62683807421875
0 0.471059267578125 0.639119873046875 0.373591798828125 0.4932567265625 0.33870334765625 0.5438795 0.421250720703125 0.68138552734375 0.471059267578125 0.639119873046875
0 0.411442853515625 0.667686259765625 0.333768716796875 0.5465553359375 0.3040352265625 0.590887353515625 0.38232165625 0.697833880859375 0.411442853515625 0.667686259765625
0 0.312505490234375 0.5612709453125 0.277788375 0.59744080859375 0.344791904296875 0.7130358046875 0.365605365234375 0.69169086328125 0.312505490234375 0.5612709453125
0 0.3418546015625 0.7023309453125 0.270243583984375 0.5946704140625 0.243460650390625 0.627318462890625 0.318595462890625 0.7314634765625 0.3418546015625 0.7023309453125
0 0.30537125 0.710991771484375 0.226658927734375 0.6082286171875 0.206460388671875 0.65046224609375 0.281456544921875 0.741409359375 0.30537125 0.710991771484375
0 0.255890513671875 0.7137023515625 0.241763095703125 0.751375111328125 0.32822667578125 0.820340345703125 0.341362810546875 0.761663462890625 0.255890513671875 0.7137023515625
0 0.65953983203125 0.642297642578125 0.615492484375 0.6597997109375 0.61435790625 0.665017130859375 0.661922185546875 0.755860900390625 0.70990279296875 0.730648373046875 0.65953983203125 0.642297642578125
1 0.89131155078125 0.527685 0.83410291015625 0.559014330078125 0.838439521484375 0.56847269921875 0.873662048828125 0.65208116796875 0.933278533203125 0.62351478515625 0.89131155078125 0.527685
1 0.830383931640625 0.558821494140625 0.7695446953125 0.59128167578125 0.8141338125 0.68197123828125 0.870775126953125 0.653250583984375 0.830383931640625 0.558821494140625
1 0.767048607421875 0.587195048828125 0.7133824609375 0.616069966796875 0.760240802734375 0.69632463671875 0.808839107421875 0.68037758984375 0.767048607421875 0.587195048828125
1 0.75111329296875 0.7006723984375 0.70660014453125 0.614399244140625 0.662729283203125 0.634548619140625 0.70753275 0.717334833984375 0.75111329296875 0.7006723984375
1 0.614446146484375 0.66634075390625 0.57660932421875 0.685692240234375 0.6161982265625 0.748213779296875 0.650185556640625 0.735466326171875 0.614446146484375 0.66634075390625
1 0.570789640625 0.67858683984375 0.530792525390625 0.699134701171875 0.53304553125 0.7016919921875 0.578101216796875 0.766024384765625 0.615454486328125 0.74817521484375 0.570789640625 0.67858683984375
1 0.5326043203125 0.6950738203125 0.494168849609375 0.717008376953125 0.494772037109375 0.7168553515625 0.542323806640625 0.7852743125 0.578933265625 0.76738657421875 0.5326043203125 0.6950738203125
1 0.494683791015625 0.71553166796875 0.46236056640625 0.7310035625 0.509345013671875 0.802031259765625 0.539651236328125 0.778540439453125 0.494683791015625 0.71553166796875
1 0.457507009765625 0.73602814453125 0.425650330078125 0.75695546875 0.47119755859375 0.807967646484375 0.50330650390625 0.800399103515625 0.457507009765625 0.73602814453125
1 0.572186375 0.36909998046875 0.523301353515625 0.410992005859375 0.581896390625 0.51164125 0.62965006640625 0.471907201171875 0.57411844140625 0.372735908203125 0.572186375 0.36909998046875
1 0.76780579296875 0.220533708984375 0.697133404296875 0.27227003125 0.751454716796875 0.39775992578125 0.82033702734375 0.35252608203125 0.76780579296875 0.220533708984375
1 0.818282154296875 0.355057685546875 0.89648073828125 0.305030658203125 0.847882765625 0.165327830078125 0.771196630859375 0.217636685546875 0.818282154296875 0.355057685546875
1 0.93564976953125 0.09205367578125 0.851336947265625 0.161549734375 0.8509461015625 0.16680565625 0.8999348515625 0.30125255859375 0.98102029296875 0.250056173828125 0.93564976953125 0.09205367578125
1 1 0.470569783203125 0.969557408203125 0.4905450859375 0.972674228515625 0.5028842890625 1 0.59157733984375 1 0.470569783203125
1 0.62829691796875 0.33059793359375 0.577400966796875 0.364892728515625 0.57281224609375 0.373888333984375 0.62937754296875 0.483006212890625 0.680957337890625 0.439513337890625 0.62829691796875 0.33059793359375