1 0.164112310546875 1 0.181475728515625 0.92306173046875 0.103060291015625 0.91310421484375 0.0834564296875 0.99674734765625 0.164112310546875 1
1 0.2576507265625 0.99674734765625 0.2671726015625 0.94297676171875 0.184276279296875 0.926048986328125 0.16859319140625 0.998738853515625 0.2576507265625 0.99674734765625
1 0.35230936328125 0.9977431015625 0.35847057421875 0.959904541015625 0.26997315234375 0.944968267578125 0.25597039453125 1 0.35230936328125 0.9977431015625
1 0.70271159375 0.5609687578125 0.70598573046875 0.418361916015625 0.6347732578125 0.411813642578125 0.6216767109375 0.55587565625 0.70271159375 0.5609687578125
1 0.788248416015625 0.56169634375 0.785792814453125 0.420544671875 0.708441333984375 0.4154515703125 0.7043486640625 0.5609687578125 0.788248416015625 0.56169634375
1 0.876240841796875 0.577703236328125 0.869692568359375 0.4285481171875 0.788248416015625 0.4212722578125 0.790294751953125 0.5609687578125 0.876240841796875 0.577703236328125
1 0.999839501953125 0.535503251953125 0.99902096875 0.435096392578125 0.95891279296875 0.437279150390625 0.97160007421875 0.5726101328125 0.999839501953125 0.535503251953125
1 0.7189418203125 0.219272404296875 0.7222163515625 0.120308751953125 0.66181941796875 0.122896037109375 0.654906515625 0.220566044921875 0.7189418203125 0.219272404296875
1 0.540661712890625 0.1300110703125 0.5264720703125 0.225093794921875 0.585413658203125 0.2257406171875 0.596692603515625 0.13195153515625 0.5399340390625 0.1287174296875 0.540661712890625 0.1300110703125
1 0.5257443984375 0.22444697265625 0.538114853515625 0.12936425 0.484266984375 0.1300110703125 0.46862199609375 0.2257406171875 0.5257443984375 0.22444697265625
0 0.343825921875 0.1610584921875 0.343825921875 0.2257406171875 0.3893055390625 0.22380015234375 0.417684822265625 0.095729544921875 0.36820299609375 0.082793119140625 0.343825921875 0.1610584921875
0 0.43551283203125 0.069209873046875 0.4227785390625 0.15394345703125 0.416229474609375 0.230268365234375 0.463892115234375 0.236736578125 0.490088375 0.093142259765625 0.47444338671875 0.0756780859375 0.43551283203125 0.069209873046875
0 0.646538265625 0.238030220703125 0.6545426796875 0.0640353046875 0.60033097265625 0.06209483984375 0.59159888671875 0.241911146484375 0.646538265625 0.238030220703125
0 0.780430265625 0.23414929296875 0.777155732421875 0.05174569921875 0.72585472265625 0.0536861640625 0.72367169921875 0.2360897578125 0.780430265625 0.23414929296875
0 0.85210614453125 0.22444697265625 0.847012427734375 0.06144801953125 0.792800720703125 0.05627344921875 0.79352839453125 0.230915185546875 0.85210614453125 0.22444697265625
0 0.94124619921875 0.233502470703125 0.92159900390625 0.05692026953125 0.8586552109375 0.0595075546875 0.8702979921875 0.232855650390625 0.94124619921875 0.233502470703125
0 0.951069796875 0.25031982421875 1 0.243851611328125 0.999823947265625 0.079559013671875 0.994002556640625 0.038809275390625 0.935424806640625 0.039456095703125 0.951069796875 0.25031982421875
0 0.96671478515625 0.575670912109375 0.947795263671875 0.313708306640625 0.876483220703125 0.316295591796875 0.88667065625 0.57955183984375 0.96671478515625 0.575670912109375
0 0.600694810546875 0.55238534765625 0.620705841796875 0.357045330078125 0.567221810546875 0.35381122265625 0.54393624609375 0.5549726328125 0.600694810546875 0.55238534765625
0 0.53302113671875 0.539448921875 0.5541236796875 0.32599791015625 0.49954813671875 0.322116982421875 0.472260365234375 0.531040248046875 0.53302113671875 0.539448921875
0 0.45988991015625 0.5491512421875 0.48281163671875 0.3447557265625 0.4311467890625 0.33699387109375 0.3998568125 0.545270314453125 0.45988991015625 0.5491512421875
0 0.392216236328125 0.52521885546875 0.420231681640625 0.33634705078125 0.364200791015625 0.316942412109375 0.32890860546875 0.52457203515625 0.392216236328125 0.52521885546875
0 0.27869910546875 0.40620374609375 0.26196260546875 0.507107859375 0.32017651953125 0.518103822265625 0.36238160546875 0.330525658203125 0.307078388671875 0.31047419921875 0.27869910546875 0.40620374609375
0 0.217574498046875 0.39650142578125 0.200837998046875 0.510341966796875 0.25868807421875 0.508401501953125 0.296890953125 0.3240574453125 0.2437707578125 0.3124146640625 0.217574498046875 0.39650142578125
0 0.2430430859375 0.30982737890625 0.21102543359375 0.25614121484375 0.12988979296875 0.3770967890625 0.1509923359375 0.41719970703125 0.175369412109375 0.38485864453125 0.193561259765625 0.40167599609375 0.2408600625 0.327291552734375 0.2430430859375 0.30982737890625
0 0.12152154296875 0.467651763671875 0.14662629296875 0.424314740234375 0.120793869140625 0.38485864453125 0.073495064453125 0.456655802734375 0.042568923828125 0.539448921875 0.0756780859375 0.576317734375 0.097144466796875 0.5549726328125 0.098599814453125 0.529746603515625 0.12152154296875 0.467651763671875
0 0.21684682421875 0.442425734375 0.179735455078125 0.37968407421875 0.13825804296875 0.437251166015625 0.121157705078125 0.470239048828125 0.088776216796875 0.5595003828125 0.11897468359375 0.597662833984375 0.150628498046875 0.572436806640625 0.21684682421875 0.442425734375
0 0.08065723046875 1 0.0989686015625 0.925450892578125 0.03923865234375 0.908399033203125 0.001307955078125 0.995208498046875 0.08065723046875 1