0 0.05633762890625 1 0.0590007890625 0.764581416015625 0.027052443359375 0.7304159453125 0.037037037109375 1 0.05633762890625 1
0 0.201821765625 1 0.18963762109375 0.727557796875 0.098317986328125 0.7279812265625 0.10839275390625 1 0.201821765625 1
0 0.30587401953125 1 0.29081963671875 0.723694001953125 0.21007691796875 0.720703529296875 0.2225125 1 0.30587401953125 1
0 0.4318613984375 1 0.39443637109375 0.70850346484375 0.314934537109375 0.70048476953125 0.34595663671875 1 0.4318613984375 1
1 0.5147579921875 0.932418294921875 0.48385645703125 0.69532422265625 0.399014703125 0.69725612109375 0.42238566015625 0.942951107421875 0.5147579921875 0.932418294921875
1 0.604704421875 0.91418436328125 0.5676072890625 0.68320355078125 0.487240951171875 0.690375390625 0.51699569921875 0.935038267578125 0.604704421875 0.91418436328125
1 0.6821743828125 0.886608513671875 0.646309314453125 0.669627341796875 0.568227732421875 0.680689439453125 0.604563279296875 0.91037349609375 0.6821743828125 0.886608513671875
1 0.738825724609375 0.759315009765625 0.71805415625 0.66086764453125 0.64769133984375 0.66840998046875 0.668312947265625 0.782074349609375 0.738825724609375 0.759315009765625
1 0.808812158203125 0.74161036328125 0.788322873046875 0.650784728515625 0.72353521484375 0.654727916015625 0.741542732421875 0.755610001953125 0.808812158203125 0.74161036328125
1 0.792468955078125 0.6471326484375 0.82389389453125 0.782762421875 0.836352720703125 0.830160064453125 0.900378794921875 0.824920123046875 0.855733443359375 0.640595955078125 0.792468955078125 0.6471326484375
1 0.96345509375 0.813302275390625 0.914475470703125 0.627549033203125 0.856165693359375 0.633000685546875 0.90381033984375 0.821241580078125 0.96345509375 0.813302275390625
1 0.8099788984375 0.28860828125 0.77300825 0.14912878125 0.718709283203125 0.147117708984375 0.752093951171875 0.28831822265625 0.8099788984375 0.28860828125
1 0.75045887890625 0.2864038359375 0.715542275390625 0.146073498046875 0.655850369140625 0.139228115234375 0.689860271484375 0.283232529296875 0.75045887890625 0.2864038359375
1 0.6874216328125 0.287776779296875 0.65560328125 0.146634279296875 0.594310681640625 0.138802697265625 0.6264384296875 0.28829888671875 0.6874216328125 0.287776779296875
1 0.619410416015625 0.281550189453125 0.592881875 0.142457435546875 0.52709658984375 0.140020943359375 0.556510677734375 0.2866358828125 0.619410416015625 0.281550189453125
1 0.551289623046875 0.28644251171875 0.528766037109375 0.142863517578125 0.4605141796875 0.13013961328125 0.485882490234375 0.29421608203125 0.551289623046875 0.28644251171875
1 0.480489548828125 0.289381771484375 0.45929163671875 0.1393634765625 0.38807903515625 0.13116448828125 0.4077793828125 0.28298114453125 0.480489548828125 0.289381771484375
1 0.406769548828125 0.283870658203125 0.386581474609375 0.1329628515625 0.310216572265625 0.12642686328125 0.323892294921875 0.284508787109375 0.406769548828125 0.283870658203125
1 0.326152603515625 0.28922707421875 0.30910360546875 0.124531814453125 0.22514776171875 0.12420308203125 0.2383357578125 0.28319385546875 0.326152603515625 0.28922707421875
1 0.23523750390625 0.28400601953125 0.22768953515625 0.122443392578125 0.141542138671875 0.119252748046875 0.146548333984375 0.282575064453125 0.23523750390625 0.28400601953125
1 0.098813287109375 0.162162080078125 0.094047732421875 0.005337078125 0.00574316015625 0.000212708984375 0.005809765625 0.15686367578125 0.098813287109375 0.162162080078125
0 0.001237583984375 0.033414748046875 0.0110351171875 0.29794816796875 0.0270485 0.293906685546875 0.034566388671875 0.1449519375 0.029280875 0.058553158203125 0.001237583984375 0.033414748046875