0 0.835669015625 0.354413017578125 0.82993838671875 0.6061676015625 0.903158080078125 0.60222424609375 0.914736349609375 0.351955732421875 0.835669015625 0.354413017578125
0 0.907815650390625 0.67038462109375 0.898065390625 0.875509318359375 0.96025504296875 0.87323925390625 0.978707640625 0.676913974609375 0.907815650390625 0.67038462109375
0 0.830771783203125 0.687714322265625 0.8285866640625 0.863258001953125 0.889224369140625 0.862029361328125 0.8972848671875 0.688907861328125 0.831824904296875 0.687644115234375 0.830771783203125 0.687714322265625
0 0.7562220390625 0.70018796484375 0.76046616015625 0.86123366796875 0.813732013671875 0.860496484375 0.8147535 0.69909973828125 0.7562220390625 0.70018796484375
0 0.689792162109375 0.701802751953125 0.697583962890625 0.87574334375 0.75240176171875 0.87396473828125 0.746660732421875 0.698011513671875 0.689792162109375 0.701802751953125
0 0.562225759765625 0.705617390625 0.5785257421875 0.881804646484375 0.631569705078125 0.873578595703125 0.618068943359375 0.70283246875 0.562225759765625 0.705617390625
0 0.504573630859375 0.398059060546875 0.532652541015625 0.597847939453125 0.587359396484375 0.592324900390625 0.562495322265625 0.39419761328125 0.504573630859375 0.398059060546875
0 0.430356724609375 0.421765998046875 0.46697198828125 0.6425588046875 0.527609259765625 0.62350900390625 0.497091267578125 0.4126272421875 0.430356724609375 0.421765998046875
0 0.3935620390625 0.800339833984375 0.4137399375 0.893728322265625 0.44372616796875 0.890791283203125 0.464677224609375 0.867821529296875 0.437791416015625 0.726106458984375 0.387740400390625 0.728505234375 0.3935620390625 0.800339833984375
0 0.316129861328125 0.804564021484375 0.345314765625 0.89922795703125 0.39142979296875 0.870828775390625 0.366678400390625 0.747730556640625 0.31269183203125 0.741950087890625 0.316129861328125 0.804564021484375
0 0.359631154296875 0.42085329296875 0.3942506875 0.6277097890625 0.451174296875 0.607969609375 0.41891063671875 0.409397669921875 0.359631154296875 0.42085329296875
0 0.287797421875 0.43595973828125 0.325549017578125 0.659490662109375 0.38915149609375 0.63367748046875 0.352065580078125 0.43261315234375 0.287797421875 0.43595973828125
0 0.236696318359375 0.5631768359375 0.2699554609375 0.670700556640625 0.325493109375 0.63979728515625 0.276573658203125 0.44890143359375 0.21837503515625 0.46122295703125 0.236696318359375 0.5631768359375
0 0.174285208984375 0.57577919140625 0.2093454921875 0.672865306640625 0.257622236328125 0.64619792578125 0.212638337890625 0.46348131640625 0.15640727734375 0.4709818828125 0.174285208984375 0.57577919140625
0 0.1228785703125 0.674877939453125 0.17315277734375 0.73343150390625 0.21239391015625 0.66891025 0.14917670703125 0.583080833984375 0.13174516015625 0.6001882109375 0.102866658203125 0.56928494140625 0.0916710625 0.60098390234375 0.1228785703125 0.674877939453125
0 0.073627580078125 0.526212265625 0.137731484375 0.60635482421875 0.175947232421875 0.542839884765625 0.101892845703125 0.41177304296875 0.06935615234375 0.382051611328125 0.029338396484375 0.4203618359375 0.073627580078125 0.526212265625
0 0.016066029296875 0.524421958984375 0.074239083984375 0.600270119140625 0.0985709609375 0.56675744921875 0.07456975390625 0.522397623046875 0.04560717578125 0.453043712890625 0.042890728515625 0.432589748046875 0.0124329765625 0.41961294921875 0.016066029296875 0.524421958984375
1 0.04964291796875 0 0.01591477734375 0.0029278125 0.036646107421875 0.061574986328125 0.119426669921875 0.041986923828125 0.1101946640625 0 0.04964291796875 0
1 0.109711986328125 0 0.12114503515625 0.046562150390625 0.2095790859375 0.021907404296875 0.2030155390625 0 0.109711986328125 0
1 0.206537623046875 0 0.2117962734375 0.025511419921875 0.3030018125 0.00536169140625 0.301707958984375 0 0.206537623046875 0
1 0.58318764453125 0.39184232421875 0.598157060546875 0.5332693828125 0.66807455859375 0.523429123046875 0.658935451171875 0.3821312890625 0.58318764453125 0.39184232421875
1 0.662041802734375 0.3788167421875 0.67246643359375 0.52417215234375 0.744128427734375 0.51421559375 0.741615537109375 0.380244646484375 0.662041802734375 0.3788167421875
1 0.7447525234375 0.377963876953125 0.748811052734375 0.51493923828125 0.82308979296875 0.50480823046875 0.826927208984375 0.359019927734375 0.7447525234375 0.377963876953125
1 0.918329546875 0.34671152734375 0.9093198984375 0.494916283203125 0.98773039453125 0.486581458984375 0.997521595703125 0.384418517578125 0.918329546875 0.34671152734375
1 1 0.69218156640625 0.97931899609375 0.69430588671875 0.9665286484375 0.803401591796875 1 0.801756162109375 1 0.69218156640625
1 0.624635134765625 0.718987296875 0.634247580078125 0.817267115234375 0.693285060546875 0.813849193359375 0.68717692578125 0.715853662109375 0.624635134765625 0.718987296875
1 0.497715404296875 0.73210979296875 0.51271425390625 0.825369337890625 0.57017546484375 0.8179132265625 0.55806879296875 0.7239429609375 0.497715404296875 0.73210979296875
1 0.44016230078125 0.73646457421875 0.45923164453125 0.82945275390625 0.512637677734375 0.8227848984375 0.497057328125 0.72956412109375 0.44016230078125 0.73646457421875