0 0.79253246875 0.97037259765625 0.76351066796875 0.901164703125 0.6931592421875 0.955354853515625 0.70805112109375 0.97350153515625 0.79253246875 0.97037259765625
0 0.8868770234375 0.964760865234375 0.830042955078125 0.872908275390625 0.77223287890625 0.912816642578125 0.7956422109375 0.970257421875 0.8868770234375 0.964760865234375
0 0.95164764453125 0.964479443359375 0.88846005078125 0.8210024453125 0.83275726171875 0.856227 0.883248990234375 0.964895236328125 0.95164764453125 0.964479443359375
0 0.99263558203125 0.957159271484375 0.9935842890625 0.829083935546875 0.951078072265625 0.761571802734375 0.897871181640625 0.809600052734375 0.9656503515625 0.962764486328125 0.99263558203125 0.957159271484375
0 0.969522708984375 0.131021615234375 0.933240724609375 0.066223373046875 0.892247962890625 0.099237822265625 0.93978053125 0.19984001171875 0.980108556640625 0.1967715703125 0.969522708984375 0.131021615234375
0 0.897220185546875 0.1455105625 0.86322923046875 0.07039119921875 0.829325060546875 0.103143111328125 0.8494538828125 0.136256013671875 0.8687896171875 0.21664259375 0.909514001953125 0.219858712890625 0.897220185546875 0.1455105625
0 0.8507654921875 0.138569650390625 0.82586827734375 0.091460064453125 0.791620251953125 0.110838826171875 0.83064760546875 0.223567095703125 0.86967569140625 0.21660977734375 0.8701187265625 0.2165933671875 0.8507654921875 0.138569650390625
0 0.806438466796875 0.143361013671875 0.77936107421875 0.091607744140625 0.74728155859375 0.1172054296875 0.76211727734375 0.14736475390625 0.78098663671875 0.2309182265625 0.824888126953125 0.22378041015625 0.806438466796875 0.143361013671875
0 0.920093650390625 0.34623908203125 0.8741815390625 0.266049408203125 0.826869578125 0.315046005859375 0.893079341796875 0.465350365234375 0.939709064453125 0.448662642578125 0.920093650390625 0.34623908203125
0 0.838154802734375 0.405967015625 0.7936651484375 0.313126177734375 0.741538125 0.35442705859375 0.79966820703125 0.519203958984375 0.857787716796875 0.50602771484375 0.838154802734375 0.405967015625
1 0.9969020234375 0.381189767578125 0.97069903515625 0.33097892578125 0.9285405234375 0.341989208984375 0.977909416015625 0.4338619296875 0.99607976171875 0.432401548828125 0.9969020234375 0.381189767578125
1 0.92989588671875 0.338395689453125 0.930330173828125 0.339560712890625 0.91434583984375 0.34487715625 0.9508725 0.436438107421875 0.976597806640625 0.43154829296875 0.92989588671875 0.338395689453125
1 0.93187587890625 0.190683916015625 0.8916882421875 0.115006654296875 0.882372798828125 0.11692648046875 0.910610109375 0.191471537109375 0.93187587890625 0.190683916015625
1 0.88778040234375 0.463184408203125 0.84024783203125 0.36258221875 0.82115057421875 0.369588767578125 0.85807359375 0.467434279296875 0.88778040234375 0.463184408203125
1 0.7233976796875 0.23226374609375 0.6890336953125 0.147709337890625 0.64200177734375 0.15890012109375 0.67592272265625 0.243470935546875 0.7233976796875 0.23226374609375
1 0.67683796875 0.239500013671875 0.642030947265625 0.154962015625 0.616288134765625 0.162214693359375 0.64089363671875 0.2487053359375 0.67683796875 0.239500013671875
0 0.7642566171875 0.157521783203125 0.729373751953125 0.083222861328125 0.691359732421875 0.132662494140625 0.730800953125 0.2493124609375 0.78577253125 0.242552046875 0.7642566171875 0.157521783203125
1 0.786441279296875 0.511032390625 0.739928970703125 0.392282099609375 0.687976970703125 0.40995434765625 0.72965087890625 0.52415940625 0.786441279296875 0.511032390625
1 0.729202009765625 0.524963439453125 0.6879828046875 0.4091667265625 0.631600439453125 0.4270030625 0.67368237890625 0.54591744140625 0.729202009765625 0.524963439453125
1 0.673664875 0.5482803046875 0.6311690703125 0.42544423046875 0.573888958984375 0.444888625 0.60972754296875 0.56954607421875 0.673664875 0.5482803046875
1 0.60972754296875 0.56954607421875 0.57123073828125 0.444987078125 0.511758783203125 0.461363033203125 0.5426947890625 0.590139083984375 0.60972754296875 0.56954607421875
1 0.54268312109375 0.591714326171875 0.50952026171875 0.4645955625 0.4478447890625 0.479478318359375 0.47516648828125 0.61783709375 0.54268312109375 0.591714326171875
0 0.625807412109375 0.192570921875 0.5984911796875 0.11326732421875 0.553103056640625 0.14172013671875 0.584406255859375 0.2807188515625 0.63760568359375 0.274024072265625 0.625807412109375 0.192570921875
0 0.58479094921875 0.288578654296875 0.54696471484375 0.13328602734375 0.499886125 0.150777779296875 0.53243675390625 0.300753962890625 0.58479094921875 0.288578654296875
0 0.534092216796875 0.31644075 0.494692201171875 0.134434640625 0.44310155859375 0.16311717578125 0.4716298515625 0.317966765625 0.534092216796875 0.31644075
0 0.466791451171875 0.313421537109375 0.43473053125 0.15712797265625 0.3810180546875 0.173290615234375 0.410898796875 0.324940494140625 0.466791451171875 0.313421537109375
1 0.401315341796875 0.30324809765625 0.379467244140625 0.2032694453125 0.31741874609375 0.20871715625 0.3374421875 0.31585003515625 0.401315341796875 0.30324809765625
1 0.3365444453125 0.31745809375 0.317407076171875 0.2102923984375 0.25351641796875 0.225257201171875 0.267337345703125 0.33261980078125 0.3365444453125 0.31745809375
1 0.268689794921875 0.32942008984375 0.253528087890625 0.223681958984375 0.18698504296875 0.23795758984375 0.19592673046875 0.34628830859375 0.268689794921875 0.32942008984375
1 0.193373837890625 0.34480805078125 0.18442048046875 0.23805257421875 0.1143681484375 0.247733748046875 0.118838625 0.36174190625 0.193373837890625 0.34480805078125
1 0.118750802734375 0.360957751953125 0.112537345703125 0.243077126953125 0.03803130859375 0.256072875 0.038036412109375 0.37497084375 0.118750802734375 0.360957751953125
0 0 0.44792655078125 0.0318101953125 0.43819384765625 0.03285488671875 0.237366875 0 0.2416958125 0 0.44792655078125
1 0.13671476171875 0.746120880859375 0.135783109375 0.57292628125 0.04038432421875 0.5961446953125 0.039456318359375 0.78121924609375 0.13671476171875 0.746120880859375
1 0.23176385546875 0.7103169375 0.21838049609375 0.54388275390625 0.134448162109375 0.57376312890625 0.13758916796875 0.7476633046875 0.23176385546875 0.7103169375
1 0.316156728515625 0.678057291015625 0.298727693359375 0.519646994140625 0.2192665703125 0.5438499375 0.2317755234375 0.708741693359375 0.316156728515625 0.678057291015625
1 0.399202986328125 0.64820973046875 0.37459784765625 0.501876294921875 0.300470669921875 0.52351946484375 0.320581263671875 0.67868082421875 0.399202986328125 0.64820973046875
1 0.47516648828125 0.61783709375 0.44650984375 0.480315166015625 0.374189818359375 0.4971669765625 0.399651857421875 0.647405701171875 0.47516648828125 0.61783709375