0 1 0.007407408203125 0.9807074921875 0.0072645 0.9867976015625 0.243736365234375 1 0.256972 1 0.007407408203125
0 0.9488918359375 0.281543330078125 0.928661314453125 0.00843128125 0.834941875 0.00618475390625 0.85771334375 0.28467670703125 0.9488918359375 0.281543330078125
0 0.837556333984375 0.292144947265625 0.81424124609375 0.006314134765625 0.730619423828125 0.00541199609375 0.756813615234375 0.2915468515625 0.837556333984375 0.292144947265625
0 0.733592623046875 0.3154970859375 0.689890794921875 0.005110302734375 0.603546826171875 0.006023025390625 0.653902595703125 0.309828423828125 0.733592623046875 0.3154970859375
1 0.649747693359375 0.32122396875 0.617296525390625 0.075952412109375 0.525441720703125 0.089237515625 0.5650941328125 0.325675271484375 0.649747693359375 0.32122396875
1 0.561897828125 0.330729962890625 0.52310991796875 0.08668105859375 0.436295099609375 0.110160224609375 0.48190787109375 0.340294177734375 0.561897828125 0.330729962890625
1 0.481381525390625 0.3428294609375 0.43657738671875 0.113971091796875 0.35995428515625 0.1400649375 0.403817466796875 0.356220421875 0.481381525390625 0.3428294609375
1 0.40248248828125 0.357480125 0.377673634765625 0.244302701171875 0.308101810546875 0.2691791875 0.3324960546875 0.3671184375 0.40248248828125 0.357480125
1 0.327250236328125 0.3734275390625 0.305525947265625 0.2729688828125 0.238868140625 0.288979810546875 0.262697814453125 0.379297330078125 0.327250236328125 0.3734275390625
1 0.20808128515625 0.201149939453125 0.144337498046875 0.208295314453125 0.19575772265625 0.39149739453125 0.258692876953125 0.383076439453125 0.222280876953125 0.248230009765625 0.20808128515625 0.201149939453125
1 0.1956077578125 0.399113833984375 0.14104709765625 0.21207971484375 0.081778724609375 0.221797423828125 0.137580267578125 0.406301548828125 0.1956077578125 0.399113833984375
1 0.350895740234375 0.88145237109375 0.312320099609375 0.7410872265625 0.254503904296875 0.742514314453125 0.2965967734375 0.881050158203125 0.350895740234375 0.88145237109375
1 0.41396091796875 0.88748558984375 0.37465691015625 0.744332015625 0.314023923828125 0.742955205078125 0.354097125 0.882403763671875 0.41396091796875 0.88748558984375
1 0.4754318515625 0.88608557421875 0.437803734375 0.73737834375 0.376923662109375 0.739710416015625 0.413932986328125 0.88006395703125 0.4754318515625 0.88608557421875
1 0.54250843359375 0.882871724609375 0.507697107421875 0.73696839453125 0.44507238671875 0.74392593359375 0.4767231484375 0.88238442578125 0.54250843359375 0.882871724609375
1 0.609365861328125 0.890788390625 0.57794714453125 0.7272843046875 0.512918162109375 0.737007068359375 0.540735853515625 0.880075560546875 0.609365861328125 0.890788390625
1 0.681663498046875 0.887613216796875 0.6563596484375 0.7362142421875 0.58351197265625 0.73196391796875 0.610244630859375 0.881518119140625 0.681663498046875 0.887613216796875
1 0.75959471484375 0.890045841796875 0.740074849609375 0.73219596484375 0.657335103515625 0.7352937890625 0.6830923046875 0.885768443359375 0.75959471484375 0.890045841796875
1 0.8446291484375 0.889748046875 0.825562630859375 0.730973849609375 0.737642654296875 0.727539556640625 0.760776435546875 0.891909951171875 0.8446291484375 0.889748046875
1 0.92830352734375 0.89222321484375 0.917246923828125 0.728869958984375 0.828626509765625 0.7300688671875 0.842156130859375 0.8915850859375 0.92830352734375 0.89222321484375
1 1 0.8488361015625 0.969382265625 0.847998951171875 0.979630265625 1 1 1 1 0.8488361015625