0 0.4445595859375 1 0.422119912109375 0.868608275390625 0.26546558203125 0.95592071875 0.269699482421875 1 0.4445595859375 1
0 0.25530421875 0.818930505859375 0.2747801640625 0.94011415625 0.415769060546875 0.87161905078125 0.397563287109375 0.78280121875 0.34421613671875 0.780543138671875 0.25530421875 0.818930505859375
0 0.3476032578125 0.69097261328125 0.259961509765625 0.73312344921875 0.272239822265625 0.809898185546875 0.341675796875 0.782048525390625 0.40264396875 0.773768896484375 0.385284974609375 0.690219919921875 0.3476032578125 0.69097261328125
0 0.236251666015625 0.6126924921875 0.248529978515625 0.709789951171875 0.382744634765625 0.669897197265625 0.364538861328125 0.589358994140625 0.315425611328125 0.58559552734375 0.236251666015625 0.6126924921875
0 0.163640431640625 0.0288657265625 0.14415606640625 0.02836371484375 0.1468386953125 0.05823346484375 0.171547130859375 0.055974408203125 0.201762015625 0.071285794921875 0.197949857421875 0.0406630234375 0.163640431640625 0.0288657265625
0 0.1468386953125 0.056727427734375 0.154463013671875 0.11470988671875 0.2082568046875 0.10818372265625 0.205997748046875 0.0722898203125 0.170699984375 0.05572340234375 0.1468386953125 0.056727427734375
0 0.204411208984375 0.18860278125 0.165223568359375 0.19425144921875 0.167694859375 0.232536873046875 0.218356359375 0.226888205078125 0.24095103515625 0.233478318359375 0.2374206171875 0.202410638671875 0.204411208984375 0.18860278125
0 0.1705191953125 0.25293484375 0.242892765625 0.23630265234375 0.21923896484375 0.22531912890625 0.170342673828125 0.231595427734375 0.1705191953125 0.25293484375
0 0.4226087578125 0.05953382421875 0.42696914453125 0.05395252734375 0.422783171875 0.013953240234375 0.388423318359375 0.01085251953125 0.369412029296875 0.021084896484375 0.37534215625 0.046200728515625 0.382667607421875 0.04372015234375 0.41074850390625 0.044340294921875 0.415806552734375 0.058603607421875 0.4226087578125 0.05953382421875
0 0.3572029453125 0.021084896484375 0.35859826953125 0.008061873046875 0.329645294921875 0.002480576171875 0.30365738671875 0.0142633125 0.304355046875 0.03937914453125 0.31883153515625 0.026976263671875 0.33313360546875 0.019844607421875 0.3572029453125 0.021084896484375
0 0.35057515625 0.070076271484375 0.361388916015625 0.05953382421875 0.37290033984375 0.052092095703125 0.374993326171875 0.043410080078125 0.37115618359375 0.02356547265625 0.33487776171875 0.01953453515625 0.315343224609375 0.029766912109375 0.3041806328125 0.039069072265625 0.305401541015625 0.06666548046875 0.3183082890625 0.07255684765625 0.35057515625 0.070076271484375
0 0.41179499609375 0.04372015234375 0.374644494140625 0.047441017578125 0.34551710546875 0.07255684765625 0.3582494375 0.10108347265625 0.38633033203125 0.07224677734375 0.419643693359375 0.06821583984375 0.41179499609375 0.04372015234375
0 0.42539940625 0.0691460546875 0.384586177734375 0.072866919921875 0.35667969921875 0.103564048828125 0.37010969140625 0.126509376953125 0.39958591015625 0.09953311328125 0.43132953125 0.09426188671875 0.42539940625 0.0691460546875
0 0.4358643359375 0.09426188671875 0.398365001953125 0.09829282421875 0.36819112109375 0.12992016796875 0.379876958984375 0.154725927734375 0.40324863671875 0.133020888671875 0.44580601953125 0.123718728515625 0.4358643359375 0.09426188671875
0 0.39958591015625 0.193174857421875 0.403946298828125 0.178291400390625 0.42034135546875 0.15875686328125 0.435689919921875 0.153175568359375 0.449468744140625 0.149454705078125 0.442492125 0.123718728515625 0.4426665390625 0.12325362109375 0.40516720703125 0.131160455078125 0.38702799609375 0.14728419921875 0.3905163046875 0.17860147265625 0.391737212890625 0.19286478515625 0.39958591015625 0.193174857421875
0 0.476851978515625 0.19751586328125 0.466038216796875 0.14852448828125 0.42138784765625 0.156586359375 0.39662084765625 0.1879036328125 0.40429512890625 0.21891083203125 0.41266707421875 0.22170148046875 0.44127121484375 0.2021669453125 0.476851978515625 0.19751586328125
0 0.479293794921875 0.196275576171875 0.4388293984375 0.20309716015625 0.405690453125 0.22759284765625 0.415806552734375 0.264491416015625 0.4161553828125 0.26418134375 0.4880145703125 0.250848248046875 0.479293794921875 0.196275576171875
0 0.536778126953125 0.054629896484375 0.492260013671875 0.055330279296875 0.4772893203125 0.083345611328125 0.49994234375 0.113111900390625 0.51983760546875 0.087898103515625 0.542687609375 0.082645228515625 0.536778126953125 0.054629896484375
0 0.5574613203125 0.079493501953125 0.5204285546875 0.08544676171875 0.491866048828125 0.1208161171875 0.514716052734375 0.151983171875 0.569477271484375 0.1393762734375 0.563567787109375 0.09420155078125 0.5574613203125 0.079493501953125
0 0.6100557265625 0.163539498046875 0.573810892578125 0.17474562890625 0.542096662109375 0.2013601953125 0.55706735546875 0.2423326171875 0.62837512890625 0.22097092578125 0.620101849609375 0.1803486953125 0.6100557265625 0.163539498046875
0 0.668559619140625 0.274550248046875 0.664029013671875 0.247585490234375 0.65654366796875 0.228675142578125 0.617738056640625 0.239531083984375 0.584053998046875 0.2727992890625 0.601191501953125 0.310269794921875 0.617147109375 0.307818453125 0.647482458984375 0.279803123046875 0.668559619140625 0.274550248046875
0 0.695743244140625 0.31447209375 0.681757466796875 0.273499671875 0.64590659765625 0.280853697265625 0.609267796875 0.3123709453125 0.6277841796875 0.34844068359375 0.64176995703125 0.346339533203125 0.669544533203125 0.323577078125 0.695743244140625 0.31447209375
0 0.725093681640625 0.356495091796875 0.708547126953125 0.316223052734375 0.672893240234375 0.321475927734375 0.63014797265625 0.357895857421875 0.652407029296875 0.39851808984375 0.66442298046875 0.396767130859375 0.704607470703125 0.36560007421875 0.725093681640625 0.356495091796875
0 0.75798980859375 0.376456015625 0.7489286015625 0.35299317578125 0.703031609375 0.3652498828125 0.6569376328125 0.402720388671875 0.67407513671875 0.448945685546875 0.697319107421875 0.45279779296875 0.762717396484375 0.420580162109375 0.75798980859375 0.376456015625
0 0.589695203125 0.38009728515625 0.57509511328125 0.34842251171875 0.524860900390625 0.359860625 0.47883349609375 0.395934673828125 0.496403095703125 0.44520654296875 0.5241185234375 0.4474061796875 0.595386765625 0.41969075390625 0.589695203125 0.38009728515625
0 0.62978358984375 0.4746816796875 0.619142845703125 0.449605818359375 0.562227236328125 0.467642841796875 0.5132303203125 0.507676236328125 0.53277959375 0.56310708984375 0.560000103515625 0.5701459296875 0.6379497421875 0.530992388671875 0.62978358984375 0.4746816796875
0 0.864779662109375 0.54388182421875 0.850035876953125 0.5136381640625 0.806371591796875 0.532288419921875 0.7536342109375 0.57261330078125 0.78737479296875 0.637637169921875 0.80750573046875 0.6295721953125 0.87300215625 0.589247314453125 0.864779662109375 0.54388182421875
0 0.8996543828125 0.5927757421875 0.84663346484375 0.61495442578125 0.79503021875 0.656287427734375 0.83217321484375 0.715766626953125 0.85031941015625 0.713246322265625 0.925172470703125 0.658303671875 0.8996543828125 0.5927757421875
0 0.950123490234375 0.6557833671875 0.885477666015625 0.692075759765625 0.8318896796875 0.739457494140625 0.87045034765625 0.81002603515625 0.90220619140625 0.79692044921875 0.977909853515625 0.736433126953125 0.950123490234375 0.6557833671875
0 1 0.771213337890625 0.9878335546875 0.768188970703125 0.901355587890625 0.82313162109375 0.94700461328125 0.90983011328125 1 0.869505232421875 1 0.771213337890625
1 0.83051124609375 1 0.837493419921875 0.996940146484375 0.7860458203125 0.88195884375 0.700054833984375 0.938796193359375 0.720633873046875 1 0.83051124609375 1
1 0.73643563671875 0.785923326171875 0.65434472265625 0.832180904296875 0.699687349609375 0.938142890625 0.78420840625 0.884572056640625 0.73643563671875 0.785923326171875
1 0.65522192578125 0.832307830078125 0.736803119140625 0.787883234375 0.693807625 0.699687349609375 0.617003708984375 0.736272310546875 0.65522192578125 0.832307830078125
1 0.6166362265625 0.73953882421875 0.694175107421875 0.70034065234375 0.65705933984375 0.62390421875 0.583930251953125 0.65656936328125 0.6166362265625 0.73953882421875
1 0.58466521875 0.655916060546875 0.65705933984375 0.623250916015625 0.6239858828125 0.55596072265625 0.554899107421875 0.582746140625 0.58466521875 0.655916060546875
1 0.7325119765625 0.51793776171875 0.78997442578125 0.4945470234375 0.759095072265625 0.43965039453125 0.6981419140625 0.461131685546875 0.7325119765625 0.51793776171875
1 0.7577524921875 0.56376451171875 0.811992748046875 0.52653027734375 0.78970591015625 0.4931149375 0.7325119765625 0.517460400390625 0.7577524921875 0.56376451171875
1 0.516087984375 0.49502438671875 0.57623559375 0.461131685546875 0.56791159375 0.43821830859375 0.504541791015625 0.462086408203125 0.516087984375 0.49502438671875
1 0.47231985546875 0.38570848828125 0.528171208984375 0.360885666015625 0.52280088671875 0.344655357421875 0.46399585546875 0.3604083046875 0.47231985546875 0.38570848828125
1 0.465606953125 0.360885666015625 0.5211897890625 0.343223271484375 0.500782564453125 0.29930596875 0.443051599609375 0.314104189453125 0.465606953125 0.360885666015625
1 0.44197753515625 0.316491001953125 0.50105108203125 0.301692779296875 0.482254953125 0.261117009765625 0.42506101953125 0.275437869140625 0.44197753515625 0.316491001953125
1 0.5762455859375 0.260989439453125 0.62709078515625 0.23637580078125 0.622555296875 0.230010205078125 0.569800419921875 0.2461363828125 0.5762455859375 0.260989439453125
1 0.534471361328125 0.18120730078125 0.58054236328125 0.168476109375 0.56502622265625 0.1391943671875 0.517522962890625 0.150228068359375 0.534471361328125 0.18120730078125
1 0.1618218359375 0.148383998046875 0.22533386328125 0.1380014453125 0.215843560546875 0.104690751953125 0.1559816484375 0.11550591015625 0.1618218359375 0.148383998046875
1 0.166688658203125 0.1860207578125 0.235310849609375 0.1721773515625 0.225577205078125 0.13627101953125 0.16279519921875 0.148383998046875 0.166688658203125 0.1860207578125
1 0.16790536328125 0.1951054921875 0.205866576171875 0.189481607421875 0.24334110546875 0.1994315546875 0.23579753125 0.171312138671875 0.166932 0.1847229375 0.16790536328125 0.1951054921875