0 0.312555123046875 0.889817423828125 0.351624513671875 0.586233791015625 0.2816251875 0.58511235546875 0.241470537109375 0.8714041640625 0.312555123046875 0.889817423828125
0 0.445499576171875 0.880954458984375 0.457980076171875 0.597472267578125 0.385267599609375 0.593637681640625 0.36953131640625 0.884089658203125 0.445499576171875 0.880954458984375
0 0.5355762265625 0.91546575390625 0.545886203125 0.61765812109375 0.473716357421875 0.606069947265625 0.457980076171875 0.911956744140625 0.5355762265625 0.91546575390625
0 0.64790072265625 0.95524659375 0.644482802734375 0.619038 0.56976194140625 0.6112430234375 0.5692193125 0.957597990234375 0.64790072265625 0.95524659375
1 0.74595469140625 0.88045321875 0.736729974609375 0.632181712890625 0.648823845703125 0.6235719765625 0.6477385859375 0.855166642578125 0.74595469140625 0.88045321875
1 0.84813134765625 0.8888406875 0.834565587890625 0.6408585859375 0.74394630859375 0.627606345703125 0.74882998046875 0.8819553125 0.84813134765625 0.8888406875
1 0.949060607421875 0.8936881875 0.929525912109375 0.6412806328125 0.837278740234375 0.638748357421875 0.85192976171875 0.893410841796875 0.949060607421875 0.8936881875
1 1 0.640441064453125 0.9344095859375 0.638061025390625 0.945262193359375 0.766604142578125 1 0.76681366015625 1 0.640441064453125
1 1 0.20344269921875 0.99898260546875 0.031798142578125 0.9327816953125 0.03428218359375 0.95285901953125 0.20079737109375 1 0.20344269921875
1 0.947975345703125 0.2030523046875 0.930611171875 0.0353915625 0.855728173828125 0.030736998046875 0.8703791953125 0.199543294921875 0.947975345703125 0.2030523046875
1 0.8671234140625 0.201689697265625 0.853015021484375 0.039599962890625 0.77541887109375 0.032232248046875 0.785728849609375 0.198433916015625 0.8671234140625 0.201689697265625
1 0.78464358984375 0.19754158984375 0.77541887109375 0.036090951171875 0.69782272265625 0.03258194140625 0.70270639453125 0.19721601171875 0.78464358984375 0.19754158984375
1 0.69945061328125 0.189715654296875 0.6967374609375 0.03747767578125 0.620769201171875 0.03193078515625 0.620226572265625 0.19113855078125 0.69945061328125 0.189715654296875
1 0.616428158203125 0.192356455078125 0.619141310546875 0.03975672265625 0.54317305078125 0.036139185546875 0.537746748046875 0.19181382421875 0.616428158203125 0.192356455078125
1 0.535033595703125 0.191030025390625 0.54317305078125 0.038068537109375 0.463949009765625 0.03852676171875 0.4590653359375 0.188377166015625 0.535033595703125 0.191030025390625
1 0.45852270703125 0.188413341796875 0.46611953125 0.040311412109375 0.39069390234375 0.03472834765625 0.377128142578125 0.184192880859375 0.45852270703125 0.188413341796875
1 0.288679384765625 0.17465464453125 0.302787775390625 0.046376814453125 0.24364105859375 0.040673166015625 0.22410636328125 0.172206779296875 0.288679384765625 0.17465464453125
1 0.13457234375 0.17238765625 0.15139388671875 0.036211537109375 0.096045583984375 0.033148689453125 0.0710845859375 0.16697341015625 0.13457234375 0.17238765625
1 0.07162721484375 0.165972556640625 0.09658821484375 0.034077189453125 0.026046259765625 0.03395660546875 0 0.149524828125 0.07162721484375 0.165972556640625
0 0.1573647734375 0 0.137828126953125 0.190499453125 0.21542427734375 0.188220404296875 0.237930703125 0 0.1573647734375 0
0 0.3126843359375 0 0.291392537109375 0.218848876953125 0.35922133984375 0.21432695703125 0.381517890625 0 0.3126843359375 0