1 1 0.681624283203125 0.952272990234375 0.680640724609375 0.936161638671875 0.83439410546875 1 0.832502599609375 1 0.681624283203125
1 0.9384841875 0.835646634765625 0.955981134765625 0.680530853515625 0.871240126953125 0.6803990078125 0.862642724609375 0.83525109765625 0.9384841875 0.835646634765625
1 0.8610618046875 0.833976595703125 0.87188409375 0.67905858203125 0.791202205078125 0.673521087890625 0.787933544921875 0.84010739453125 0.8610618046875 0.833976595703125
1 0.786059634765625 0.8348775390625 0.790362912109375 0.672224609375 0.7110086328125 0.67457584765625 0.711603767578125 0.833119603515625 0.786059634765625 0.8348775390625
1 0.70992518359375 0.8305266484375 0.710813306640625 0.671938947265625 0.627653220703125 0.673081603515625 0.6343767109375 0.834086466796875 0.70992518359375 0.8305266484375
1 0.63383040625 0.83674534375 0.6277508828125 0.674400056640625 0.547810623046875 0.6688405859375 0.55853524609375 0.8336909296875 0.63383040625 0.83674534375
1 0.556408025390625 0.8350753046875 0.548552251953125 0.668818611328125 0.4673240625 0.6659399921875 0.482596123046875 0.8319769453125 0.556408025390625 0.8350753046875
1 0.47982493359375 0.834701744140625 0.467226400390625 0.664621541015625 0.38342234765625 0.667104625 0.40388580859375 0.8329877578125 0.47982493359375 0.834701744140625
1 0.8820410078125 0 0.867583865234375 0.24974890625 0.962161375 0.25223198828125 0.9822767265625 0 0.8820410078125 0
1 0.79310349609375 0 0.782803181640625 0.2390474765625 0.86570995703125 0.244519048828125 0.88173832421875 0 0.79310349609375 0
1 0.776030861328125 0.23792679296875 0.778579255859375 0.101752759765625 0.68384609765625 0.107202359375 0.6827809609375 0.24333244140625 0.776030861328125 0.23792679296875
1 0.683620251953125 0.24462891796875 0.683650771484375 0.10456545703125 0.586439412109375 0.11669520703125 0.5906236640625 0.243420337890625 0.683620251953125 0.24462891796875
1 0.481091580078125 0 0.498115392578125 0.248804013671875 0.588496439453125 0.244804712890625 0.58025895703125 0 0.481091580078125 0
1 0.3795836015625 0 0.40463048828125 0.241003177734375 0.49604615625 0.240937255859375 0.481012998046875 0 0.3795836015625 0
1 0.280620962890625 0 0.310501619140625 0.234542767578125 0.40349820703125 0.23575134765625 0.3779945546875 0 0.280620962890625 0
0 0.979564525462963 0.13520688657407406 0.04087094907407396 0.27041377314814813