0 1 0.863863046875 0.94896371875 0.8523606953125 0.931836533203125 1 1 1 1 0.863863046875
0 0.929037263671875 1 0.944597373046875 0.859826716796875 0.878700818359375 0.847414818359375 0.867767515625 1 0.929037263671875 1
0 0.722245580078125 0.7977870234375 0.723776447265625 0.99225988671875 0.77434123828125 0.989765626953125 0.782374990234375 0.80045944140625 0.722245580078125 0.7977870234375
0 0.3230018828125 0.814270935546875 0.34740057421875 0.968646525390625 0.40117676171875 0.961943033203125 0.380833974609375 0.80839724609375 0.3230018828125 0.814270935546875
0 0.26119343359375 0.88687041796875 0.279973337890625 0.980589158203125 0.310743783203125 0.974162265625 0.334500689453125 0.96612458203125 0.306498056640625 0.788205412109375 0.24476373046875 0.7802653515625 0.26119343359375 0.88687041796875
0 0.202889494140625 0.89856898828125 0.22658222265625 0.979515296875 0.27169701953125 0.958786533203125 0.23895512109375 0.797544744140625 0.184436810546875 0.795771248046875 0.202889494140625 0.89856898828125
0 0.133005400390625 0.904556576171875 0.151784400390625 0.97359279296875 0.186784298828125 0.9719006484375 0.208951203125 0.95275013671875 0.180438759765625 0.79624309375 0.11494682421875 0.777743408203125 0.133005400390625 0.904556576171875
1 0.036113890625 0.812562521484375 0.039382474609375 0.88610569921875 0.0494702578125 0.915783298828125 0.103920771484375 0.907810697265625 0.06858009375 0.811407306640625 0.036113890625 0.812562521484375
1 0.068917255859375 0.81077275390625 0.104768650390625 0.9104465390625 0.136194439453125 0.910544162109375 0.11366687109375 0.814710244140625 0.068917255859375 0.81077275390625
1 0.027841185546875 0.626426693359375 0.067513462890625 0.622993591796875 0.022517982421875 0.48199244921875 0.027841185546875 0.626426693359375
1 0.024435205078125 0.4840262734375 0.066135884765625 0.624880984375 0.134083779296875 0.6246531953125 0.093452439453125 0.48319647265625 0.024435205078125 0.4840262734375
1 0.096043986328125 0.483961193359375 0.135519208984375 0.624067455078125 0.205952890625 0.630445533203125 0.17131365625 0.484058814453125 0.096043986328125 0.483961193359375
1 0.171063271484375 0.48664584375 0.20702223046875 0.629843521484375 0.276579107421875 0.6329349375 0.246727955078125 0.4874105625 0.171063271484375 0.48664584375
1 0.24864517578125 0.489444388671875 0.278043462890625 0.63300001953125 0.347349953125 0.63867846484375 0.32461809765625 0.48892373046875 0.24864517578125 0.489444388671875
1 0.32461809765625 0.48892373046875 0.348843234375 0.63939437109375 0.421579208984375 0.64002892578125 0.40324041796875 0.4904694375 0.32461809765625 0.48892373046875
1 0.403972595703125 0.490501978515625 0.421521357421875 0.63872727734375 0.49366978125 0.642583412109375 0.4818338125 0.4913643203125 0.403972595703125 0.490501978515625
1 0.48332709375 0.492080228515625 0.495471298828125 0.64201394140625 0.568717990234375 0.645918888671875 0.560908998046875 0.4948787734375 0.48332709375 0.492080228515625
1 0.559357869140625 0.49286121875 0.56950801953125 0.647253080078125 0.64230184375 0.64918928125 0.641361765625 0.4965058359375 0.559357869140625 0.49286121875
1 0.641361765625 0.4965058359375 0.6435158125 0.651841392578125 0.719267275390625 0.6545585859375 0.72547541796875 0.498295603515625 0.641361765625 0.4965058359375
1 0.65292565234375 0.847121306640625 0.65484648828125 0.94788522265625 0.720434240234375 0.952099310546875 0.721133875 0.852750939453125 0.65292565234375 0.847121306640625
1 0.585873544921875 0.842842134765625 0.5917635078125 0.94248337890625 0.65524150390625 0.948552318359375 0.6528967265625 0.846470482421875 0.585873544921875 0.842842134765625
1 0.519688302734375 0.8334051796875 0.529644111328125 0.942320671875 0.5918792109375 0.945086677734375 0.59185028515625 0.9444358515625 0.58519921875 0.8441112421875 0.519688302734375 0.8334051796875
1 0.454360880859375 0.835048509765625 0.46701399609375 0.938887572265625 0.532572822265625 0.942450837890625 0.522906267578125 0.84004358984375 0.454360880859375 0.835048509765625
1 0.38767486328125 0.830785609375 0.406445728515625 0.940742419921875 0.46844942578125 0.938301830078125 0.457318517578125 0.8358295 0.38767486328125 0.830785609375
1 0.090042216796875 0.006910119140625 0.101094548828125 0.05914048828125 0.190137228515625 0.054474748046875 0.17939210546875 0.0091565859375 0.090042216796875 0.006910119140625
1 0.17982541015625 0.007992240234375 0.19021403125 0.056202798828125 0.28011353515625 0.04898818359375 0.273626234375 0.012161166015625 0.17982541015625 0.007992240234375
1 0.281980791015625 0.047346533203125 0.28149477734375 0.04732493359375 0.37548760546875 0.055813990234375 0.369909837890625 0.0176240390625 0.274650970703125 0.0133903125 0.281980791015625 0.047346533203125
1 0.3718011875 0.016524498046875 0.37649803515625 0.056721216796875 0.47152649609375 0.055770787109375 0.468032083984375 0.02080142578125 0.3718011875 0.016524498046875
1 0.46851809765625 0.02082302734375 0.470708072265625 0.059183689453125 0.568089802734375 0.056613212890625 0.56779459375 0.028143556640625 0.46851809765625 0.02082302734375
1 0.56766508203125 0.02522955859375 0.56947104296875 0.054949962890625 0.667901603515625 0.05415073828125 0.66593114453125 0.031642861328125 0.56766508203125 0.02522955859375
1 0.66604634765625 0.034234939453125 0.6673387890625 0.0524010859375 0.765922955078125 0.055057966796875 0.766088560546875 0.036956623046875 0.66604634765625 0.034234939453125
0 0.000538724609375 0.001207546875 0.0035328125 0.03583338671875 0.0174616328125 0.05456115234375 0.06950359765625 0.057736447265625 0.08550248046875 0.024817056640625 0.0719301640625 0.003196896484375 0.000538724609375 0.001207546875