1 1 0.90959703515625 0.974052359375 0.9017179453125 0.9415511171875 0.998017919921875 1 1 1 0.90959703515625
1 0.93761157421875 0.999768830078125 0.97306747265625 0.903468853515625 0.886889939453125 0.82292705859375 0.827304328125 0.96737701953125 0.93761157421875 0.999768830078125
1 0.82828921484375 0.966501564453125 0.888367267578125 0.824677966796875 0.8085914921875 0.7520152578125 0.75097565625 0.877205224609375 0.82828921484375 0.966501564453125
1 0.750483212890625 0.8780806796875 0.810561265625 0.759018892578125 0.743589009765625 0.6942352734375 0.681541185546875 0.80629342578125 0.750483212890625 0.8780806796875
1 0.6810487421875 0.80629342578125 0.742604125 0.695986181640625 0.681541185546875 0.63908165234375 0.6199858046875 0.738883443359375 0.6810487421875 0.80629342578125
1 1 0.530525314453125 0.94598310546875 0.500759869140625 0.897723685546875 0.60056166015625 0.974544802734375 0.653964375 1 0.592682572265625 1 0.530525314453125
1 1 0.587429845703125 0.97306747265625 0.65746619140625 1 0.673224369140625 1 0.587429845703125
1 0.61900091796875 0.73800798828125 0.68203362890625 0.63995710546875 0.62589512109375 0.5918071171875 0.565324625 0.681103458984375 0.61900091796875 0.73800798828125
1 0.566801953125 0.6837298203125 0.62392534765625 0.5909316640625 0.578620587890625 0.5462834921875 0.51854253515625 0.626825291015625 0.566801953125 0.6837298203125
1 0.519034978515625 0.630327107421875 0.577635701171875 0.5462834921875 0.5328233828125 0.50601259375 0.477177318359375 0.581301666015625 0.519034978515625 0.630327107421875
1 0.62047824609375 0.40183353125 0.666275451171875 0.34142718359375 0.625402677734375 0.31078628125 0.57812814453125 0.37556990234375 0.62047824609375 0.40183353125
1 0.654456818359375 0.423719888671875 0.6963144765625 0.35630990625 0.663813236328125 0.339676275390625 0.621955576171875 0.402708986328125 0.654456818359375 0.423719888671875
1 0.367498181640625 0.223123896484375 0.408513603515625 0.180832439453125 0.384998095703125 0.1638186328125 0.343162365234375 0.20659619921875 0.367498181640625 0.223123896484375
1 0.377068447265625 0.233818287109375 0.411794837890625 0.181318546875 0.4090604765625 0.17888800390625 0.366677873046875 0.22409611328125 0.377068447265625 0.233818287109375
1 0.43202911328125 0.2668736796875 0.46675550390625 0.21291561328125 0.457732109375 0.2090267421875 0.4150760703125 0.256665396484375 0.43202911328125 0.2668736796875
1 0.310623462890625 0.412220181640625 0.3644903828125 0.356803791015625 0.337420205078125 0.33152613671875 0.283826720703125 0.386942529296875 0.310623462890625 0.412220181640625
1 0.34042800390625 0.4379839453125 0.39238087109375 0.38256755078125 0.36394351171875 0.35534546484375 0.30925628125 0.415622943359375 0.34042800390625 0.4379839453125
1 0.363396638671875 0.455483857421875 0.4057792421875 0.390345291015625 0.393474615234375 0.382081443359375 0.3393342578125 0.43992837890625 0.363396638671875 0.455483857421875
1 0.424372900390625 0.52451129296875 0.47140391796875 0.45402553125 0.4563649296875 0.4379839453125 0.4027714453125 0.5055530546875 0.424372900390625 0.52451129296875
1 0 0.43939078515625 0.05070917578125 0.393251203125 0.03593563671875 0.36911665234375 0.00039928515625 0.39963976171875 0 0.43939078515625
1 0.001996423828125 0.4855303671875 0.0702741328125 0.420934953125 0.052306314453125 0.39112168359375 0 0.437261265625 0.001996423828125 0.4855303671875
1 0.00039928515625 0.48482052734375 0.003194279296875 0.49830748046875 0.04471990234375 0.459266296875 0.087443380859375 0.447908861328125 0.0686769921875 0.42022511328125 0.00039928515625 0.48482052734375
0 0.220772482421875 0.13944111328125 0.186190640625 0.155924568359375 0.168649126953125 0.1830999921875 0.180176408203125 0.2009199453125 0.21576062109375 0.178645005859375 0.225283158203125 0.188891478515625 0.235306880859375 0.174635517578125 0.220772482421875 0.13944111328125
0 0.157372439453125 0.175081015625 0.12429415625 0.188891478515625 0.102241966796875 0.219185392578125 0.107504421875 0.2459153203125 0.13657321484375 0.20181094140625 0.160128962890625 0.188000478515625 0.157372439453125 0.175081015625
0 0.16940090625 0.186218484375 0.13106016796875 0.2058204296875 0.107755013671875 0.2454698203125 0.11477162109375 0.26952675390625 0.163386671875 0.242351330078125 0.182682337890625 0.2031474375 0.16940090625 0.186218484375
0 0.215510029296875 0.174635517578125 0.181429373046875 0.202701939453125 0.1583748125 0.249479310546875 0.175415140625 0.26640826171875 0.196715548828125 0.22185838671875 0.2290420546875 0.19245546875 0.215510029296875 0.174635517578125
0 0.2343045078125 0.191118970703125 0.197216736328125 0.21873989453125 0.175164546875 0.267299259765625 0.194209619140625 0.28378271484375 0.216512400390625 0.23700534375 0.2485883125 0.20804792578125 0.2343045078125 0.191118970703125
0 0.249089498046875 0.20760242578125 0.215008841796875 0.23834183984375 0.19370843359375 0.286901205078125 0.209746388671875 0.30293916015625 0.23831399609375 0.25304330078125 0.270139314453125 0.226758873046875 0.249089498046875 0.20760242578125
0 0.254101359375 0.274427240234375 0.2796618515625 0.247697314453125 0.26688160546875 0.22720437109375 0.23029501953125 0.264626267578125 0.20724045703125 0.310067142578125 0.23305154296875 0.33501507421875 0.240569333984375 0.32610509765625 0.2403187421875 0.305612154296875 0.254101359375 0.274427240234375
0 0.29394565625 0.234777849609375 0.25259780078125 0.27487273828125 0.23330213671875 0.32565959765625 0.254602544921875 0.34971653125 0.28216778125 0.305612154296875 0.318253181640625 0.273090744140625 0.29394565625 0.234777849609375
0 0.28342074609375 0.302493662109375 0.253349580078125 0.355953515625 0.277657107421875 0.380455947265625 0.33980418359375 0.310067142578125 0.3187543671875 0.27086325 0.28342074609375 0.302493662109375
0 0.339023490234375 0.10366413671875 0.29637448046875 0.133649630859375 0.292278248046875 0.175629322265625 0.319506146484375 0.18291151171875 0.332517708984375 0.14393037109375 0.353239828125 0.121655431640625 0.339023490234375 0.10366413671875
0 0.361673248046875 0.1143732421875 0.32890338671875 0.144787099609375 0.314446095703125 0.19533407421875 0.34191494921875 0.209041728515625 0.389864966796875 0.158066388671875 0.37348003515625 0.119513611328125 0.361673248046875 0.1143732421875
0 0.4064908515625 0.1837682421875 0.37661244921875 0.239455587890625 0.40793658203125 0.262158890625 0.461669515625 0.197904259765625 0.436369255859375 0.153782748046875 0.4064908515625 0.1837682421875
0 0.45444087109375 0.227033025390625 0.430586337890625 0.28057855078125 0.4650428828125 0.29942657421875 0.510583353515625 0.21889410546875 0.48937932421875 0.181198056640625 0.45444087109375 0.227033025390625
0 0.49371651171875 0.241597408203125 0.4648019296875 0.298141482421875 0.494921287109375 0.317846236328125 0.5407027109375 0.241597408203125 0.520944412109375 0.213753736328125 0.49371651171875 0.241597408203125
0 0 0.401182029296875 0.0278249296875 0.37602955078125 0.020043380859375 0.349200240234375 0 0.35003865625 0 0.401182029296875
0 0.521035984375 0.27063557421875 0.49431619140625 0.32938787109375 0.531583271484375 0.348763626953125 0.57728818359375 0.256885037109375 0.553029421875 0.23500918359375 0.521035984375 0.27063557421875
0 0.5547873046875 0.288761283203125 0.5284190859375 0.356263919921875 0.5692019296875 0.37938982421875 0.62545412890625 0.2912613828125 0.5983827578125 0.241259427734375 0.5547873046875 0.288761283203125
0 0.40114848828125 0.38876519140625 0.3652877109375 0.461268025390625 0.402906369140625 0.5056447578125 0.476385802734375 0.4012656796875 0.44896285546875 0.350638701171875 0.40114848828125 0.38876519140625
0 0.45634595703125 0.4756435859375 0.41978202734375 0.550646517578125 0.462674330078125 0.584857353515625 0.54213055859375 0.4748530546875 0.51013712109375 0.410641044921875 0.45634595703125 0.4756435859375
0 0.684167359375 0.365639287109375 0.65006446484375 0.4400171953125 0.702800900390625 0.471268416015625 0.7583499453125 0.3612641171875 0.717918677734375 0.31751240625 0.684167359375 0.365639287109375
0 0.73444276171875 0.41189109375 0.704207205078125 0.483768904296875 0.75202157421875 0.5200203203125 0.8138989921875 0.397515533203125 0.774874029296875 0.363139189453125 0.73444276171875 0.41189109375
0 0.80159382421875 0.576272517578125 0.877534291015625 0.431266853515625 0.827258888671875 0.384390021484375 0.75096684375 0.523770466796875 0.80159382421875 0.576272517578125
0 0.888433154296875 0.61064886328125 0.942224318359375 0.478768708984375 0.894058375 0.438767146484375 0.825852583984375 0.5643970546875 0.888433154296875 0.61064886328125
0 0.4419280390625 1 0.418617548828125 0.95774457421875 0.38527059765625 1 0.4419280390625 1
0 0.37523413671875 1 0.41181865625 0.9519888984375 0.37555789453125 0.867380455078125 0.263861796875 1 0.37523413671875 1
0 0.25479660546875 1 0.3713490546875 0.8725605625 0.33767834765625 0.80061460546875 0.230191087890625 0.9352974375 0.25479660546875 1
0 0.208823138671875 0.93759970703125 0.33152696875 0.793707794921875 0.30012255859375 0.70449480859375 0.17677121484375 0.837450935546875 0.208823138671875 0.93759970703125
0 0.04565597265625 0.4590961796875 0.004636935546875 0.4952404921875 0.017120990234375 0.527580142578125 0.06206358984375 0.487631166015625 0.091311947265625 0.479387724609375 0.077401142578125 0.44895041015625 0.04565597265625 0.4590961796875