0 0.929559056640625 0 0.93976536328125 0.1926113359375 1 0.1940070703125 1 0 0.929559056640625 0
0 0.645925046875 0.2245629921875 0.65309586328125 0.02157373828125 0.596832537109375 0.016670615234375 0.583042505859375 0.241233607421875 0.645925046875 0.2245629921875
0 0.565391265625 0.23142736328125 0.5802845 0.0117674921875 0.52015996484375 0.001961248046875 0.50912794140625 0.226524240234375 0.565391265625 0.23142736328125
0 0.49313150390625 0.258884845703125 0.50802473828125 0.041186224609375 0.447900203125 0.036283103515625 0.432455369140625 0.25496234765625 0.49313150390625 0.258884845703125
0 0.42693935546875 0.249078603515625 0.44072938671875 0.034321853515625 0.378950048828125 0.031379982421875 0.36185041015625 0.26182671875 0.42693935546875 0.249078603515625
0 0.305587083984375 0.1441517890625 0.29786466796875 0.26869108984375 0.355782796875 0.258884845703125 0.378950048828125 0.04608934765625 0.32158351953125 0.03334123046875 0.305587083984375 0.1441517890625
0 0.260907384765625 0.05099246875 0.24270454296875 0.15003553515625 0.241049740234375 0.26476859375 0.2906938515625 0.25594297265625 0.31551590625 0.063740587890625 0.287384244140625 0.04510872265625 0.260907384765625 0.05099246875
0 0.20298925390625 0.13728741796875 0.1583095546875 0.235349861328125 0.136245505859375 0.341257296875 0.17651239453125 0.36675353125 0.199128046875 0.33537355078125 0.248220556640625 0.187299263671875 0.20298925390625 0.13728741796875
0 0.1594127578125 0.23142736328125 0.180373603515625 0.183376767578125 0.15003553515625 0.15003553515625 0.109768646484375 0.237311109375 0.093220609375 0.320664185546875 0.1202490703125 0.351063541015625 0.142313119140625 0.3275285546875 0.141209916015625 0.305954818359375 0.1594127578125 0.23142736328125
0 0.266974998046875 0.036283103515625 0.220088892578125 0.001961248046875 0.17927040234375 0.082372451171875 0.162170763671875 0.16278365234375 0.1825800078125 0.17847364453125 0.200782849609375 0.141209916015625 0.219537291015625 0.154938658203125 0.266974998046875 0.036283103515625
0 0.0639857421875 0.662902107421875 0.029786466796875 0.765867669921875 0.003861208984375 0.921786953125 0.037508884765625 0.94238006640625 0.07225976171875 0.932573822265625 0.11307825390625 0.666824603515625 0.0639857421875 0.662902107421875
0 0.127419884765625 0.666824603515625 0.09873662109375 0.754100177734375 0.07281136328125 0.931593197265625 0.134590701171875 0.94238006640625 0.154999947265625 0.891387595703125 0.181476806640625 0.670747103515625 0.127419884765625 0.666824603515625
0 0.478789873046875 0.945321939453125 0.498647515625 0.6982045859375 0.4335585703125 0.68643709375 0.4081849140625 0.94041881640625 0.478789873046875 0.945321939453125
0 0.575871689453125 0.96983755078125 0.595729333984375 0.68447584375 0.529537185546875 0.662902107421875 0.504163529296875 0.951205685546875 0.575871689453125 0.96983755078125
0 0.685088734375 0.945321939453125 0.696120759765625 0.667805228515625 0.621654591796875 0.667805228515625 0.61172576953125 0.938457568359375 0.685088734375 0.945321939453125
1 0.8169214296875 0.945321939453125 0.804786203125 0.674669599609375 0.71873641015625 0.666824603515625 0.7225976171875 0.938457568359375 0.8169214296875 0.945321939453125
1 0.40377210546875 0.90217446484375 0.424181349609375 0.663882732421875 0.3414411640625 0.661921482421875 0.3177223125 0.892368220703125 0.40377210546875 0.90217446484375
1 0.313861103515625 0.891387595703125 0.339234759765625 0.667805228515625 0.260907384765625 0.65407648828125 0.2355337265625 0.872755732421875 0.313861103515625 0.891387595703125
1 0.23112091796875 0.871775107421875 0.25814937890625 0.660940857421875 0.188096021484375 0.657998984375 0.155551548828125 0.86098823828125 0.23112091796875 0.871775107421875
1 0.933309291015625 0.19318301171875 0.92338046875 0.030399357421875 0.83567587109375 0.0392249765625 0.840640283203125 0.1990667578125 0.933309291015625 0.19318301171875
1 0.834021068359375 0.1961248828125 0.8312630625 0.041186224609375 0.747419673828125 0.050011845703125 0.747419673828125 0.21671799609375 0.834021068359375 0.1961248828125
1 0.747971275390625 0.215737373046875 0.748522876953125 0.06079871484375 0.6701955 0.068643708984375 0.663024685546875 0.22848548828125 0.747971275390625 0.215737373046875