0 0 0.623433619140625 0.020248189453125 0.605052283203125 0.02886444140625 0.428131931640625 0.022833064453125 0.38217859375 0 0.36226548046875 0 0.623433619140625
0 0.2036054921875 0.232916814453125 0.1997104296875 0.0491013828125 0.142346796875 0.04469484765625 0.14093041015625 0.2398413671875 0.2036054921875 0.232916814453125
0 0.281152626953125 0.2316578046875 0.27336250390625 0.062950490234375 0.2167070625 0.060432470703125 0.222726703125 0.237952853515625 0.281152626953125 0.2316578046875
0 0.351263736328125 0.2417298828125 0.334975296875 0.056025935546875 0.28433949609375 0.054137421875 0.29637877734375 0.24928394140625 0.351263736328125 0.2417298828125
0 0.423499423828125 0.220956220703125 0.40189953515625 0.06672751953125 0.352326025390625 0.070504548828125 0.3682603671875 0.2297692890625 0.423499423828125 0.220956220703125
0 0.696507830078125 0.08183563671875 0.679865294921875 0.1114223671875 0.71421265625 0.226621765625 0.755641947265625 0.2196972109375 0.7574124296875 0.195776025390625 0.743602666015625 0.131566525390625 0.723065068359375 0.070504548828125 0.696507830078125 0.08183563671875
0 0.804507265625 0.061061974609375 0.781136896484375 0.073022568359375 0.772638580078125 0.0893896953125 0.816546546875 0.194517015625 0.840979205078125 0.186962955078125 0.85231029296875 0.170595830078125 0.853018486328125 0.1334550390625 0.830356310546875 0.082465142578125 0.804507265625 0.061061974609375
0 0.897634646484375 0.134714048828125 0.86612005859375 0.072393064453125 0.84416607421875 0.053507916015625 0.820441607421875 0.062950490234375 0.8537266796875 0.1334550390625 0.848769328125 0.1693368203125 0.86434957421875 0.181297412109375 0.8919691015625 0.179408896484375 0.8997592265625 0.158635234375 0.897634646484375 0.134714048828125
1 0.79707123828125 0.18507444140625 0.7634320703125 0.094425734375 0.732979771484375 0.092537220703125 0.7613074921875 0.182556421875 0.79707123828125 0.18507444140625
1 0.6982783125 0.1875924609375 0.6731374609375 0.104497814453125 0.625688529296875 0.1013502890625 0.65047528515625 0.19011048046875 0.6982783125 0.1875924609375
1 0.6490588984375 0.191369490234375 0.624272142578125 0.10072078515625 0.575052728515625 0.100091279296875 0.597714904296875 0.1926285 0.6490588984375 0.191369490234375
1 0.595590326171875 0.19199899609375 0.573636341796875 0.102609298828125 0.523354638671875 0.1013502890625 0.5428299453125 0.195776025390625 0.595590326171875 0.19199899609375
1 0.54035126953125 0.19514651953125 0.5205218671875 0.1032388046875 0.46492871484375 0.099461775390625 0.48404992578125 0.198294044921875 0.54035126953125 0.19514651953125
1 0.483341732421875 0.198923548828125 0.46492871484375 0.10386830859375 0.408981466796875 0.10764533984375 0.423499423828125 0.2014415703125 0.483341732421875 0.198923548828125
1 0.138097638671875 0.21529067578125 0.1405763125 0.107015833984375 0.070465205078125 0.11079286328125 0.06479966015625 0.220956220703125 0.138097638671875 0.21529067578125
1 0 0.222844736328125 0.0612586953125 0.220956220703125 0.067986529296875 0.1133108828125 0 0.11079286328125 0 0.222844736328125
1 0.130661611328125 0.5866985703125 0.12995341796875 0.42869283984375 0.044970255859375 0.435617392578125 0.03965880859375 0.599918171875 0.130661611328125 0.5866985703125
1 0.2216644140625 0.567183916015625 0.2177693515625 0.420509275390625 0.13632715625 0.425545314453125 0.135264865234375 0.581662529296875 0.2216644140625 0.567183916015625
1 0.31054263671875 0.5527053046875 0.299211548828125 0.406030662109375 0.222018509765625 0.4142142265625 0.2276840546875 0.566554412109375 0.31054263671875 0.5527053046875
1 0.391276640625 0.5388561953125 0.372863623046875 0.395958583984375 0.301690224609375 0.404142146484375 0.3130213125 0.55207580078125 0.391276640625 0.5388561953125
1 0.466699197265625 0.52563659375 0.44191244140625 0.386516009765625 0.37675868359375 0.3921815546875 0.39587989453125 0.535079166015625 0.466699197265625 0.52563659375
1 0.53716440234375 0.511787486328125 0.508836681640625 0.377073435546875 0.446161599609375 0.385886505859375 0.4705942578125 0.523748080078125 0.53716440234375 0.511787486328125
1 0.604088642578125 0.502974416015625 0.572574052734375 0.37077838671875 0.51308583984375 0.374555416015625 0.54035126953125 0.512416990234375 0.604088642578125 0.502974416015625
1 0.667826013671875 0.489754814453125 0.63347865234375 0.358817794921875 0.57540682421875 0.368889873046875 0.6069214140625 0.500456396484375 0.667826013671875 0.489754814453125
1 0.72979290234375 0.477164716796875 0.690842287109375 0.35063423046875 0.6370196171875 0.3581882890625 0.6710128828125 0.4884958046875 0.72979290234375 0.477164716796875
1 0.78786473046875 0.468351646484375 0.744310859375 0.34559819140625 0.692966865234375 0.35252274609375 0.731563384765625 0.4784237265625 0.78786473046875 0.468351646484375
1 0.476845470703125 0.99960112109375 0.471820166015625 0.94699053515625 0.38024796875 0.970814197265625 0.3841565390625 1 0.476845470703125 0.99960112109375
1 0.57288460546875 0.99860846875 0.557250326171875 0.92217422265625 0.474612001953125 0.94301992578125 0.4818707734375 1 0.57288460546875 0.99860846875
1 0.6588731328125 0.99860846875 0.63709681640625 0.8894166875 0.562275630859375 0.92217422265625 0.577351541015625 0.99960112109375 0.6588731328125 0.99860846875
1 0.666131904296875 0.997615814453125 0.666131904296875 0.99860846875 0.73927798828125 0.969821544921875 0.713593103515625 0.859637111328125 0.643238853515625 0.88842403515625 0.666131904296875 0.997615814453125
1 0.80851550390625 0.934086052734375 0.785064087890625 0.83879140625 0.714151470703125 0.858644458984375 0.74151145703125 0.96783623828125 0.80851550390625 0.934086052734375
1 0.91125504296875 0.99860846875 0.853184869140625 0.8159603984375 0.787855923828125 0.83581344921875 0.835317123046875 0.99960112109375 0.91125504296875 0.99860846875
1 0.96932521875 0.96485828125 0.91293014453125 0.79213673828125 0.855418337890625 0.8159603984375 0.91013830859375 1 0.96932521875 0.96485828125