0 1 0.699019056640625 0.9930657109375 0.699580263671875 0.97394637109375 0.85795568359375 1 0.8655204375 1 0.699019056640625
0 0.9827279609375 0.7048855078125 0.927943388671875 0.707726189453125 0.91076879296875 0.850103392578125 0.967254328125 0.870225712890625 0.97946350390625 0.7996441796875 0.9827279609375 0.7048855078125
0 0.90015060546875 0.8697308203125 0.916432560546875 0.6971948828125 0.85520155859375 0.70354930078125 0.843008880859375 0.852822 0.90015060546875 0.8697308203125
0 0.836177533203125 0.88735558203125 0.842642291015625 0.799584791015625 0.844194787109375 0.693786724609375 0.786292392578125 0.696789072265625 0.77823848046875 0.86571889453125 0.799958751953125 0.88128490625 0.836177533203125 0.88735558203125
0 0.97198330078125 0.37875151171875 0.89312313671875 0.376481607421875 0.87070268359375 0.60497666015625 0.9412065 0.62119262890625 0.959286564453125 0.52725548046875 0.97198330078125 0.37875151171875
0 0.8082142890625 0.364986908203125 0.739867833984375 0.359787240234375 0.732052203125 0.592294220703125 0.79943819921875 0.60867185546875 0.80661596875 0.48827446484375 0.8082142890625 0.364986908203125
0 0.648609681640625 0.878621109375 0.642496517578125 0.698554099609375 0.589421322265625 0.7029815390625 0.600071388671875 0.872202478515625 0.648609681640625 0.878621109375
0 0.583469130859375 0.868595623046875 0.571690955078125 0.701108568359375 0.522914421875 0.7041961875 0.535680333984375 0.8638135234375 0.583469130859375 0.868595623046875
0 0.523171978515625 0.87730678515625 0.5074067890625 0.68992175 0.451350345703125 0.692269916015625 0.47450233203125 0.8775965390625 0.523171978515625 0.87730678515625
0 0.456285177734375 0.8606702734375 0.435935435546875 0.713173923828125 0.38244041796875 0.720415453125 0.406487421875 0.8626939140625 0.456285177734375 0.8606702734375
0 0.09339347265625 0.82587430078125 0.05396386328125 0.728512142578125 0.06430743359375 0.86815036328125 0.09339347265625 0.82587430078125
1 0.16093283203125 0.8396037578125 0.127177068359375 0.7420595 0.0669181328125 0.746673455078125 0.100754037109375 0.83775941015625 0.16093283203125 0.8396037578125
1 0.21855633203125 0.837112345703125 0.188973529296875 0.739351712890625 0.127675076171875 0.745012515625 0.15908047265625 0.83721744140625 0.21855633203125 0.837112345703125
1 0.279035080078125 0.835465828125 0.2540717265625 0.735976251953125 0.19019622265625 0.740777732421875 0.21987405078125 0.83605107421875 0.279035080078125 0.835465828125
1 0.340919693359375 0.83771819921875 0.31824030859375 0.73513135546875 0.25453309765625 0.73843469140625 0.279459814453125 0.837429697265625 0.340919693359375 0.83771819921875
1 0.401771658203125 0.83356996484375 0.3834117734375 0.732745037109375 0.318181919921875 0.738113216796875 0.3411830078125 0.83373276171875 0.401771658203125 0.83356996484375
1 0.706485984375 0.822734689453125 0.70867607421875 0.720347736328125 0.6446173984375 0.722676353515625 0.64697348828125 0.82234521484375 0.706485984375 0.822734689453125
1 0.768817091796875 0.823474490234375 0.775421703125 0.720362162109375 0.70954730078125 0.72079903515625 0.707767068359375 0.821178845703125 0.768817091796875 0.823474490234375
1 1 0.378574861328125 0.97573300390625 0.378331830078125 0.960791626953125 0.5121612734375 1 0.51405959375 1 0.378574861328125
1 0.870040880859375 0.519845705078125 0.88502576171875 0.379063384765625 0.812789455078125 0.380326609375 0.805710876953125 0.514741296875 0.870040880859375 0.519845705078125
1 0.7201657421875 0.528609955078125 0.723619740234375 0.38296433203125 0.6445750390625 0.386566474609375 0.646465177734375 0.52895615625 0.7201657421875 0.528609955078125
1 0.645352388671875 0.529013857421875 0.642517751953125 0.385183728515625 0.564695744140625 0.390211890625 0.57214983203125 0.5323130703125 0.645352388671875 0.529013857421875
1 0.5707222109375 0.531890623046875 0.563341392578125 0.39077858984375 0.4873202265625 0.39372748046875 0.501209490234375 0.535991458984375 0.5707222109375 0.531890623046875
1 0.499781869140625 0.535569009765625 0.4850946484375 0.393842880859375 0.40796069140625 0.396849474609375 0.4282851328125 0.539276248046875 0.499781869140625 0.535569009765625
1 0.4280435703125 0.539785248046875 0.406921171875 0.3978963203125 0.32835959375 0.40048046484375 0.3559904375 0.5435213359375 0.4280435703125 0.539785248046875
1 0.35561721875 0.54602305078125 0.32693197265625 0.400058017578125 0.249483185546875 0.402584462890625 0.28300769140625 0.549787990234375 0.35561721875 0.54602305078125
1 0.28349081640625 0.548769994140625 0.247630826171875 0.400198146484375 0.170050380859375 0.404717310546875 0.2104931875 0.551065638671875 0.28349081640625 0.548769994140625
1 0.21032489453125 0.55256378125 0.169493986328125 0.40474616015625 0.0927481328125 0.409222046875 0.139179626953125 0.5572457421875 0.21032489453125 0.55256378125
1 0.03040509375 0.4104687578125 0.03386072265625 0.454972126953125 0.069073876953125 0.560880853515625 0.138938064453125 0.557754740234375 0.091657095703125 0.405803310546875 0.03040509375 0.4104687578125