0 0.999421400390625 0.02603694921875 0.9999905546875 0.000425064453125 0.925165275390625 0 0.901295869140625 0.083663689453125 0.963856255859375 0.095758189453125 0.999421400390625 0.02603694921875
0 0.42143087109375 0.65153408984375 0.447207685546875 0.445981771484375 0.3894771796875 0.442332916015625 0.3697454765625 0.63754680078125 0.42143087109375 0.65153408984375
0 0.115344921875 0.678900521484375 0.11122221875 0.418007197265625 0.02562103125 0.4216560546875 0.041838177734375 0.67707609375 0.115344921875 0.678900521484375
0 0.489836984375 0.675340353515625 0.522607224609375 0.470118501953125 0.458480896484375 0.46615923828125 0.432226025390625 0.6621428046875 0.489836984375 0.675340353515625
0 0.561724203125 0.6641224375 0.59436246875 0.464839482421875 0.537049373046875 0.45494132421875 0.506755505859375 0.648945259765625 0.561724203125 0.6641224375
0 0.624282408203125 0.6885378984375 0.663406716796875 0.481336416015625 0.60119494921875 0.474737642578125 0.570471244140625 0.67138108984375 0.624282408203125 0.6885378984375
0 0.7337991328125 0.4872753125 0.672168421875 0.487935189453125 0.63007008203125 0.67863973828125 0.68465293359375 0.694476794921875 0.714319919921875 0.5954951953125 0.7337991328125 0.4872753125
0 0.6988659609375 0.65620391015625 0.71559293359375 0.6885378984375 0.741741490234375 0.697776181640625 0.773103076171875 0.606053232421875 0.792196443359375 0.498493228515625 0.73289546484375 0.49453396484375 0.7090839765625 0.61397176171875 0.6988659609375 0.65620391015625
0 0.79917373046875 0.60209396875 0.74220065234375 0.69381691796875 0.78398188671875 0.75122624609375 0.82762635546875 0.674680474609375 0.85431839453125 0.609352619140625 0.838709546875 0.5935155625 0.814382068359375 0.619250779296875 0.79917373046875 0.60209396875
0 0.814279421875 0.623869919921875 0.871936203125 0.53478648046875 0.90586673046875 0.44438328515625 0.87810697265625 0.40743015625 0.8423315390625 0.43052586328125 0.776268654296875 0.563821083984375 0.814279421875 0.623869919921875
0 0.898638322265625 0.452301814453125 0.89747070703125 0.4714382578125 0.8719215390625 0.535446357421875 0.845669419921875 0.58097789453125 0.871900458984375 0.61991065625 0.919852462890625 0.54996366015625 0.949304072265625 0.47737715234375 0.92468973046875 0.432505494140625 0.898638322265625 0.452301814453125
0 0.64342898046875 0.77902649609375 0.591078658203125 0.78227610546875 0.566515216796875 0.900561923828125 0.611284013671875 0.9259088828125 0.63835778125 0.842718857421875 0.64342898046875 0.77902649609375
0 0.543025947265625 0.93760748046875 0.56446705859375 0.844668625 0.573627349609375 0.761478599609375 0.518982443359375 0.769277666015625 0.4959724921875 0.899912001953125 0.5110281171875 0.929808416015625 0.543025947265625 0.93760748046875
0 0.375604216796875 0.936957560546875 0.39285694140625 0.769277666015625 0.341074400390625 0.7634283671875 0.3293198359375 0.93045833984375 0.375604216796875 0.936957560546875
0 0.256718125 0.940207169921875 0.263090068359375 0.7686277421875 0.206073849609375 0.7679778203125 0.203708857421875 0.940207169921875 0.256718125 0.940207169921875
0 0.189201150390625 0.93500779296875 0.192210650390625 0.7666779765625 0.133472138671875 0.77772665234375 0.135460720703125 0.93500779296875 0.189201150390625 0.93500779296875
0 0.120385236328125 0.93890732421875 0.112028322265625 0.75562930078125 0.049927365234375 0.7699275859375 0.06156999609375 0.936957560546875 0.120385236328125 0.93890732421875
0 0 0.95429834375 0.048817984375 0.93500779296875 0.02876247265625 0.75172976953125 0 0.753782189453125 0 0.95429834375
1 0.499167873046875 0.874095853515625 0.518268826171875 0.778367080078125 0.461225373046875 0.777326548828125 0.445917296875 0.873575587890625 0.499167873046875 0.874095853515625
1 0.441854892578125 0.872014791015625 0.45805248046875 0.77524548828125 0.39954578125 0.774204958984375 0.386836861328125 0.872014791015625 0.441854892578125 0.872014791015625
1 0.322923744140625 0.877217443359375 0.33068075 0.778367080078125 0.267445421875 0.779407609375 0.261163220703125 0.877737708984375 0.322923744140625 0.877217443359375
1 0.20397047265625 0.5795116953125 0.205035693359375 0.43466974609375 0.118447787109375 0.42254641015625 0.124088505859375 0.572492921875 0.20397047265625 0.5795116953125
1 0.28211458203125 0.5839781875 0.290070078125 0.43594588671875 0.20862483984375 0.43466974609375 0.206468693359375 0.580149765625 0.28211458203125 0.5839781875
1 0 0.567388361328125 0.033396564453125 0.567388361328125 0.023793609375 0.41807991796875 0 0.421282529296875 0 0.567388361328125
1 0.356367349609375 0.5858923984375 0.371014607421875 0.443602728515625 0.293989779296875 0.43722202734375 0.285387349609375 0.5820639765625 0.356367349609375 0.5858923984375
1 0.6543653125 0 0.64512870703125 0.0441707421875 0.732996298828125 0.0633128515625 0.74732417578125 0 0.6543653125 0
1 0.74804200390625 0 0.736297427734375 0.0601225 0.818365671875 0.081816888671875 0.841000865234375 0 0.74804200390625 0
1 0.899612396484375 0.092026013671875 0.926419326171875 0.000143896484375 0.843513267578125 0 0.8213362421875 0.077350396484375 0.899612396484375 0.092026013671875