1 0.7132087578125 0.678741419921875 0.70392908984375 0.515340708984375 0.627482302734375 0.50669932421875 0.63234308203125 0.671671197265625 0.7132087578125 0.678741419921875
1 0.630575525390625 0.668528876953125 0.627482302734375 0.508270484375 0.5528030703125 0.4996291015625 0.54573284765625 0.662244232421875 0.630575525390625 0.668528876953125
1 0.549267958984375 0.66145865234375 0.55191929296875 0.50120026171875 0.48033328515625 0.492558876953125 0.46751850390625 0.65046052734375 0.549267958984375 0.66145865234375
1 0.465309060546875 0.64731820703125 0.47989139453125 0.494915619140625 0.407421607421875 0.48548865625 0.3888622734375 0.646532626953125 0.465309060546875 0.64731820703125
1 0.38974605078125 0.641033564453125 0.406537830078125 0.487059814453125 0.334509931640625 0.48548865625 0.30932226171875 0.63867682421875 0.38974605078125 0.641033564453125
1 0.3106479296875 0.635534501953125 0.3353937109375 0.482346333984375 0.265575255859375 0.47449053125 0.234201140625 0.622965216796875 0.3106479296875 0.635534501953125
1 0.232875474609375 0.62532195703125 0.262923921875 0.47370494921875 0.193547359375 0.4666347265625 0.15731246484375 0.618251732421875 0.232875474609375 0.62532195703125
1 0.15645626171875 0.617466154296875 0.192691154296875 0.472919369140625 0.122845126953125 0.4666347265625 0.08089325 0.611967091796875 0.15645626171875 0.617466154296875
1 0.082660806640625 0.608039189453125 0.121988921875 0.467420306640625 0.05526369140625 0.46349240625 0.011074796875 0.598612224609375 0.082660806640625 0.608039189453125
1 0 0.607253607421875 0.012814779296875 0.60018338671875 0.053910451171875 0.4611356640625 0.0101634453125 0.453279861328125 0 0.4831319140625 0 0.607253607421875
1 0.06111546875 0.27441815625 0.09568936328125 0.1794272578125 0.04365390625 0.168251857421875 0.00314308203125 0.2694513125 0.06111546875 0.27441815625
1 0.105118607421875 0.278764146484375 0.127818638671875 0.177564689453125 0.09778475 0.177564689453125 0.06111546875 0.2731764453125 0.105118607421875 0.278764146484375
1 0.436888296875 0.301114947265625 0.444920615234375 0.203640623046875 0.389742078125 0.194327791015625 0.374026671875 0.297389814453125 0.436888296875 0.301114947265625
1 0.50114684765625 0.306702646484375 0.5077822421875 0.20860746875 0.44876216015625 0.197432068359375 0.437935990234375 0.302977513671875 0.50114684765625 0.306702646484375
1 0.56575462890625 0.312911203125 0.57099309765625 0.21047003515625 0.50987762890625 0.2073657578125 0.50289300390625 0.307323501953125 0.56575462890625 0.312911203125
1 0.63210856640625 0.31601548046875 0.6335054921875 0.21295345703125 0.57273925390625 0.21047003515625 0.5671515546875 0.31229034765625 0.63210856640625 0.31601548046875
1 0.700208662109375 0.3216031796875 0.69776404296875 0.21543687890625 0.634203955078125 0.21047003515625 0.6335054921875 0.3191197578125 0.700208662109375 0.3216031796875
0 0.996593650390625 0.348273087890625 0.97361921875 0.180483833984375 0.90469591796875 0.17827608203125 0.924255234375 0.345513396484375 0.996593650390625 0.348273087890625
0 0.92270290625 0.345513396484375 0.905316849609375 0.182691587890625 0.842913322265625 0.184899341796875 0.8599889140625 0.34937696484375 0.92270290625 0.345513396484375
0 0.76436559765625 0.376421943359375 0.752257451171875 0.190418724609375 0.6997888125 0.192074541015625 0.70506672265625 0.3775258203125 0.76436559765625 0.376421943359375
0 0.3675909296875 0.317916478515625 0.388081640625 0.1655815 0.327540904296875 0.15840630078125 0.306118796875 0.312397095703125 0.3675909296875 0.317916478515625
0 0.28749087890625 0.32840330859375 0.32195252734375 0.150679166015625 0.262653654296875 0.137984583984375 0.2235350234375 0.32895524609375 0.28749087890625 0.32840330859375
0 0.229433865234375 0.32288392578125 0.259859466796875 0.146815595703125 0.205528037109375 0.137984583984375 0.16361521875 0.320676169921875 0.229433865234375 0.32288392578125
0 0.169203595703125 0.304118021484375 0.20149198828125 0.140744275390625 0.143434974609375 0.124186125 0.102143087890625 0.305221896484375 0.169203595703125 0.304118021484375
0 0 0.26161876953125 0.03632444140625 0.149575287109375 0 0.114803173828125 0 0.26161876953125