0 0.12771245703125 0.1248642578125 0.1380290390625 0.434237166015625 0.21928473828125 0.426828982421875 0.214216421875 0.108664138671875 0.12771245703125 0.1248642578125
0 0.265422130859375 0.126243560546875 0.2566919921875 0.421694419921875 0.3341306328125 0.407029330078125 0.340828896484375 0.127658455078125 0.265422130859375 0.126243560546875
0 0.356194515625 0.097042408203125 0.34991399609375 0.403016005859375 0.422002033203125 0.387563376953125 0.4340593046875 0.09726487890625 0.356194515625 0.097042408203125
0 0.474805328125 0.062399017578125 0.44437071484375 0.39518445703125 0.51656108984375 0.38931130078125 0.5516818671875 0.070127552734375 0.474805328125 0.062399017578125
1 0.54148910546875 0.1396183359375 0.52274741015625 0.385534470703125 0.6088637890625 0.376809275390625 0.63284534375 0.13381637109375 0.54148910546875 0.1396183359375
1 0.63502651953125 0.13796317578125 0.609409080078125 0.377845974609375 0.696181490234375 0.3680217890625 0.726872681640625 0.134265755859375 0.63502651953125 0.13796317578125
1 0.72976526171875 0.13624572265625 0.700820689453125 0.3709761640625 0.78234483203125 0.369943912109375 0.816039341796875 0.13603215234375 0.72976526171875 0.13624572265625
1 0.805475572265625 0.247337345703125 0.785782705078125 0.372960578125 0.86812898828125 0.367625796875 0.8867228671875 0.25164432421875 0.805475572265625 0.247337345703125
1 0.892018099609375 0.25349970703125 0.8708554609375 0.37280930078125 0.950743720703125 0.368666947265625 0.97211943359375 0.256801134765625 0.892018099609375 0.25349970703125
1 0.85156155078125 0.7795653515625 0.820430861328125 0.940925845703125 0.8892941015625 0.929900330078125 0.922827447265625 0.768415255859375 0.85156155078125 0.7795653515625
1 0.77707926171875 0.78342739453125 0.750587771484375 0.947742265625 0.818794978515625 0.9378157421875 0.84943574609375 0.774350703125 0.77707926171875 0.78342739453125
1 0.7006842421875 0.7895185703125 0.6751726015625 0.958042533203125 0.747039162109375 0.94686129296875 0.7745658671875 0.785687669921875 0.7006842421875 0.7895185703125
1 0.62057450390625 0.797932310546875 0.601235607421875 0.962941279296875 0.6743034921875 0.95169774609375 0.698281587890625 0.78964315234375 0.62057450390625 0.797932310546875
1 0.5422113828125 0.8073204609375 0.527187873046875 0.96997571875 0.5994336171875 0.963034716796875 0.619262435546875 0.800130294921875 0.5422113828125 0.8073204609375
1 0.460465763671875 0.81262409765625 0.452104921875 0.973868908203125 0.525607361328125 0.965797767578125 0.539097328125 0.809611880859375 0.460465763671875 0.81262409765625
1 0.4503029296875 0.97396234375 0.459865099609375 0.8126552421875 0.37784262890625 0.823298111328125 0.371015333984375 0.978073552734375 0.4503029296875 0.97396234375
1 0.29587552734375 0.832873134765625 0.291727736328125 0.98218476171875 0.37238276953125 0.97480772265625 0.378387923828125 0.824334814453125 0.29587552734375 0.832873134765625
1 0.291127072265625 0.982215908203125 0.295164123046875 0.835039974609375 0.21019370703125 0.844770724609375 0.210037484375 0.986420552734375 0.291127072265625 0.982215908203125
1 0.119337279296875 0.99112352734375 0.112387873046875 0.859426916015625 0.03724955078125 0.864387953125 0.046056318359375 0.994923279296875 0.119337279296875 0.99112352734375
0 0.201628193359375 0.98685658984375 0.191044650390625 0.821269203125 0.115740216796875 0.82943378125 0.12113926953125 0.99103008984375 0.201628193359375 0.98685658984375
0 0 0.997311384765625 0.0334423828125 0.9955773359375 0.0273151171875 0.859578193359375 0 0.8589688515625 0 0.997311384765625