1 0.681542669921875 0.171975427734375 0.733916044921875 0.03491642578125 0.635973498046875 0.0297975625 0.61020698828125 0.105238486328125 0.681542669921875 0.171975427734375
1 0.005865859375 0.122032958984375 0.0060263359375 0.185606556640625 0.01168307421875 0.332903283203125 0.0885348984375 0.36771922265625 0.10914526171875 0.190955482421875 0.005865859375 0.122032958984375
1 0.179122587890625 0.415399421875 0.2053637734375 0.254203158203125 0.10964479296875 0.193275267578125 0.089760826171875 0.365476126953125 0.179122587890625 0.415399421875
1 0.260810669921875 0.468045107421875 0.292160423828125 0.319329669921875 0.20504601953125 0.25801833984375 0.1786685 0.41461337890625 0.260810669921875 0.468045107421875
1 0.336618341796875 0.511239111328125 0.37514259765625 0.372032873046875 0.290911771484375 0.320805896484375 0.261627953125 0.466549708984375 0.336618341796875 0.511239111328125
1 0.408361953125 0.5481256015625 0.447749294921875 0.423509080078125 0.372554408203125 0.371917841796875 0.33823019140625 0.5074814453125 0.408361953125 0.5481256015625
1 0.472045966796875 0.589249052734375 0.513340544921875 0.470844185546875 0.4464097578125 0.421917822265625 0.408339232421875 0.547358732421875 0.472045966796875 0.589249052734375
1 0.5325286484375 0.6241033359375 0.577092724609375 0.51426825 0.515111447265625 0.472454615234375 0.47197780078125 0.58694844140625 0.5325286484375 0.6241033359375
1 0.58865223828125 0.657232158203125 0.63687173046875 0.55445228515625 0.576570470703125 0.511181595703125 0.532142728515625 0.62561790625 0.58865223828125 0.657232158203125
1 0.642096748046875 0.687178466796875 0.690566185546875 0.592834173828125 0.633375365234375 0.552765169921875 0.58944680078125 0.654969888671875 0.642096748046875 0.687178466796875
1 0.6947466953125 0.71938704296875 0.74160428125 0.628800419921875 0.687864384765625 0.5888847890625 0.64339084375 0.68723598046875 0.6947466953125 0.71938704296875
1 0.039573029296875 0.693379634765625 0.055958908203125 0.57427870703125 0.016580517578125 0.55959244921875 0.021105302734375 0.690516302734375 0.039573029296875 0.693379634765625
1 0.1164313046875 0.715178443359375 0.135562470703125 0.611178177734375 0.054707462890625 0.570818849609375 0.040945359375 0.68799384375 0.1164313046875 0.715178443359375
1 0.187517470703125 0.74897597265625 0.211714697265625 0.6479242578125 0.136430435546875 0.6146209921875 0.11758175 0.71522957421875 0.187517470703125 0.74897597265625
1 0.255152298828125 0.782620111328125 0.28211469921875 0.6844146796875 0.208344162109375 0.650497845703125 0.18640742578125 0.750288333984375 0.255152298828125 0.782620111328125
1 0.317761462890625 0.81467919140625 0.347327439453125 0.713866083984375 0.280540373046875 0.682983015625 0.2550715 0.77989312890625 0.317761462890625 0.81467919140625
1 0.580610310546875 0.922360880859375 0.619400677734375 0.848510806640625 0.582444708984375 0.829166279296875 0.55201045703125 0.913600451171875 0.580610310546875 0.922360880859375
1 0.6277586875 0.936711623046875 0.664066681640625 0.869559697265625 0.6197639609375 0.847846103515625 0.582366119140625 0.916992134765625 0.6277586875 0.936711623046875
1 0.78809037890625 0.777029798828125 0.83753712109375 0.687993845703125 0.808371990234375 0.6730806640625 0.767281046875 0.75976459375 0.78809037890625 0.777029798828125
1 0.8665034140625 0.825450767578125 0.918251361328125 0.7494531953125 0.891649404296875 0.73056884765625 0.853081234375 0.81191812109375 0.8665034140625 0.825450767578125
1 0.9053767890625 0.84488051171875 0.95865866796875 0.768951115234375 0.917403599609375 0.746692126953125 0.8690261875 0.820116109375 0.9053767890625 0.84488051171875
1 0.94269903125 0.863560470703125 0.996465390625 0.79105684375 0.955916685546875 0.766786705078125 0.90576326171875 0.8448976875 0.94269903125 0.863560470703125
1 0.840421962890625 1 0.86227099609375 0.968352841796875 0.843437896484375 0.956073572265625 0.822916431640625 1 0.840421962890625 1
0 0.905822212890625 1 0.907856771484375 0.995750798828125 0.897665330078125 0.963458568359375 0.86494022265625 0.96399407421875 0.84206515625 1 0.905822212890625 1
0 0.8229504296875 1 0.839824501953125 0.947455669921875 0.800949150390625 0.929310748046875 0.793708525390625 0.949385978515625 0.778593291015625 0.996473107421875 0.776022666015625 1 0.8229504296875 1
0 0.776319462890625 1 0.77941915234375 0.99601232421875 0.798914138671875 0.93618514453125 0.767161794921875 0.91288442578125 0.755098619140625 0.9307553671875 0.737962904296875 0.9757627421875 0.727356240234375 1 0.776319462890625 1
0 0.72366918359375 1 0.73864139453125 0.979772806640625 0.763209154296875 0.902261490234375 0.72223975 0.888998388671875 0.715618345703125 0.90163880859375 0.6989989921875 0.954628953125 0.68230537890625 0.98622378125 0.694249837890625 1 0.72366918359375 1
0 0.6731729765625 1 0.700739271484375 0.95669625390625 0.72275565234375 0.878076564453125 0.678055005859375 0.8616626953125 0.627045216796875 0.962873248046875 0.644757953125 0.99400729296875 0.652388927734375 1 0.6731729765625 1
0 0.812371654296875 0.644259890625 0.75727362109375 0.61693665234375 0.690292990234375 0.75524653125 0.7338444453125 0.81787577734375 0.779663611328125 0.7398165 0.812371654296875 0.644259890625
0 0.81696358203125 0.86534896875 0.856751505859375 0.81040360546875 0.88919433203125 0.724784982421875 0.838166556640625 0.693165248046875 0.769828712890625 0.814002701171875 0.79050587109375 0.850740873046875 0.81696358203125 0.86534896875
0 1 0.803060654296875 0.938057255859375 0.88167566015625 0.970429744140625 0.935350751953125 1 0.8976583125 1 0.803060654296875
0 1 0.897445009765625 0.99660609375 0.9026849140625 0.974116244140625 0.9181024921875 1 0.95097860546875 1 0.897445009765625
0 0.74269576171875 0.033008701171875 0.688714888671875 0.17532791015625 0.74470229296875 0.236710359375 0.791626623046875 0.158413369140625 0.8396825 0.04276094140625 0.74269576171875 0.033008701171875
0 0.9200883671875 0.0972699921875 0.8691065546875 0.03862695703125 0.84848635546875 0.03771050390625 0.75498878125 0.236371671875 0.803402900390625 0.299009265625 0.857240107421875 0.227386443359375 0.9200883671875 0.0972699921875
0 0.8981045546875 0.29207609765625 0.954984060546875 0.17204062890625 0.910793228515625 0.115957671875 0.8570748203125 0.22180803125 0.808121306640625 0.292056171875 0.856842017578125 0.349932193359375 0.8981045546875 0.29207609765625
0 1 0.196355984375 0.967417794921875 0.183735373046875 0.87264936328125 0.354614076171875 0.913962076171875 0.419323650390625 0.959141306640625 0.3727837578125 1 0.312892583984375 1 0.196355984375
0 0.53434210546875 0.95242765625 0.559953279296875 0.895843328125 0.58900408203125 0.803795796875 0.532991080078125 0.79025306640625 0.493218875 0.9051587578125 0.509275216796875 0.934119607421875 0.53434210546875 0.95242765625
0 0.5321897421875 0.7748656953125 0.48256608203125 0.75546623046875 0.44048238671875 0.885620947265625 0.480986466796875 0.9236512734375 0.514952607421875 0.8459458203125 0.5321897421875 0.7748656953125
0 0.48109122265625 0.740662994140625 0.4255148984375 0.718542689453125 0.382867279296875 0.864638169921875 0.427175927734375 0.902837587890625 0.460068021484375 0.823856255859375 0.48109122265625 0.740662994140625
0 0.36799487109375 0.863977173828125 0.41360985546875 0.72476834765625 0.355994748046875 0.7037855703125 0.31857133203125 0.839674041015625 0.36799487109375 0.863977173828125