0 0.1561669453125 0.22944291015625 0.1919504609375 0.15345473046875 0.16796597265625 0.147541251953125 0.142464515625 0.164986009765625 0.1124039296875 0.2229380859375 0.115302763671875 0.26462809765625 0.14249326171875 0.268471857421875 0.159416072265625 0.2628540546875 0.1561669453125 0.22944291015625
0 0.194482169921875 0.28650796484375 0.24192180859375 0.164986009765625 0.210345892578125 0.15641146875 0.183347583984375 0.1738562265625 0.156199796875 0.227964541015625 0.15760835546875 0.269358880859375 0.194482169921875 0.28650796484375
0 0.28823377734375 0.3187364140625 0.33130976171875 0.198988501953125 0.309982232421875 0.178291333984375 0.286842466796875 0.1717865078125 0.261559068359375 0.23180830078125 0.24963807421875 0.281777181640625 0.249886931640625 0.315484001953125 0.28823377734375 0.3187364140625
0 0.62729673046875 0.328945462890625 0.649032587890625 0.181473517578125 0.60253466796875 0.182264251953125 0.5798274140625 0.323410322265625 0.62729673046875 0.328945462890625
0 0.701921181640625 0.353458224609375 0.721609365234375 0.16803103515625 0.66757640625 0.16763566796875 0.64371544921875 0.350690654296875 0.701921181640625 0.353458224609375
0 0.7740822734375 0.3487138203125 0.78325918359375 0.175938376953125 0.732793314453125 0.17514764453125 0.72213871875 0.34436478125 0.7740822734375 0.3487138203125
0 0.855683306640625 0.349504552734375 0.85889676171875 0.16486809765625 0.803699115234375 0.16684493359375 0.79598231640625 0.3439694140625 0.855683306640625 0.349504552734375
1 0.994825083984375 0.23287124609375 0.93014356640625 0.23128977734375 0.93440804296875 0.339620375 0.992285947265625 0.347132349609375 0.994825083984375 0.23287124609375
1 0.931739314453125 0.339620375 0.928595595703125 0.23089441015625 0.859340451171875 0.224963904296875 0.8585250078125 0.33171303125 0.931739314453125 0.339620375
1 0.577972482421875 0.30680490234375 0.596207693359375 0.206777015625 0.540138044921875 0.2079631171875 0.51824513671875 0.30245586328125 0.577972482421875 0.30680490234375
1 0.51585151953125 0.30008366015625 0.537246921875 0.2079631171875 0.484317146484375 0.2079631171875 0.461461630859375 0.295734623046875 0.51585151953125 0.30008366015625
1 0.460314517578125 0.29731608984375 0.482581923828125 0.20598628125 0.432783236328125 0.205195546875 0.408192498046875 0.290990216796875 0.460314517578125 0.29731608984375
1 0.405506197265625 0.29178094921875 0.431706408203125 0.203614078125 0.383517193359375 0.200451140625 0.356480123046875 0.286245810546875 0.405506197265625 0.29178094921875
1 0.354016216796875 0.287036544921875 0.381960435546875 0.200451140625 0.334804119140625 0.2008465078125 0.307018046875 0.280315302734375 0.354016216796875 0.287036544921875
1 0.2491956015625 0.280315302734375 0.279744302734375 0.186613291015625 0.24741809765625 0.190171595703125 0.210355720703125 0.276756998046875 0.2491956015625 0.280315302734375
1 0.2594827734375 0.56481428125 0.304567640625 0.43809942578125 0.253014693359375 0.433187998046875 0.206126923828125 0.554009138671875 0.2594827734375 0.56481428125
1 0.317382376953125 0.582495423828125 0.361260533203125 0.44792228125 0.307243005859375 0.442028568359375 0.264092013671875 0.568743423828125 0.317382376953125 0.582495423828125
1 0.38292675390625 0.591827138671875 0.420672447265625 0.4597097109375 0.364764701171875 0.45185142578125 0.322951390625 0.580530853515625 0.38292675390625 0.591827138671875
1 0.448870869140625 0.608034853515625 0.4828470390625 0.471497138671875 0.42503816015625 0.46216542578125 0.38675084765625 0.593791708984375 0.448870869140625 0.608034853515625
1 0.518660904296875 0.625224853515625 0.547231775390625 0.483284568359375 0.485576974609375 0.472970568359375 0.453810947265625 0.60950828125 0.518660904296875 0.625224853515625
1 0.59404178125 0.63946799609375 0.61660024609375 0.494580853515625 0.552150025390625 0.48574028125 0.52419717578125 0.624733708984375 0.59404178125 0.63946799609375
1 0.675126056640625 0.658131423828125 0.692257392578125 0.50882399609375 0.620391595703125 0.498018853515625 0.599512568359375 0.641923708984375 0.675126056640625 0.658131423828125
1 0.76222273828125 0.679741708984375 0.77262200390625 0.52257599609375 0.69663401953125 0.510788568359375 0.67945902734375 0.66206056640625 0.76222273828125 0.679741708984375
1 0.8545685078125 0.701351994140625 0.85709789453125 0.53780142578125 0.776944060546875 0.52699628125 0.7674390859375 0.68121513671875 0.8545685078125 0.701351994140625
1 0.95165448828125 0.720997708984375 0.9460158984375 0.55204456640625 0.862812205078125 0.541730568359375 0.860424703125 0.69889628125 0.95165448828125 0.720997708984375
1 0.24263287109375 0.999221552734375 0.258288998046875 0.956649728515625 0.1900955234375 0.9311066328125 0.16737196484375 0.999221552734375 0.24263287109375 0.999221552734375
1 0.162907431640625 1 0.185729375 0.927457619140625 0.12262678125 0.90373903125 0.087650310546875 0.99982972265625 0.162907431640625 1
1 0.0828571953125 1 0.119971111328125 0.900090017578125 0.061288720703125 0.877587767578125 0.015126166015625 0.99982972265625 0.0828571953125 1