1 0.687654353515625 0.270504953125 0.681776966796875 0.107969787109375 0.6047178828125 0.104486892578125 0.603411796875 0.269343986328125 0.687654353515625 0.270504953125
1 0.6021057109375 0.270504953125 0.60275875390625 0.104486892578125 0.52831184375 0.09519916796875 0.5191692421875 0.2670220546875 0.6021057109375 0.270504953125
1 0.520475328125 0.264700125 0.525699671875 0.099843029296875 0.45059971875 0.094038203125 0.44080407421875 0.2565733671875 0.520475328125 0.264700125
1 0.4440692890625 0.25773433203125 0.45059971875 0.091716271484375 0.37223455078125 0.08939433984375 0.357214560546875 0.25192950390625 0.4440692890625 0.25773433203125
1 0.361785861328125 0.2507685390625 0.3715815078125 0.08707241015625 0.2964815546875 0.084750478515625 0.2801554765625 0.237997919921875 0.361785861328125 0.2507685390625
1 0.28080851953125 0.244963712890625 0.29844068359375 0.08358951171875 0.2226876875 0.070818892578125 0.20048422265625 0.237997919921875 0.28080851953125 0.244963712890625
1 0.19787205078125 0.236836955078125 0.22072855859375 0.07894565234375 0.14562860546875 0.07314082421875 0.12081296875 0.225227298828125 0.19787205078125 0.236836955078125
1 0.12081296875 0.2229053671875 0.1462816484375 0.070818892578125 0.0711816953125 0.07314082421875 0.045713015625 0.22174440234375 0.12081296875 0.2229053671875
1 0.04505997265625 0.224066333984375 0.0737938671875 0.071979857421875 0.002612171875 0.067335998046875 0.0013060859375 0.225227298828125 0.04505997265625 0.224066333984375
1 0.733367369140625 0.94850878125 0.724224765625 0.710510861328125 0.630839607421875 0.702384103515625 0.632798736328125 0.94850878125 0.733367369140625 0.94850878125
1 0.634104822265625 0.940382021484375 0.630839607421875 0.703545068359375 0.535495318359375 0.6919354140625 0.533536189453125 0.936899126953125 0.634104822265625 0.940382021484375
1 0.5296179296875 0.936899126953125 0.534189232421875 0.695418310546875 0.44472233203125 0.682647689453125 0.432967556640625 0.933416228515625 0.5296179296875 0.936899126953125
1 0.432967556640625 0.811514857421875 0.4440692890625 0.68380865625 0.3552554296875 0.675681896484375 0.34284761328125 0.805710029296875 0.432967556640625 0.811514857421875
1 0.34284761328125 0.810353892578125 0.35329630078125 0.67684286328125 0.261217228515625 0.674520931640625 0.2455441953125 0.808031958984375 0.34284761328125 0.810353892578125
1 0.22791203125 0.924128505859375 0.25272766796875 0.672199001953125 0.171750328125 0.6617503125 0.140404259765625 0.91484078125 0.22791203125 0.924128505859375
1 0.140404259765625 0.909035955078125 0.1704442421875 0.66058934765625 0.083589513671875 0.65014065625 0.04636605859375 0.902070162109375 0.140404259765625 0.909035955078125
0 0.015019990234375 1 0.082283427734375 0.65478451953125 0.00065304296875 0.642013900390625 0.002612171875 1 0.015019990234375 1