1 0.145952052734375 1 0.163808708984375 0.92473837890625 0.085226265625 0.9088024375 0.0601375703125 1 0.145952052734375 1
1 0.236614529296875 1 0.249119578125 0.941697234375 0.16530462890625 0.927530244140625 0.147328572265625 1 0.236614529296875 1
1 0.331196328125 1 0.338604146484375 0.957794689453125 0.25225498046875 0.94082044921875 0.2397284296875 1 0.331196328125 1
1 0.69079593359375 0.57573241015625 0.69957965234375 0.429768615234375 0.62818971875 0.422144966796875 0.612944701171875 0.568013041015625 0.69079593359375 0.57573241015625
1 0.778557908203125 0.573749580078125 0.778408625 0.435040212890625 0.704194865234375 0.42983698828125 0.695392912109375 0.576621265625 0.778557908203125 0.573749580078125
1 0.866380279296875 0.5898241953125 0.862702923828125 0.4436757890625 0.78485169140625 0.43595641796875 0.7802216640625 0.58198175 0.866380279296875 0.5898241953125
1 0.98714577734375 0.59325481640625 0.9892566171875 0.46196570703125 0.9542721640625 0.45734365625 0.96409516015625 0.597017087890625 0.98714577734375 0.59325481640625
1 0.71964728125 0.233085337890625 0.7241975390625 0.13220020703125 0.66133948046875 0.135372736328125 0.653151751953125 0.233741724609375 0.71964728125 0.233085337890625
1 0.584791904296875 0.235191244140625 0.598499654296875 0.137724787109375 0.53986821875 0.13767692578125 0.525310357421875 0.23184777734375 0.584791904296875 0.235191244140625
1 0.522984517578125 0.23263407421875 0.53986821875 0.13767692578125 0.484449201171875 0.138497408203125 0.46845207421875 0.2351091953125 0.522984517578125 0.23263407421875
0 0.371735072265625 0.08590546875 0.345268568359375 0.168129537109375 0.3437781484375 0.235198435546875 0.3941360234375 0.228736357421875 0.4174977421875 0.103772029296875 0.371735072265625 0.08590546875
0 0.4903204609375 0.11095006640625 0.475695716796875 0.0813464453125 0.44068547265625 0.070847298828125 0.423363189453125 0.16263284375 0.415989615234375 0.241812943359375 0.463381275390625 0.24251504296875 0.4903204609375 0.11095006640625
0 0.641186224609375 0.241267892578125 0.653127291015625 0.082866119140625 0.608738794921875 0.0733369765625 0.591501193359375 0.245522056640625 0.641186224609375 0.241267892578125
0 0.781502798828125 0.2427921875 0.7822279921875 0.0698080078125 0.72828880078125 0.06900891015625 0.721143099609375 0.250215033203125 0.781502798828125 0.2427921875
0 0.848808041015625 0.23159094140625 0.8500990703125 0.0752492734375 0.799327021484375 0.0722792109375 0.793026609375 0.243517380859375 0.848808041015625 0.23159094140625
0 0.939029259765625 0.241799087890625 0.925313701171875 0.07303673828125 0.86476538671875 0.07491208203125 0.871523087890625 0.2480071171875 0.939029259765625 0.241799087890625
0 0.994617244140625 0.25703885546875 0.999125455078125 0.05416929296875 0.99684462109375 0.05413550390625 0.939291005859375 0.061599919921875 0.952128171875 0.255854916015625 0.994617244140625 0.25703885546875
0 0.957832724609375 0.588621974609375 0.94367989453125 0.32725650390625 0.87184565234375 0.331737001953125 0.877900484375 0.5785662578125 0.957832724609375 0.588621974609375
0 0.59403475390625 0.566598248046875 0.61572821875 0.3623198671875 0.564234052734375 0.363774875 0.535394119140625 0.566838439453125 0.59403475390625 0.566598248046875
0 0.518451369140625 0.54329965625 0.550433810546875 0.33917370703125 0.494172765625 0.3305776171875 0.46335125 0.5386020625 0.518451369140625 0.54329965625
0 0.449574875 0.555032095703125 0.477569517578125 0.361936484375 0.42554646875 0.3450861171875 0.391045095703125 0.550283689453125 0.449574875 0.555032095703125
0 0.382011734375 0.535733619140625 0.414892583984375 0.333284390625 0.3590418671875 0.32025861328125 0.32188606640625 0.532624984375 0.382011734375 0.535733619140625
0 0.303018705078125 0.314992873046875 0.2724905 0.41157301171875 0.25502040625 0.510010017578125 0.30679325390625 0.52408432421875 0.3550456015625 0.345705072265625 0.303018705078125 0.314992873046875
0 0.25798276953125 0.48898401171875 0.29081358203125 0.33089171484375 0.242183240234375 0.31575501953125 0.213595814453125 0.3951753125 0.198385986328125 0.504180751953125 0.241178591796875 0.5153496640625 0.25798276953125 0.48898401171875
0 0.188779859375 0.403124732421875 0.2434919765625 0.3130020546875 0.20839243359375 0.250381318359375 0.128773517578125 0.380611384765625 0.145744751953125 0.416903419921875 0.169145732421875 0.38841761328125 0.188779859375 0.403124732421875
0 0.080258654296875 0.556768865234375 0.106882974609375 0.59375837890625 0.1390301640625 0.57870944921875 0.21100220703125 0.4417124453125 0.172038041015625 0.384579166015625 0.12999911328125 0.437740046875 0.129986794921875 0.438294333984375 0.080258654296875 0.556768865234375
0 0.03651451953125 0.5322785546875 0.061530634765625 0.571462126953125 0.0865313515625 0.5551983828125 0.08888245703125 0.533608845703125 0.116214267578125 0.4685861953125 0.140259607421875 0.42513922265625 0.11831209375 0.3882189921875 0.06535214453125 0.455634322265625 0.03651451953125 0.5322785546875
0 0.060374626953125 1 0.079735158203125 0.91716719921875 0.018809623046875 0.90794753515625 0 0.95080128515625 0 1 0.060374626953125 1