1 0.32188666015625 0.988784453125 0.325046837890625 1 0.47628390625 0.9992180546875 0.483507169921875 0.9935999609375 0.440167591796875 0.8748174140625 0.32188666015625 0.988784453125
0 0.3503282578125 0.802584783203125 0.2505569375 0.892474279296875 0.2812558046875 1 0.30292559375 0.9992180546875 0.4365559609375 0.866791564453125 0.40450273046875 0.772889146484375 0.3503282578125 0.802584783203125
0 0.23159587109375 0.75764003515625 0.26229473828125 0.8691993203125 0.39547365234375 0.767271052734375 0.368837869140625 0.6846048203125 0.3155663046875 0.700656515625 0.23159587109375 0.75764003515625
0 0.297508146484375 0.621200623046875 0.22753278515625 0.6789867265625 0.24468803515625 0.751219357421875 0.31827502734375 0.701459099609375 0.36974077734375 0.67657897265625 0.34445935546875 0.60033341796875 0.297508146484375 0.621200623046875
0 0.193724169921875 0.560505166015625 0.2107039765625 0.661354935546875 0.33882434375 0.5817728046875 0.3172136796875 0.50836515234375 0.2624152109375 0.51659778515625 0.193724169921875 0.560505166015625
0 0.03907184765625 0.00967179296875 0.050941775390625 0.07209882421875 0.11226973828125 0.045281580078125 0.105592904296875 0.0087925390625 0.0642954453125 0.002198134765625 0.03907184765625 0.00967179296875
0 0.11226973828125 0.134086228515625 0.07023041015625 0.153429814453125 0.07913285546875 0.189918853515625 0.13106379296875 0.170575267578125 0.155792810546875 0.173213029296875 0.14689036328125 0.137603244140625 0.11226973828125 0.134086228515625
0 0.0833367890625 0.2101416953125 0.156781970703125 0.174971537109375 0.125376119140625 0.170575267578125 0.0798747265625 0.189918853515625 0.0833367890625 0.2101416953125
0 0.296874708984375 0 0.27681272265625 0.0258007578125 0.290898796875 0.05046324609375 0.31629641796875 0.022765373046875 0.357274091796875 0.003794228515625 0.35193845703125 0 0.296874708984375 0
0 0.334651001953125 0.04628959375 0.36474398046875 0.029594986328125 0.355780115234375 0.00455307421875 0.31394873828125 0.023144796875 0.294953880859375 0.049704400390625 0.2998626640625 0.0834730390625 0.317363544921875 0.091440919921875 0.319284375 0.072469775390625 0.334651001953125 0.04628959375
0 0.36004862109375 0.08840553515625 0.39569066015625 0.069434392578125 0.380750884765625 0.02162710546875 0.33379730078125 0.04515132421875 0.31715012109375 0.0717109296875 0.31629641796875 0.095993994140625 0.327821388671875 0.11648283203125 0.3463893984375 0.10472072265625 0.36004862109375 0.08840553515625
0 0.395263810546875 0.07170918359375 0.359194919921875 0.08688784375 0.32675426171875 0.121415330078125 0.340626912109375 0.158976451171875 0.41319154296875 0.124828390625 0.405508228515625 0.092198021484375 0.395263810546875 0.07170918359375
0 0.552558318359375 0.060707666015625 0.54338102734375 0.02352421875 0.533350033203125 0.00682961328125 0.49493346484375 0.025421333984375 0.49450661328125 0.0258007578125 0.46313308203125 0.06488131640625 0.4842621953125 0.095614572265625 0.500269099609375 0.09371745703125 0.552558318359375 0.060707666015625
0 0.575821685546875 0.119138791015625 0.598658201171875 0.10510014453125 0.5907614609375 0.078540541015625 0.5811573203125 0.063363625 0.54274075 0.084231884765625 0.510726943359375 0.127106671875 0.53206948046875 0.1582193515625 0.54722268359375 0.154425123046875 0.552131466796875 0.14380128125 0.575821685546875 0.119138791015625
0 0.62426924609375 0.1411453203125 0.6078354921875 0.10168533984375 0.577742513671875 0.11648283203125 0.541887048828125 0.155563390625 0.5574671015625 0.187814337890625 0.573047154296875 0.189332029296875 0.60164615625 0.159357619140625 0.62426924609375 0.1411453203125
0 0.63131228515625 0.197679333984375 0.659271009765625 0.177569919921875 0.641556703125 0.1415247421875 0.606981791015625 0.1525280078125 0.565577265625 0.20033529296875 0.586066103515625 0.234483353515625 0.60335355859375 0.2333450859375 0.63131228515625 0.1988176015625 0.63131228515625 0.197679333984375
0 0.6914982421875 0.1931262578125 0.6818941015625 0.169222615234375 0.63323311328125 0.19426452734375 0.59140173828125 0.247383732421875 0.619147037109375 0.28342891015625 0.6372881953125 0.28039352734375 0.7000352578125 0.234483353515625 0.6914982421875 0.1931262578125
0 0.527374123046875 0.23486277734375 0.510513517578125 0.206406060546875 0.466121037109375 0.22651547265625 0.42364938671875 0.26673430078125 0.428771595703125 0.316059279296875 0.460998828125 0.325924275390625 0.535484287109375 0.27204622265625 0.527374123046875 0.23486277734375
0 0.57475455859375 0.32364773828125 0.5593879296875 0.297846978515625 0.506458435546875 0.331995041015625 0.458437724609375 0.383975978515625 0.48831727734375 0.43633633984375 0.5109403671875 0.43330095703125 0.586279529296875 0.372213869140625 0.57475455859375 0.32364773828125
0 0.8059010234375 0.32935507421875 0.788345515625 0.303285720703125 0.748071119140625 0.33082376953125 0.7009810546875 0.38479834765625 0.733820177734375 0.43473401171875 0.75488678515625 0.429226400390625 0.8141624375 0.363502255859375 0.8059010234375 0.32935507421875
0 0.842251248046875 0.37011138671875 0.796813466796875 0.393977697265625 0.74352733984375 0.4505224921875 0.7761599296875 0.500825330078125 0.802389921875 0.489810109375 0.8662093515625 0.4207813984375 0.842251248046875 0.37011138671875
0 0.90776385546875 0.448169642578125 0.885730751953125 0.41716008984375 0.83670709765625 0.458288548828125 0.7834604296875 0.52455106640625 0.822018361328125 0.579062595703125 0.8477236484375 0.5676380234375 0.919331234375 0.485054689453125 0.90776385546875 0.448169642578125
0 0.8549873046875 0.587124525390625 0.899577826171875 0.65054215625 0.979265404296875 0.566155791015625 0.97034730078125 0.542629896484375 0.9366886484375 0.504272458984375 0.8549873046875 0.587124525390625
1 1 0.604206314453125 0.98024137109375 0.58524312890625 0.91881536328125 0.65455683984375 0.984655216796875 0.738256416015625 1 0.716677619140625 1 0.604206314453125
1 0.79044604296875 0.96123731640625 0.807733603515625 1 0.922493568359375 0.997201978515625 0.941252408203125 0.970391958984375 0.86989525 0.85661284765625 0.79044604296875 0.96123731640625
1 0.79007822265625 0.957313900390625 0.869159609375 0.8585745546875 0.8058945 0.7572196015625 0.72607747265625 0.848112109375 0.79007822265625 0.957313900390625
1 0.72718093359375 0.848112109375 0.8055266796875 0.75787350390625 0.749250158203125 0.6709044140625 0.672743515625 0.74871886328125 0.72718093359375 0.848112109375
1 0.672743515625 0.748064958984375 0.748514517578125 0.67221221875 0.697387482421875 0.59308996484375 0.62308776171875 0.6584802578125 0.672743515625 0.748064958984375
1 0.624410296875 0.6609731171875 0.697955830078125 0.594824126953125 0.6514448203125 0.52144008984375 0.580224837890625 0.58190440234375 0.624410296875 0.6609731171875
1 0.579352755859375 0.58087082421875 0.651154126953125 0.52247366796875 0.6107476875 0.458908623046875 0.540981173828125 0.512654677734375 0.579352755859375 0.58087082421875
1 0.5415625625 0.511621099609375 0.611038380859375 0.457875044921875 0.57470165625 0.400511466796875 0.506969998046875 0.44857284375 0.5415625625 0.511621099609375
1 0.7011534609375 0.373121650390625 0.75464112109375 0.322476330078125 0.73196700390625 0.29508651171875 0.67644448828125 0.3353960546875 0.7011534609375 0.373121650390625
1 0.675863099609375 0.3343624765625 0.7299321484375 0.298187248046875 0.69592097265625 0.25167623828125 0.64010776171875 0.288368255859375 0.675863099609375 0.3343624765625
1 0.461121451171875 0.36804068359375 0.519484287109375 0.3230144296875 0.509848912109375 0.300501302734375 0.4470813359375 0.340143982421875 0.461121451171875 0.36804068359375
1 0.40964102734375 0.266242197265625 0.464149712890625 0.22953601171875 0.4558908203125 0.213385291015625 0.399455060546875 0.245686732421875 0.40964102734375 0.266242197265625
1 0.40055624609375 0.246665564453125 0.4556155234375 0.213385291015625 0.43194003515625 0.17472144140625 0.373026607421875 0.205065220703125 0.40055624609375 0.246665564453125
1 0.372751310546875 0.206044052734375 0.4294623671875 0.176189689453125 0.408539841796875 0.1380152578125 0.35705941796875 0.164933125 0.372751310546875 0.206044052734375
1 0.508300935546875 0.11128234375 0.55065934765625 0.08032409765625 0.54712948046875 0.07404877734375 0.498887955078125 0.099986767578125 0.508300935546875 0.11128234375
1 0.473472908203125 0 0.434879689453125 0.014224060546875 0.45605889453125 0.04141711328125 0.498417306640625 0.022172798828125 0.48406251171875 0 0.473472908203125 0
1 0.0624907578125 0.103817734375 0.13043922265625 0.074224830078125 0.115976294921875 0.042206275390625 0.052121111328125 0.069858662109375 0.0624907578125 0.103817734375
1 0.07204174609375 0.140687583984375 0.141900408203125 0.110124419921875 0.129074794921875 0.0732545703125 0.0633094140625 0.102847474609375 0.07204174609375 0.140687583984375
1 0.072314630859375 0.14165784375 0.07531637109375 0.1523306953125 0.11242878515625 0.13389576953125 0.15527179296875 0.138261935546875 0.142719064453125 0.10672851171875 0.072314630859375 0.14165784375