0 0.988076041015625 0.3071320859375 0.996489916015625 0.07995743359375 0.971032134765625 0.069191025390625 0.927881984375 0.113011576171875 0.98180434765625 0.307225 0.988076041015625 0.3071320859375
1 0.962402103515625 0.28104648828125 0.94128030859375 0.153208482421875 0.916822640625 0.15774965234375 0.928691755859375 0.281545900390625 0.962402103515625 0.28104648828125
0 0.926517310546875 0.2133238203125 0.899114142578125 0.06468469921875 0.83448731640625 0.117181091796875 0.86567479296875 0.311731326171875 0.923584712890625 0.313659291015625 0.926517310546875 0.2133238203125
0 0.9710450390625 0.661192373046875 0.9533558984375 0.609915478515625 0.897446208984375 0.6386026640625 0.94213524609375 0.87056238671875 0.966963921875 0.877159279296875 0.9710450390625 0.661192373046875
0 0.9290659921875 0.86379128125 0.889967923828125 0.628962841796875 0.824434541015625 0.642470208984375 0.8680815234375 0.881410091796875 0.9290659921875 0.86379128125
0 0.876714779296875 0.902176365234375 0.822556904296875 0.6508556953125 0.757807482421875 0.66435144921875 0.7879303203125 0.929957640625 0.876714779296875 0.902176365234375
0 0.7920759609375 0.9661127890625 0.75743647265625 0.65321338671875 0.6844248046875 0.657080931640625 0.705262697265625 0.9618271328125 0.7920759609375 0.9661127890625
1 0.69687405859375 0.892012119140625 0.675415142578125 0.665271578125 0.59786049609375 0.676741376953125 0.611577947265625 0.910968634765625 0.69687405859375 0.892012119140625
1 0.61362002734375 0.900617541015625 0.596528705078125 0.667914671875 0.52533933984375 0.686662197265625 0.53777963671875 0.91058753515625 0.61362002734375 0.900617541015625
1 0.52385046484375 0.816431939453125 0.5169866171875 0.688260345703125 0.43157098828125 0.688051359375 0.43412187890625 0.8207100625 0.52385046484375 0.816431939453125
1 0.435060962890625 0.81774733984375 0.43245543359375 0.68656384765625 0.3390797890625 0.699742435546875 0.337536279296875 0.830987392578125 0.435060962890625 0.81774733984375
1 0.335490783203125 0.953393357421875 0.3375840859375 0.69534137890625 0.2390110390625 0.7144945859375 0.23055245703125 0.9652688359375 0.335490783203125 0.953393357421875
1 0.230388544921875 0.969694482421875 0.241555103515625 0.712982490234375 0.136726056640625 0.721907541015625 0.116322328125 0.98170519140625 0.230388544921875 0.969694482421875
1 0 0.98631823828125 0.11969619921875 0.980180802734375 0.133461458984375 0.720481498046875 0.024319453125 0.733893662109375 0 0.970633751953125 0 0.98631823828125
1 0.19432780078125 0.255206345703125 0.203848521484375 0.0815441328125 0.11578630859375 0.074062876953125 0.0979861484375 0.25443716015625 0.19432780078125 0.255206345703125
1 0.283748296875 0.259372775390625 0.2895197421875 0.086864341796875 0.204507314453125 0.080436138671875 0.1928881171875 0.2607188515625 0.283748296875 0.259372775390625
1 0.36872002734375 0.26689981640625 0.3694653046875 0.096662314453125 0.289852955078125 0.094547052734375 0.283130201171875 0.259381931640625 0.36872002734375 0.26689981640625
1 0.447836375 0.26572772265625 0.4442549765625 0.0955543203125 0.368806509765625 0.097770310546875 0.368101931640625 0.26690897265625 0.447836375 0.26572772265625
1 0.520486873046875 0.272339064453125 0.5164171015625 0.115351720703125 0.446279685546875 0.107604912109375 0.450227365234375 0.26788876953125 0.520486873046875 0.272339064453125
1 0.59387755859375 0.275644736328125 0.586017814453125 0.12091001171875 0.5175718984375 0.117531083984375 0.524195451171875 0.272284123046875 0.59387755859375 0.275644736328125
1 0.66355966796875 0.279005349609375 0.64807927734375 0.12987469921875 0.58420422265625 0.11983864453125 0.594454958984375 0.276734416015625 0.66355966796875 0.279005349609375
1 0.727963794921875 0.2747565078125 0.711661818359375 0.131129205078125 0.649892869140625 0.13094606640625 0.66170537890625 0.2790328203125 0.727963794921875 0.2747565078125
1 0.79068405078125 0.282613201171875 0.770014703125 0.140148833984375 0.712117123046875 0.135515400390625 0.731054275390625 0.27471072265625 0.79068405078125 0.282613201171875
1 0.851997693359375 0.27841014453125 0.832938447265625 0.142511337890625 0.773105185546875 0.140103048828125 0.79080614453125 0.2793166875 0.851997693359375 0.27841014453125