1 0.240487921875 0.987883337890625 0.18160879296875 0.918374552734375 0.14522659375 0.993528453125 0.240487921875 0.987883337890625
1 0.3235753203125 0.909168263671875 0.243480845703125 0.8242541171875 0.182604603515625 0.920695908203125 0.2454066640625 0.988091126953125 0.3235753203125 0.909168263671875
1 0.37677855859375 0.8108008046875 0.2972820078125 0.73933996875 0.242250921875 0.826707369140625 0.324020466796875 0.909141884765625 0.37677855859375 0.8108008046875
1 0.42034135546875 0.726493375 0.34575350390625 0.665056576171875 0.2973875234375 0.741714083984375 0.376298240234375 0.810035810546875 0.42034135546875 0.726493375
1 0.459019630859375 0.6527903203125 0.3865640859375 0.599161720703125 0.345894193359375 0.668222060546875 0.419041087890625 0.7273638828125 0.459019630859375 0.6527903203125
1 0.490622826171875 0.59061491015625 0.42272426171875 0.539096634765625 0.386154111328125 0.599979470703125 0.45593877734375 0.653766345703125 0.490622826171875 0.59061491015625
1 0.065936677734375 0.8062108515625 0.034657724609375 0.765217814453125 0.037387900390625 0.841227767578125 0.065936677734375 0.8062108515625
1 0.320301611328125 0.4749834296875 0.26254835546875 0.430284912109375 0.23665653125 0.45674936328125 0.288367099609375 0.512241830078125 0.320301611328125 0.4749834296875
1 0.358955033203125 0.427470775390625 0.298702466796875 0.3852394453125 0.26538176953125 0.435334939453125 0.320549775390625 0.473229412109375 0.358955033203125 0.427470775390625
1 0.550529798828125 0.478748822265625 0.487739916015625 0.436371107421875 0.47453251953125 0.458058947265625 0.533888201171875 0.511360771484375 0.550529798828125 0.478748822265625
1 0.594147541015625 0.388255115234375 0.53807681640625 0.354591740234375 0.52916644921875 0.37120066796875 0.57914396484375 0.417017787109375 0.594147541015625 0.388255115234375
1 0.618742388671875 0.3514196484375 0.56276670703125 0.319894763671875 0.537594171875 0.357300494140625 0.593617375 0.38989462109375 0.618742388671875 0.3514196484375
1 0.638873880859375 0.31592073828125 0.584267427734375 0.28806692578125 0.56258478515625 0.322585697265625 0.6187661484375 0.351954271484375 0.638873880859375 0.31592073828125
1 0.497134583984375 0.246782421875 0.44724327734375 0.21713619140625 0.43983476953125 0.2233027265625 0.485875654296875 0.261107529296875 0.497134583984375 0.246782421875
1 0.538356912109375 0.19375451171875 0.49043890234375 0.1664618359375 0.485950876953125 0.171415033203125 0.530295443359375 0.2072895390625 0.538356912109375 0.19375451171875
1 0.557243064453125 0.169533931640625 0.509690978515625 0.146237208984375 0.492218435546875 0.168365201171875 0.5378082578125 0.194121826171875 0.557243064453125 0.169533931640625
1 0.923062212890625 0.22875087890625 0.861760673828125 0.201853482421875 0.84989666015625 0.23039278515625 0.91595765234375 0.262096490234375 0.923062212890625 0.22875087890625
1 0.916434884765625 0.261469580078125 0.8502457734375 0.230671412109375 0.838452662109375 0.26459417578125 0.907978240234375 0.298487087890625 0.916434884765625 0.261469580078125
1 0.9087249765625 0.296347634765625 0.8388635546875 0.262474625 0.82752113671875 0.295173423828125 0.869046421875 0.290018833984375 0.904359416015625 0.307980287109375 0.9087249765625 0.296347634765625
0 0.66774769921875 0.96173819140625 0.6054068125 0.928008908203125 0.590737763671875 0.9676270625 0.66774769921875 0.96173819140625
0 0.611059970703125 0.9281302890625 0.67548771484375 0.96260484375 0.764590380859375 0.957324685546875 0.7718607578125 0.907191732421875 0.68719615625 0.850596935546875 0.63364225390625 0.835515103515625 0.611059970703125 0.9281302890625
0 0.781021376953125 0.824499603515625 0.655328076171875 0.73428173046875 0.634127154296875 0.82909698046875 0.69976940625 0.856241240234375 0.764192771484375 0.902169513671875 0.781021376953125 0.824499603515625
0 0.811492921875 0.707228505859375 0.685153509765625 0.637129857421875 0.659902697265625 0.72168825 0.792266369140625 0.80603422265625 0.811492921875 0.707228505859375
0 0.909241560546875 0.308970744140625 0.8678274765625 0.29014434375 0.834737380859375 0.29426936328125 0.82893407421875 0.323468271484375 0.850884216796875 0.3243316484375 0.8646922421875 0.324595458984375 0.90529691015625 0.34346982421875 0.909241560546875 0.308970744140625
0 0.90130829296875 0.340459998046875 0.85341888671875 0.3220173203125 0.8239391796875 0.325207015625 0.89962101171875 0.361840552734375 0.90130829296875 0.340459998046875
0 0.936454455078125 0.173277818359375 0.911386625 0.163355580078125 0.872354115234375 0.170910009765625 0.863187833984375 0.2066013671875 0.923506259765625 0.22923391015625 0.936454455078125 0.173277818359375
0 0.94152875390625 0.14307034375 0.918864607421875 0.140405279296875 0.883569166015625 0.14619666796875 0.876573798828125 0.17220154296875 0.906930330078125 0.164544609375 0.93489769921875 0.1733700703125 0.94152875390625 0.14307034375