1 0.359335833984375 0.74299059375 0.3744607421875 0.594294251953125 0.29150874609375 0.60313264453125 0.284186755859375 0.746887212890625 0.359335833984375 0.74299059375
1 0.28157680859375 0.7488374140625 0.291481818359375 0.604041478515625 0.206404166015625 0.615712400390625 0.203360419921875 0.752893078125 0.28157680859375 0.7488374140625
1 0.200669685546875 0.757569779296875 0.2047897265625 0.618518419921875 0.120250640625 0.6120126953125 0.122157505859375 0.75438129296875 0.200669685546875 0.757569779296875
1 0.258603939453125 0 0.257644642578125 0.16115230078125 0.338685984375 0.165117080078125 0.344989935546875 0 0.258603939453125 0
1 0.66239914453125 0 0.638017091796875 0.17500441796875 0.722610033203125 0.179692478515625 0.756375138671875 0 0.66239914453125 0
1 0.757450916015625 0 0.7258389140625 0.174080439453125 0.806153611328125 0.185342388671875 0.84766883203125 0 0.757450916015625 0
1 0.84797871484375 0 0.810351072265625 0.181494998046875 0.89093505078125 0.18366862109375 0.9338476015625 0 0.84797871484375 0
0 0.930367875 0 0.893222279296875 0.175383099609375 0.952765529296875 0.181370033203125 0.996598599609375 0.062945384765625 0.9984636484375 0 0.930367875 0
0 0.996867884765625 0.05385705859375 0.96891034765625 0.136068525390625 0.9642277578125 0.17351620703125 0.99299019921875 0.18472892578125 0.996867884765625 0.05385705859375
0 0.586526296875 0 0.56480601171875 0.147947720703125 0.6285736484375 0.149178431640625 0.657872328125 0 0.586526296875 0
0 0.476370544921875 0 0.458768412109375 0.160705455078125 0.52985425390625 0.173353375 0.559154818359375 0 0.476370544921875 0
0 0.3773788515625 0 0.3611800078125 0.146709435546875 0.4290638984375 0.1640605625 0.452662318359375 0 0.3773788515625 0
0 0.10584943359375 0.87410102734375 0.107873689453125 0.61628420703125 0.027181994140625 0.6177459140625 0.03551674609375 0.87048841796875 0.10584943359375 0.87410102734375
0 0.42549673046875 0.80126568359375 0.45009411328125 0.59127995703125 0.387913986328125 0.588152056640625 0.36748713671875 0.795199228515625 0.42549673046875 0.80126568359375
0 0.498465875 0.81926056640625 0.523386396484375 0.598368849609375 0.462551427734375 0.601523255859375 0.43679696875 0.81610616015625 0.498465875 0.81926056640625
0 0.56538202734375 0.800364423828125 0.595818236328125 0.582816455078125 0.543324328125 0.580093744140625 0.511785318359375 0.783179919921875 0.56538202734375 0.800364423828125
0 0.663810259765625 0.579290943359375 0.603109513671875 0.595142494140625 0.576144537109375 0.79889893359375 0.635014998046875 0.810365369140625 0.652722083984375 0.695110271484375 0.663810259765625 0.579290943359375
0 0.734653744140625 0.6001183515625 0.675002783203125 0.597766748046875 0.63872858984375 0.78839434375 0.688477484375 0.814852728515625 0.72001396875 0.71521440234375 0.734653744140625 0.6001183515625
0 0.7945739921875 0.593381630859375 0.740896078125 0.596164931640625 0.70255008203125 0.787807390625 0.752057044921875 0.80520395703125 0.779369142578125 0.710321853515625 0.7945739921875 0.593381630859375
0 0.80864322265625 0.7042667578125 0.753590701171875 0.80512443359375 0.79061215625 0.864910458984375 0.841493728515625 0.784232650390625 0.864204439453125 0.706830421875 0.849675744140625 0.6803606796875 0.827692517578125 0.715983123046875 0.80864322265625 0.7042667578125
0 0.82551300390625 0.720633314453125 0.87994659375 0.6234374765625 0.90976092578125 0.530240498046875 0.881725548828125 0.4944893046875 0.846773791015625 0.51989495703125 0.7801774140625 0.66581557421875 0.82551300390625 0.720633314453125
0 0.90343780859375 0.53692041796875 0.901204015625 0.560629583984375 0.878359083984375 0.6253346640625 0.853361984375 0.676539796875 0.881989365234375 0.70953798828125 0.9293193359375 0.6281368984375 0.957626521484375 0.551351919921875 0.92609340234375 0.513059779296875 0.90343780859375 0.53692041796875
0 0.65597116015625 0.964450330078125 0.65403526171875 0.90919710546875 0.60439323828125 0.9135860078125 0.593602537109375 0.9676842578125 0.65597116015625 0.964450330078125
0 0.5767323359375 0.968559009765625 0.580097119140625 0.9066788828125 0.529405728515625 0.9120296328125 0.519987111328125 0.971501353515625 0.5767323359375 0.968559009765625
0 0.3916713359375 0.978154765625 0.3965697734375 0.916195115234375 0.34364501171875 0.928013724609375 0.34157194921875 0.98075251171875 0.3916713359375 0.978154765625
0 0.259777033203125 0.984993728515625 0.261795818359375 0.9513139140625 0.205642599609375 0.951503255859375 0.20405424609375 0.98788305859375 0.259777033203125 0.984993728515625
0 0.1917850078125 0.988519240234375 0.19116691796875 0.957698462890625 0.133856619140625 0.96248498046875 0.13452856640625 0.99148809375 0.1917850078125 0.988519240234375
0 0.08020833333333333 0.9787037037037037 0.07123842592592594 0.03489583333333335
0 0.01378219039351852 0.9809534143518519 0.02756438078703704 0.03804253472222241
1 0.3293027109375 0.981388693359375 0.3334202265625 0.94578518359375 0.264271125 0.953907875 0.26079946875 0.984940712890625 0.3293027109375 0.981388693359375
1 0.45761848828125 0.974735283203125 0.464642162109375 0.9271844140625 0.40103567578125 0.937742015625 0.393204990234375 0.9780752421875 0.45761848828125 0.974735283203125
1 0.516408583984375 0.971686908203125 0.527656646484375 0.91937981640625 0.466471609375 0.934349041015625 0.459663359375 0.974629251953125 0.516408583984375 0.971686908203125
1 0 0.773970794921875 0.032317318359375 0.77174377734375 0.02626726953125 0.61416359765625 0 0.620845826171875 0 0.773970794921875