0 0.171668875 0.085117732421875 0.1841297109375 0.401537345703125 0.26133312109375 0.3922336875 0.24870251953125 0.086424462890625 0.171668875 0.085117732421875
0 0.298558712890625 0.09710971875 0.295618947265625 0.386829806640625 0.37538515625 0.380752146484375 0.38289432421875 0.09912426171875 0.298558712890625 0.09710971875
0 0.39474338671875 0.0695730703125 0.385202279296875 0.36999883203125 0.460591919921875 0.3680659609375 0.47228482421875 0.0700562890625 0.39474338671875 0.0695730703125
0 0.51039253515625 0.031140189453125 0.47691283203125 0.36374421484375 0.554357474609375 0.365860849609375 0.59223756640625 0.036455591796875 0.51039253515625 0.031140189453125
1 0.577652158203125 0.150910306640625 0.55987025 0.365779177734375 0.645753822265625 0.35716291796875 0.67572357421875 0.107025904296875 0.577652158203125 0.150910306640625
1 0.679350359375 0.1077881640625 0.65162919921875 0.35870785546875 0.73898776171875 0.34843776171875 0.771689322265625 0.1064201796875 0.679350359375 0.1077881640625
1 0.776645904296875 0.107978728515625 0.741647353515625 0.35003033984375 0.829343939453125 0.34954712109375 0.8678240859375 0.110707892578125 0.776645904296875 0.107978728515625
1 0.853504484375 0.228422630859375 0.832148724609375 0.348689580078125 0.916532732421875 0.349887416015625 0.939580890625 0.2320433671875 0.853504484375 0.228422630859375
1 0.985363205078125 0.2321811015625 0.943401267578125 0.229538796875 0.918176734375 0.353127021484375 0.97824877734375 0.35223706640625 0.985363205078125 0.2321811015625
1 0.9492586953125 0.841444708984375 0.954050044921875 0.76059069140625 0.893542423828125 0.76883101171875 0.861086626953125 0.929245927734375 0.929367892578125 0.923338412109375 0.9492586953125 0.841444708984375
1 0.8186121796875 0.77075708203125 0.787945578125 0.931961478515625 0.857822447265625 0.93011027734375 0.891898421875 0.765591408203125 0.8186121796875 0.77075708203125
1 0.73738282421875 0.77620338671875 0.71320975 0.93348270703125 0.78503540625 0.9316641953125 0.813634859375 0.77130158203125 0.73738282421875 0.77620338671875
1 0.658426095703125 0.7766186875 0.63738245703125 0.93837821875 0.712449767578125 0.931985109375 0.7361981015625 0.774712080078125 0.658426095703125 0.7766186875
1 0.5776581953125 0.786113966796875 0.55976671484375 0.944809083984375 0.63507977734375 0.941430048828125 0.656883400390625 0.781168115234375 0.5776581953125 0.786113966796875
1 0.49619777734375 0.7858119296875 0.486711587890625 0.9458913828125 0.56135415625 0.939504564453125 0.576339232421875 0.78688793359375 0.49619777734375 0.7858119296875
1 0.41719630078125 0.786982322265625 0.408626361328125 0.9530836328125 0.48349266015625 0.94292135546875 0.49666726171875 0.785050544921875 0.41719630078125 0.786982322265625
1 0.3348189375 0.794992587890625 0.330049625 0.954247732421875 0.405586416015625 0.947093236328125 0.41064623046875 0.79009707421875 0.3348189375 0.794992587890625
1 0.2504073671875 0.80152412890625 0.250958654296875 0.956928306640625 0.326294439453125 0.946004646484375 0.329006828125 0.79281540625 0.2504073671875 0.80152412890625
1 0.087575326171875 0.81374403125 0.0944309296875 0.963019380859375 0.1600424609375 0.951485353515625 0.15835049609375 0.808168939453125 0.087575326171875 0.81374403125
0 0 0.95372317578125 0.002327912109375 0.99908759765625 0.08685099609375 0.997835404296875 0.070205767578125 0.8132469296875 0 0.82881828515625 0 0.95372317578125
0 0.24357973046875 0.99551349609375 0.232971740234375 0.780658427734375 0.16195081640625 0.783219447265625 0.165002994140625 0.996677595703125 0.24357973046875 0.99551349609375