0 1 0.81847100390625 0.952691380859375 0.8285874453125 0.981657783203125 0.972011236328125 1 0.971467763671875 1 0.81847100390625
1 0.979209609375 0.96578578515625 0.948902193359375 0.82607144921875 0.862948123046875 0.840445443359375 0.88341337890625 0.973880728515625 0.979209609375 0.96578578515625
1 0.8840059140625 0.96992076953125 0.86058709765625 0.836572998046875 0.76965876953125 0.85635091015625 0.785945892578125 0.976768654296875 0.8840059140625 0.96992076953125
1 0.786538427734375 0.9728086953125 0.771086931640625 0.8549944609375 0.67490175390625 0.85258785546875 0.69147049609375 0.98060937890625 0.786538427734375 0.9728086953125
1 0.688787810546875 0.976748005859375 0.674490322265625 0.85714353125 0.5817647890625 0.86358412890625 0.592362482421875 0.981451638671875 0.688787810546875 0.976748005859375
1 0.589846046875 0.983620474609375 0.58065890625 0.86177030859375 0.486308708984375 0.86641245703125 0.48909049609375 0.98358825390625 0.589846046875 0.983620474609375
1 0.48860587109375 0.984525908203125 0.483748951171875 0.86741159375 0.390088328125 0.876649775390625 0.390114572265625 0.989538443359375 0.48860587109375 0.984525908203125
1 0.38752065625 0.98961530078125 0.389398751953125 0.872053740234375 0.293902109375 0.887809375 0.2893931796875 0.990428505859375 0.38752065625 0.98961530078125
1 0.412098884765625 0.422658037109375 0.412379923828125 0.262435044921875 0.33864911328125 0.26146272265625 0.33555585546875 0.42966138671875 0.412098884765625 0.422658037109375
1 0.49464045703125 0.42179083203125 0.487265916015625 0.25863773046875 0.41607358203125 0.26627177734375 0.41558815234375 0.420976181640625 0.49464045703125 0.42179083203125
1 0.574462884765625 0.41942572265625 0.562653763671875 0.256404015625 0.4901310546875 0.26407748046875 0.497803060546875 0.42327559375 0.574462884765625 0.41942572265625
1 0.654641169921875 0.41468236328125 0.636798833984375 0.25657483203125 0.565962361328125 0.261830626953125 0.576650974609375 0.418571654296875 0.654641169921875 0.41468236328125
1 0.733605880859375 0.413131904296875 0.71127056640625 0.253579025390625 0.637744146484375 0.258125291015625 0.6555280859375 0.414656083984375 0.733605880859375 0.413131904296875
1 0.813754970703125 0.407600177734375 0.784767787109375 0.248244390625 0.714905826171875 0.25583901953125 0.73224630859375 0.412382951171875 0.813754970703125 0.407600177734375
1 0.892013431640625 0.398967529296875 0.85699303125 0.244525916015625 0.7841144609375 0.254577626953125 0.813165517578125 0.403671466796875 0.892013431640625 0.398967529296875
1 0.968463388671875 0.40143775390625 0.931756751953125 0.249413806640625 0.8616903984375 0.25148984765625 0.89295874609375 0.40051798828125 0.968463388671875 0.40143775390625
1 1 0.24582839453125 0.932229408203125 0.250189037109375 0.968760853515625 0.397482765625 1 0.39760486328125 1 0.24582839453125
1 0.33302910546875 0 0.330316513671875 0.05784037890625 0.40314168359375 0.052573283203125 0.402620123046875 0 0.33302910546875 0
1 0.400453033203125 0 0.40095784375 0.052637990234375 0.470197205078125 0.056805076171875 0.4673900234375 0 0.400453033203125 0
1 0.470895166015625 0 0.473605072265625 0.054372119140625 0.5368788671875 0.05094268359375 0.533979033203125 0 0.470895166015625 0
1 0.53421033203125 0 0.53769488671875 0.049363849609375 0.607284740234375 0.051188568359375 0.60084265234375 0 0.53421033203125 0
1 0.60082510546875 0 0.6073135 0.051965044921875 0.676322794921875 0.04992032421875 0.669025818359375 0 0.60082510546875 0
1 0.948266873046875 0 0.961440423828125 0.05080033203125 1 0.04583129296875 1 0.04361009765625 0.98767433203125 0 0.948266873046875 0
0 0.880715154296875 0 0.891580958984375 0.06530748828125 0.956136302734375 0.06106275390625 0.949980326171875 0 0.880715154296875 0
0 0.81335072265625 0 0.824893904296875 0.0828299609375 0.892386193359375 0.0870488125 0.87973117578125 0 0.81335072265625 0
0 0.74612795703125 0 0.75768919921875 0.0863758671875 0.820089458984375 0.082972314453125 0.81498349609375 0 0.74612795703125 0
0 0.674250466796875 0 0.685863380859375 0.07140282421875 0.7467232734375 0.0618262890625 0.7411745546875 0 0.674250466796875 0
0 0.275370345703125 0 0.26880478125 0.11464562890625 0.33289508984375 0.110874744140625 0.334587578125 0 0.275370345703125 0
0 0.11436275 0 0.113863966796875 0.067758896484375 0.168765123046875 0.071747931640625 0.178851 0 0.11436275 0
0 0.045708818359375 0 0.107414681640625 0.064206162109375 0.112044220703125 0 0.045708818359375 0