1 0 0.21194080859375 0.057991171875 0.22783196484375 0.093294404296875 0.0777462890625 0.0231083125 0.07209695703125 0 0.175155265625 0 0.21194080859375
1 0.13525015625 0.229903634765625 0.1647987578125 0.074572673828125 0.093790283203125 0.0777426171875 0.05954410546875 0.226057826171875 0.13525015625 0.229903634765625
1 0.214029421875 0.231082720703125 0.238521294921875 0.078433171875 0.16737609765625 0.071909625 0.1366071875 0.23341885546875 0.214029421875 0.231082720703125
1 0.295190126953125 0.234888125 0.313033564453125 0.074355955078125 0.2395783515625 0.076662705078125 0.215021177734375 0.231075373046875 0.295190126953125 0.234888125
1 0.37218790625 0.244012275390625 0.386756103515625 0.078216455078125 0.31389471875 0.0778748515625 0.29406776953125 0.2384217109375 0.37218790625 0.244012275390625
1 0.453544513671875 0.242528314453125 0.464445662109375 0.0820475703125 0.388243736328125 0.078205435546875 0.374204068359375 0.243116021484375 0.453544513671875 0.242528314453125
1 0.533250236328125 0.24546317578125 0.542331125 0.080589322265625 0.464941541015625 0.0820438984375 0.452520107421875 0.243417220703125 0.533250236328125 0.24546317578125
1 0.613947712890625 0.24839069140625 0.618135125 0.08179044921875 0.541372021484375 0.079715109375 0.5327870078125 0.2445852890625 0.613947712890625 0.24839069140625
1 0.69780080078125 0.25099926171875 0.698286328125 0.073731623046875 0.618336947265625 0.08188998828125 0.615939341796875 0.245120373046875 0.69780080078125 0.25099926171875
1 0.728844986328125 0.929436724609375 0.725332232421875 0.687694923828125 0.627387994140625 0.685398337890625 0.6226226875 0.921157263671875 0.728844986328125 0.929436724609375
1 0.62353236328125 0.92719471875 0.62795479296875 0.685394138671875 0.53582782421875 0.679025001953125 0.524223609375 0.915841951171875 0.62353236328125 0.92719471875
1 0.524037009765625 0.9208801640625 0.534164748046875 0.678029953125 0.442075099609375 0.670653171875 0.424392375 0.918596173828125 0.524037009765625 0.9208801640625
1 0.432271578125 0.7976538984375 0.441963138671875 0.67367609765625 0.35232728515625 0.661244310546875 0.338563169921875 0.80338486328125 0.432271578125 0.7976538984375
1 0.337616171875 0.798355048828125 0.353199642578125 0.66828941015625 0.26077411328125 0.66998141015625 0.2447358046875 0.7970283203125 0.337616171875 0.798355048828125
1 0.222112833984375 0.9029693203125 0.2557848828125 0.66699626953125 0.17627676953125 0.656504193359375 0.137130330078125 0.902591453125 0.222112833984375 0.9029693203125
1 0.134825814453125 0.903615890625 0.17397225390625 0.65752862890625 0.086909154296875 0.652129345703125 0.040282369140625 0.90129411328125 0.134825814453125 0.903615890625
0 0 0.98880978515625 0.0149676875 0.988115099609375 0.087394314453125 0.63902999609375 0 0.6346562109375 0 0.98880978515625