0 0.2415313828125 1 0.26027550390625 0.938753166015625 0.1976165859375 0.8959094609375 0.14245531640625 1 0.2415313828125 1
0 0.14566859375 1 0.19386776171875 0.898765708984375 0.132815484375 0.850209509765625 0.046056982421875 0.99778226953125 0.14566859375 1
0 0 0.9968301875 0.04337925 1 0.1322799375 0.84354493359375 0.07229875 0.800701228515625 0 0.955890646484375 0 0.9968301875
0 0 0.91971151953125 0.05891009375 0.79118040625 0.014995296875 0.743576291015625 0 0.76737834765625 0 0.91971151953125
0 0.07873940234375 0.314957611328125 0.04211642578125 0.424012701171875 0.100713189453125 0.44517264453125 0.171212421875 0.29623919921875 0.1263492734375 0.24659471875 0.07873940234375 0.314957611328125
0 0.16068331640625 0.37274053125 0.1268070625 0.483423310546875 0.183114890625 0.500514033203125 0.2568186328125 0.34995290234375 0.206004251953125 0.290542291015625 0.16068331640625 0.37274053125
1 0.130011572265625 0.454938771484375 0.1693812734375 0.363788248046875 0.1538165078125 0.348325212890625 0.103459912109375 0.44273111328125 0.130011572265625 0.454938771484375
1 0.03112953125 0.409363509765625 0.079197189453125 0.32146836328125 0.06729472265625 0.313329923828125 0.01281804296875 0.3987835390625 0.03112953125 0.409363509765625
1 0.000457787109375 0.336931396484375 0 0.4004112265625 0.014191404296875 0.3995973828125 0.06500578515625 0.310888392578125 0.0270094453125 0.29461151171875 0.000457787109375 0.336931396484375
1 0.017853701171875 0.149747287109375 0.0544766796875 0.079756708984375 0.047152083984375 0.07894286328125 0.00274672265625 0.144050380859375 0.017853701171875 0.149747287109375
1 0.090184083984375 0.164396478515625 0.125891486328125 0.0968474296875 0.1167357421875 0.0935920546875 0.07278816796875 0.161141103515625 0.090184083984375 0.164396478515625
1 0.32594450390625 0.245780875 0.36302526953125 0.17009338671875 0.3213666328125 0.1489334453125 0.278792419921875 0.22869015234375 0.32594450390625 0.245780875
1 0.359820759765625 0.256360845703125 0.39003471484375 0.176604138671875 0.3621096953125 0.16846569921875 0.32594450390625 0.24659471875 0.359820759765625 0.256360845703125
0 0.048355412109375 0.0797806328125 0.0226122421875 0.155232083984375 0.0608791171875 0.172548810546875 0.120018830078125 0.081017541015625 0.078968912109375 0.03587036328125 0.048355412109375 0.0797806328125
0 0.147849283203125 0.05380554296875 0.11584426171875 0.108229541015625 0.09184049609375 0.189865537109375 0.134629818359375 0.192957810546875 0.1607208671875 0.121835541015625 0.180202185546875 0.0865836328125 0.147849283203125 0.05380554296875
0 0.162112390625 0.1144140859375 0.138108625 0.192957810546875 0.1749839765625 0.198523900390625 0.218816939453125 0.10204499609375 0.18924708203125 0.076688359375 0.162112390625 0.1144140859375
0 0.230992763671875 0.08967590625 0.201770787109375 0.12987544921875 0.177767021484375 0.21027453515625 0.221599984375 0.222643626953125 0.247343154296875 0.139152267578125 0.265780830078125 0.10884799609375 0.230992763671875 0.08967590625
0 0.28073969921875 0.08534672265625 0.2417770625 0.146573720703125 0.219512701171875 0.230065080078125 0.259866859375 0.242434171875 0.317615048828125 0.12616472265625 0.31726716796875 0.125546267578125 0.28073969921875 0.08534672265625
0 0.388582705078125 0.1768779921875 0.3621437734375 0.271501533203125 0.41606527734375 0.286962896484375 0.45294062890625 0.163890447265625 0.410847068359375 0.128638541015625 0.388582705078125 0.1768779921875
0 0.462681287109375 0.31664871484375 0.505818490234375 0.179970265625 0.46442069140625 0.1564689921875 0.41119494921875 0.29933198828125 0.462681287109375 0.31664871484375
0 0.522864642578125 0.345716076171875 0.56624529296875 0.177496447265625 0.514167625 0.159561265625 0.46233340625 0.335202349609375 0.522864642578125 0.345716076171875
0 0.5363275546875 0.327780896484375 0.5363275546875 0.328399349609375 0.586770251953125 0.350663712890625 0.61947103515625 0.213366810546875 0.568332576171875 0.19172090234375 0.5363275546875 0.327780896484375
1 0.25554697265625 0.519324123046875 0.304156451171875 0.4115088125 0.250917498046875 0.385172248046875 0.201382125 0.492164541015625 0.25554697265625 0.519324123046875
1 0.311563609375 0.54812973828125 0.358321298828125 0.4337302890625 0.301378765625 0.409039759765625 0.253232236328125 0.52097015625 0.311563609375 0.54812973828125
1 0.372209720703125 0.577758373046875 0.41711562109375 0.458420818359375 0.359247193359375 0.431261236328125 0.311563609375 0.547306720703125 0.372209720703125 0.577758373046875
1 0.438411201171875 0.608210025390625 0.47915057421875 0.48064229296875 0.418041515625 0.458420818359375 0.3735985625 0.577758373046875 0.438411201171875 0.608210025390625
1 0.5073903671875 0.642776765625 0.54118552734375 0.510270927734375 0.47915057421875 0.48064229296875 0.439337095703125 0.6073870078125 0.5073903671875 0.642776765625
1 0.581461953125 0.67652048828125 0.610627640625 0.53578447265625 0.541648474609375 0.507801875 0.50692741796875 0.6394846953125 0.581461953125 0.67652048828125
1 0.662014802734375 0.353897580078125 0.685162173828125 0.257604517578125 0.6263678515625 0.240321146484375 0.597665111328125 0.333322138671875 0.662014802734375 0.353897580078125
1 0.728216283203125 0.376942072265625 0.74766007421875 0.275710904296875 0.686088068359375 0.256781498046875 0.66247775 0.3563666328125 0.728216283203125 0.376942072265625
1 0.800436080078125 0.39834053125 0.81571334375 0.296286345703125 0.74858596875 0.275710904296875 0.730068072265625 0.37447301953125 0.800436080078125 0.39834053125
1 0.875433560546875 0.42467709375 0.8860813515625 0.3119236796875 0.81571334375 0.295463328125 0.800436080078125 0.399163548828125 0.875433560546875 0.42467709375
1 0.954597568359375 0.4526596953125 0.960615884765625 0.33249912109375 0.88700724609375 0.314392732421875 0.87682240234375 0.42467709375 0.954597568359375 0.4526596953125
1 0.65831122265625 0.71355628125 0.686088068359375 0.565413107421875 0.6124794296875 0.53166938671875 0.5782213203125 0.678989541015625 0.65831122265625 0.71355628125
1 0.743030599609375 0.75717621484375 0.762474390625 0.5950417421875 0.6846992265625 0.564590091796875 0.65645943359375 0.71191024609375 0.743030599609375 0.75717621484375
1 0.83515713671875 0.802442185546875 0.84719376953125 0.629608482421875 0.764326181640625 0.5942187265625 0.743030599609375 0.7612913046875 0.83515713671875 0.802442185546875
1 0.834231240234375 0.807380291015625 0.933764935546875 0.851000224609375 0.936542619140625 0.66417522265625 0.935616724609375 0.66417522265625 0.8481196640625 0.63125451953125 0.834231240234375 0.807380291015625
0 1 0.5246712265625 0.99973912890625 0.31980705078125 0.96631186328125 0.3158974296875 0.951357560546875 0.51137851171875 1 0.5246712265625