0 0.269699482421875 0 0.2680776875 0.04407928125 0.429906087890625 0.131391724609375 0.4445595859375 0 0.269699482421875 0
0 0.266034263671875 0.181069494140625 0.35722098828125 0.219456861328125 0.410434326171875 0.21719878125 0.4233768203125 0.12838094921875 0.278328955078125 0.05988584375 0.266034263671875 0.181069494140625
0 0.275776416015625 0.26687655078125 0.3659159921875 0.30902738671875 0.4036423125 0.309780080078125 0.416050255859375 0.226231103515625 0.354591439453125 0.217951474609375 0.283505115234375 0.190101814453125 0.275776416015625 0.26687655078125
0 0.25920322265625 0.3873075078125 0.3399829140625 0.41440447265625 0.388873142578125 0.410641005859375 0.402306283203125 0.330102802734375 0.265727611328125 0.290210048828125 0.25920322265625 0.3873075078125
0 0.201734513671875 0.97163628515625 0.22118912890625 0.9711342734375 0.254799455078125 0.9593369765625 0.256796931640625 0.928714205078125 0.227489388671875 0.944025591796875 0.20264708203125 0.94176653515625 0.201734513671875 0.97163628515625
0 0.202736330078125 0.943272572265625 0.226657115234375 0.94427659765625 0.260973166015625 0.9277101796875 0.26110517578125 0.89181627734375 0.206924650390625 0.88529011328125 0.202736330078125 0.943272572265625
0 0.212971630859375 0.80574855078125 0.2524940078125 0.81139721875 0.284685171875 0.797589361328125 0.28637454296875 0.766521681640625 0.264170392578125 0.773111794921875 0.21317415625 0.767463126953125 0.212971630859375 0.80574855078125
0 0.215877759765625 0.768404572265625 0.265145978515625 0.77468087109375 0.288148904296875 0.76369734765625 0.21478972265625 0.74706515625 0.215877759765625 0.768404572265625
0 0.4274218125 0.978915103515625 0.44703946484375 0.98914748046875 0.481215572265625 0.986046759765625 0.483031216796875 0.94604747265625 0.4783400859375 0.94046617578125 0.471593005859375 0.941396392578125 0.467380189453125 0.955659705078125 0.43933604296875 0.95627984765625 0.43186359375 0.953799271484375 0.4274218125 0.978915103515625
0 0.388757556640625 0.997519423828125 0.4173797890625 0.991938126953125 0.415212728515625 0.978915103515625 0.391216888671875 0.980155392578125 0.376492201171875 0.973023736328125 0.3612807265625 0.96062085546875 0.362071412109375 0.9857366875 0.388757556640625 0.997519423828125
0 0.39297941796875 0.98046546484375 0.429018970703125 0.97643452734375 0.43168013671875 0.956589919921875 0.42907266015625 0.947907904296875 0.417120244140625 0.94046617578125 0.405681748046875 0.929923728515625 0.3732678828125 0.92744315234375 0.36071025390625 0.93333451953125 0.3611246875 0.960930927734375 0.37283851953125 0.970233087890625 0.39297941796875 0.98046546484375
0 0.43109243359375 0.952558982421875 0.468463431640625 0.95627984765625 0.474860533203125 0.93178416015625 0.44130830078125 0.92775322265625 0.411518564453125 0.89891652734375 0.40047669921875 0.92744315234375 0.43109243359375 0.952558982421875
0 0.439527396484375 0.927133080078125 0.48056112109375 0.9308539453125 0.485002900390625 0.90573811328125 0.45294691015625 0.90046688671875 0.421872099609375 0.873490623046875 0.409801830078125 0.896435951171875 0.439527396484375 0.927133080078125
0 0.451799501953125 0.90170717578125 0.489537705078125 0.90573811328125 0.497733798828125 0.876281271484375 0.45462517578125 0.866979111328125 0.4299672734375 0.845274072265625 0.419751408203125 0.87007983203125 0.451799501953125 0.90170717578125
0 0.494621880859375 0.87674637890625 0.494419904296875 0.876281271484375 0.499871427734375 0.850545294921875 0.485872109375 0.846824431640625 0.47019280078125 0.84124313671875 0.452640142578125 0.821708599609375 0.44739776953125 0.806825142578125 0.439567447265625 0.80713521484375 0.4391917734375 0.82139852734375 0.437559302734375 0.85271580078125 0.456653994140625 0.868839544921875 0.494621880859375 0.87674637890625
0 0.471367916015625 0.843413640625 0.516496025390625 0.85147551171875 0.52440659375 0.80248413671875 0.4885502109375 0.7978330546875 0.45878846875 0.77829851953125 0.45058189453125 0.78108916796875 0.444745076171875 0.8120963671875 0.471367916015625 0.843413640625
0 0.48605326953125 0.79690283984375 0.526921908203125 0.803724423828125 0.532408748046875 0.749151751953125 0.459759451171875 0.73581865625 0.45939224609375 0.735508583984375 0.451462728515625 0.77240715234375 0.48605326953125 0.79690283984375
0 0.54824044140625 0.944669720703125 0.59280005859375 0.945370103515625 0.597049373046875 0.917354771484375 0.573888087890625 0.912101896484375 0.55249867578125 0.886888099609375 0.531609580078125 0.916654388671875 0.54824044140625 0.944669720703125
0 0.574624302734375 0.91455323828125 0.612009853515625 0.920506498046875 0.617244732421875 0.90579844921875 0.6204771953125 0.8606237265625 0.56496890234375 0.848016828125 0.543965833984375 0.8791838828125 0.574624302734375 0.91455323828125
0 0.62271485546875 0.82525437109375 0.659623755859375 0.836460501953125 0.668673779296875 0.8196513046875 0.674539814453125 0.77902907421875 0.6019661640625 0.7576673828125 0.58942346484375 0.7986398046875 0.62271485546875 0.82525437109375
0 0.662802880859375 0.760468916015625 0.70225180859375 0.771324857421875 0.708616541015625 0.752414509765625 0.711549234375 0.725449751953125 0.69016079296875 0.720196876953125 0.658165275390625 0.692181546875 0.64206440234375 0.689730205078125 0.627147373046875 0.7272007109375 0.662802880859375 0.760468916015625
0 0.68852267578125 0.719146302734375 0.724809337890625 0.726500328125 0.736367119140625 0.68552790625 0.70962885546875 0.676422921875 0.680505392578125 0.653660466796875 0.6663951015625 0.65155931640625 0.650016185546875 0.6876290546875 0.68852267578125 0.719146302734375
0 0.71310207421875 0.678524072265625 0.7490672421875 0.683776947265625 0.763227306640625 0.643504908203125 0.742201541015625 0.63439992578125 0.70017011328125 0.603232869140625 0.68805040234375 0.60148191015625 0.668198587890625 0.642104142578125 0.71310207421875 0.678524072265625
0 0.740646431640625 0.6347501171875 0.78726974609375 0.64700682421875 0.7949405625 0.623543984375 0.79705338671875 0.579419837890625 0.729745904296875 0.54720220703125 0.70673020703125 0.551054314453125 0.69233198046875 0.597279611328125 0.740646431640625 0.6347501171875
0 0.5627950859375 0.640139375 0.61370711328125 0.65157748828125 0.6264301796875 0.61990271484375 0.6297754609375 0.58030924609375 0.55686482421875 0.5525938203125 0.529279744140625 0.55479345703125 0.514629958984375 0.604065326171875 0.5627950859375 0.640139375
0 0.593774328125 0.532357158203125 0.651758796875 0.550394181640625 0.660913564453125 0.5253183203125 0.66574278515625 0.469007611328125 0.5854729375 0.4298540703125 0.558669544921875 0.43689291015625 0.5424050625 0.492323763671875 0.593774328125 0.532357158203125
0 0.834087833984375 0.467711580078125 0.878857318359375 0.4863618359375 0.89180888671875 0.45611817578125 0.897343056640625 0.410752685546875 0.8294570078125 0.3704278046875 0.808848146484375 0.362362830078125 0.778960830078125 0.42738669921875 0.834087833984375 0.467711580078125
0 0.86945098046875 0.38504557421875 0.92378619140625 0.4072242578125 0.945421142578125 0.341696328125 0.867312220703125 0.286753677734375 0.849016673828125 0.284233373046875 0.81539837109375 0.343712572265625 0.86945098046875 0.38504557421875
0 0.903725029296875 0.307924240234375 0.970521513671875 0.3442166328125 0.993528630859375 0.263566873046875 0.91424053515625 0.20307955078125 0.881708064453125 0.18997396484375 0.847329236328125 0.260542505859375 0.903725029296875 0.307924240234375
0 1 0.124864484375 0.952348013671875 0.09016988671875 0.911836677734375 0.17686837890625 1 0.23084943359375 1 0.124864484375
1 0.720633873046875 0 0.7036817265625 0.061203806640625 0.7930408515625 0.11804115625 0.837674744140625 0.003059853515625 0.83051124609375 0 0.720633873046875 0
1 0.791048580078125 0.115427943359375 0.70335295703125 0.061857109375 0.66428955859375 0.167819095703125 0.749121662109375 0.214076673828125 0.791048580078125 0.115427943359375
1 0.632632015625 0.263727689453125 0.7116039296875 0.300312650390625 0.749373001953125 0.212116765625 0.665159240234375 0.167692169921875 0.632632015625 0.263727689453125
1 0.604281697265625 0.34343063671875 0.679346498046875 0.37609578125 0.71193269921875 0.29965934765625 0.632070962890625 0.26046117578125 0.604281697265625 0.34343063671875
1 0.57962526171875 0.417253859375 0.650299322265625 0.44403927734375 0.6793852109375 0.376749083984375 0.60505537890625 0.344083939453125 0.57962526171875 0.417253859375
1 0.7300748515625 0.538868314453125 0.792300974609375 0.56034960546875 0.8199271953125 0.5054529765625 0.761078626953125 0.48206223828125 0.7300748515625 0.538868314453125
1 0.761106916015625 0.482539599609375 0.81974354296875 0.5068850625 0.840050212890625 0.47346972265625 0.783603484375 0.43623548828125 0.761106916015625 0.482539599609375
1 0.53641815234375 0.537913591796875 0.601202361328125 0.56178169140625 0.60816853125 0.538868314453125 0.54601246484375 0.50497561328125 0.53641815234375 0.537913591796875
1 0.5018975859375 0.6395916953125 0.561636125 0.655344642578125 0.566044650390625 0.639114333984375 0.508722314453125 0.61429151171875 0.5018975859375 0.6395916953125
1 0.48369727734375 0.685895810546875 0.542305173828125 0.70069403125 0.560109890625 0.656776728515625 0.50348039453125 0.639114333984375 0.48369727734375 0.685895810546875
1 0.46799803515625 0.724562130859375 0.526040611328125 0.738882990234375 0.54243225 0.698307220703125 0.482481771484375 0.683508998046875 0.46799803515625 0.724562130859375
1 0.6144738203125 0.7538636171875 0.668184322265625 0.769989794921875 0.67234258984375 0.76362419921875 0.6200388046875 0.739010560546875 0.6144738203125 0.7538636171875
1 0.567879818359375 0.849771931640625 0.616036927734375 0.8608056328125 0.629817853515625 0.831523890625 0.58299241015625 0.81879269921875 0.567879818359375 0.849771931640625
1 0.20839611328125 0.88449408984375 0.268898923828125 0.895309248046875 0.276415259765625 0.8619985546875 0.21228796875 0.851616001953125 0.20839611328125 0.88449408984375
1 0.21326133203125 0.851616001953125 0.27676114453125 0.86372898046875 0.284367005859375 0.8278226484375 0.21492446484375 0.8139792421875 0.21326133203125 0.851616001953125
1 0.21560281640625 0.8048945078125 0.21524471484375 0.8152770625 0.2849049609375 0.828687861328125 0.29078219921875 0.8005684453125 0.253897294921875 0.810518392578125 0.21560281640625 0.8048945078125