1 0.12972653515625 1 0.08122581640625 0.879460443359375 0.05888301171875 0.883245181640625 0.066529228515625 0.997938427734375 0.104353140625 1 0.12972653515625 1
1 0.1351641171875 1 0.23306037890625 0.9534751015625 0.166665138671875 0.8064372890625 0.081082896484375 0.87731664453125 0.131506623046875 1 0.1351641171875 1
1 0.313390314453125 0.87605716015625 0.239697224609375 0.745982158203125 0.167482462890625 0.80966638671875 0.234480646484375 0.95671759765625 0.313390314453125 0.87605716015625
1 0.373045986328125 0.804601662109375 0.302939294921875 0.68316884765625 0.238419876953125 0.7448834609375 0.30569496875 0.878026775390625 0.373045986328125 0.804601662109375
1 0.07163170703125 0.631872814453125 0.036104109375 0.5415616328125 0.0430503125 0.64575469921875 0.07163170703125 0.631872814453125
1 0.14448608203125 0.5814724453125 0.096130201171875 0.478778669921875 0.035942568359375 0.5391385390625 0.070349486328125 0.633054072265625 0.14448608203125 0.5814724453125
1 0.42939244140625 0.740978205078125 0.3641773984375 0.641026119140625 0.3069294921875 0.69005327734375 0.37115629296875 0.80465404296875 0.42939244140625 0.740978205078125
1 0.4814776015625 0.691137716796875 0.41841686328125 0.594027912109375 0.3633903046875 0.641008626953125 0.428538298828125 0.7458494375 0.4814776015625 0.691137716796875
1 0.525850861328125 0.64108465234375 0.4630859609375 0.552400953125 0.417453283203125 0.595797048828125 0.481065955078125 0.68858327734375 0.525850861328125 0.64108465234375
1 0.565853205078125 0.596542513671875 0.505563455078125 0.51914397265625 0.464342171875 0.555491638671875 0.523924734375 0.63951046484375 0.565853205078125 0.596542513671875
1 0.454046109375 0.381605775390625 0.402571248046875 0.31717040625 0.36648752734375 0.344669615234375 0.41398791796875 0.4059292734375 0.454046109375 0.381605775390625
1 0.41492624609375 0.4069792578125 0.366895498046875 0.342105857421875 0.338664091796875 0.352798919921875 0.38088666015625 0.43040737109375 0.41492624609375 0.4069792578125
1 0.635899044921875 0.526123171875 0.578897287109375 0.4569338984375 0.56678062890625 0.470557890625 0.61300773046875 0.543109681640625 0.635899044921875 0.526123171875
1 0.6972973984375 0.463170771484375 0.640879759765625 0.4076822109375 0.632371154296875 0.41653226953125 0.677522736328125 0.483664078125 0.6972973984375 0.463170771484375
1 0.7252848671875 0.441432740234375 0.66962160546875 0.3812035 0.640957181640625 0.40482946484375 0.69578466796875 0.46456438671875 0.7252848671875 0.441432740234375
1 0.750242908203125 0.414394201171875 0.695415419921875 0.35465927734375 0.66839077734375 0.378797427734375 0.724054037109375 0.43902666796875 0.750242908203125 0.414394201171875
1 0.612083955078125 0.2770902734375 0.5661892109375 0.2274328828125 0.5607252578125 0.231117876953125 0.594569654296875 0.28558269921875 0.612083955078125 0.2770902734375
1 0.658933482421875 0.244719521484375 0.616979630859375 0.200647857421875 0.6144717890625 0.202283869140625 0.645538322265625 0.250765873046875 0.658933482421875 0.244719521484375
1 0.680522806640625 0.229550693359375 0.6364811484375 0.186278505859375 0.61834032421875 0.203215705078125 0.659648244140625 0.24473540625 0.680522806640625 0.229550693359375
1 1 0.497945765625 0.966662130859375 0.463720478515625 0.94923218359375 0.49433121484375 0.98628240625 0.50083753125 1 0.513787173828125 1 0.497945765625
1 1 0.45500534375 0.98450599609375 0.4393185546875 0.967776697265625 0.4673616875 1 0.498286603515625 1 0.45500534375
1 1 0.417664859375 0.985226046875 0.44140109375 1 0.45497963671875 1 0.417664859375
0 0.773238107421875 1 0.68299137109375 0.896954736328125 0.650109953125 0.977191509765625 0.664918140625 1 0.773238107421875 1
0 0.824493921875 1 0.833652037109375 0.977724203125 0.720109666015625 0.8304051953125 0.684463671875 0.904079494140625 0.776526923828125 1 0.824493921875 1
0 0.882385984375 0.875972580078125 0.747772671875 0.73173134765625 0.717362353515625 0.819115076171875 0.85389927734375 0.972264107421875 0.882385984375 0.875972580078125
0 0.730820537109375 0.16516471875 0.681691916015625 0.128938025390625 0.6701778125 0.148245931640625 0.691516642578125 0.17187725390625 0.70608795703125 0.2085337890625 0.73495401953125 0.20358560546875 0.730820537109375 0.16516471875
0 0.693910763671875 0.170732671875 0.653035775390625 0.130297525390625 0.6345775546875 0.180194197265625 0.684574193359375 0.232809873046875 0.712167390625 0.222243751953125 0.693910763671875 0.170732671875
0 0.859473283203125 0.22192387109375 0.83803948828125 0.19349930859375 0.80229428515625 0.172741935546875 0.78663170703125 0.203935478515625 0.799698572265625 0.22139406640625 0.810198048828125 0.2104480859375 0.84272943359375 0.233529607421875 0.859473283203125 0.22192387109375
0 0.84750934375 0.241221783203125 0.810118078125 0.20924852734375 0.794910330078125 0.22368322265625 0.82805482421875 0.255961369140625 0.8541535703125 0.3004600234375 0.870047732421875 0.2828464921875 0.84750934375 0.241221783203125
0 0.829324357421875 0.254791798828125 0.7921046953125 0.222023833984375 0.776103904296875 0.238037951171875 0.810372984375 0.270341087890625 0.834329185546875 0.316389171875 0.854908294921875 0.301674578125 0.829324357421875 0.254791798828125
0 0.900979705078125 0.228036626953125 0.867327064453125 0.211717619140625 0.86368173828125 0.22441295703125 0.892904337890625 0.245025384765625 0.9024758203125 0.257215908203125 0.91971615625 0.2867450625 0.9264003671875 0.265732779296875 0.900979705078125 0.228036626953125
0 0.914899591796875 0.31219071484375 0.92017765234375 0.283561232421875 0.892149615234375 0.24381083203125 0.85701673046875 0.220352384765625 0.847079501953125 0.228036625 0.844875310546875 0.238767681640625 0.865744314453125 0.275564166015625 0.914899591796875 0.31219071484375
0 0.81107439453125 0.27075593359375 0.77430456640625 0.237997966796875 0.761201046875 0.25367720703125 0.82192707421875 0.33248326171875 0.8382893984375 0.3252609140625 0.81107439453125 0.27075593359375
0 0.798915525390625 0.29723620703125 0.762713822265625 0.262893822265625 0.747121216796875 0.274924404296875 0.777620015625 0.307942275390625 0.7907535234375 0.353350595703125 0.797176166015625 0.36547114453125 0.824472806640625 0.3437191328125 0.798915525390625 0.29723620703125
0 0.777844931640625 0.3079472734375 0.73527390234375 0.262284046875 0.711635919921875 0.298490748046875 0.748977201171875 0.336451802734375 0.7769019453125 0.381390296875 0.8002450390625 0.36434155859375 0.777844931640625 0.3079472734375
0 0.74982355859375 0.33567208984375 0.71000818359375 0.297656052734375 0.690407048828125 0.337146546875 0.757084224609375 0.4108944609375 0.77876959375 0.38582366796875 0.74982355859375 0.33567208984375
0 0.62187589453125 0.209185625 0.5882975078125 0.17203866796875 0.55788583984375 0.209606701171875 0.621422134765625 0.280134005859375 0.649249666015625 0.266007779296875 0.62187589453125 0.209185625
0 0.57428856640625 0.249597361328125 0.536764755859375 0.199921958984375 0.51413626171875 0.229829873046875 0.554399947265625 0.293389240234375 0.567099517578125 0.316709916015625 0.594800146484375 0.292904712890625 0.57428856640625 0.249597361328125
0 0.537023197265625 0.257722306640625 0.5059743359375 0.229764583984375 0.4838606953125 0.252753732421875 0.50755783203125 0.28547142578125 0.53619351953125 0.3315540234375 0.56394421875 0.313234767578125 0.537023197265625 0.257722306640625
0 0.5039641484375 0.27630231640625 0.47180905078125 0.244532822265625 0.450574076171875 0.26792021484375 0.502410677734375 0.35844976171875 0.536937857421875 0.339523658203125 0.5039641484375 0.27630231640625
0 0.4710568125 0.297158009765625 0.4286010859375 0.245087521484375 0.404229146484375 0.294915513671875 0.46869262890625 0.389512845703125 0.50532481640625 0.36381658203125 0.4710568125 0.297158009765625
0 0.628255990234375 0.4055564140625 0.574810607421875 0.361194802734375 0.558299259765625 0.4202867265625 0.640788056640625 0.523237712890625 0.6738233984375 0.48193405078125 0.628255990234375 0.4055564140625
0 0.583183228515625 0.493174982421875 0.52945338671875 0.431764705078125 0.494428400390625 0.484764435546875 0.581201486328125 0.597657314453125 0.619410849609375 0.563664287109375 0.583183228515625 0.493174982421875
0 0.353726455078125 0.374263568359375 0.313626064453125 0.318629728515625 0.274397873046875 0.360059181640625 0.3372429296875 0.473429486328125 0.385278775390625 0.443393130859375 0.353726455078125 0.374263568359375
0 0.335573810546875 0.474636546875 0.26167570703125 0.352933630859375 0.22365976953125 0.38630303125 0.28991315234375 0.514056830078125 0.335573810546875 0.474636546875
0 0.292519365234375 0.5321549609375 0.203568041015625 0.357863111328125 0.161196298828125 0.420373306640625 0.237207408203125 0.56327377734375 0.292519365234375 0.5321549609375
0 0.21743496875 0.55536947265625 0.145426626953125 0.420022869140625 0.093393205078125 0.453080771484375 0.16123783203125 0.58895692578125 0.21743496875 0.55536947265625