0 0.293460595703125 0.980896755859375 0.296795375 1 0.443828833984375 0.99976015625 0.421091701171875 0.910293748046875 0.38835023046875 0.91999492578125 0.293460595703125 0.980896755859375
0 0.2749677265625 0.907060021484375 0.29527956640625 0.9819746640625 0.343179125 0.9447868203125 0.429883392578125 0.904365251953125 0.3992640546875 0.812204072265625 0.2749677265625 0.907060021484375
0 0.242226255859375 0.790106947265625 0.261628609375 0.89089139453125 0.392594494140625 0.802502896484375 0.36955419921875 0.72651034375 0.317410375 0.739984201171875 0.242226255859375 0.790106947265625
0 0.128089296875 0.23165896484375 0.10610231640625 0.234527806640625 0.1105400546875 0.263574828125 0.135149337890625 0.255326908203125 0.168028953125 0.26249901171875 0.160565482421875 0.234527806640625 0.128089296875 0.23165896484375
0 0.1105400546875 0.2628576171875 0.12344984375 0.31844142578125 0.18255246484375 0.294414876953125 0.17206326171875 0.260705986328125 0.1367630625 0.25460969921875 0.1105400546875 0.2628576171875
0 0.19713070703125 0.407340826171875 0.218518310546875 0.409109310546875 0.21006274609375 0.379045080078125 0.178395828125 0.375213365234375 0.14012453515625 0.3928473671875 0.14424198046875 0.429446876953125 0.19713070703125 0.407340826171875
0 0.1515369765625 0.4477212109375 0.224984330078125 0.409404056640625 0.1888409375 0.4079303203125 0.1482210703125 0.42826788671875 0.1515369765625 0.4477212109375
0 0.37484930859375 0.190185716796875 0.384115248046875 0.18629215234375 0.37754485546875 0.14525995703125 0.34435594921875 0.1491535234375 0.325487130859375 0.167722837890625 0.335258484375 0.189287201171875 0.35496966015625 0.179104029296875 0.36928974609375 0.17760650390625 0.37484930859375 0.190185716796875
0 0.36928974609375 0.177007494140625 0.340312630859375 0.184794626953125 0.306112896484375 0.217440677734375 0.3214438125 0.242898607421875 0.347388439453125 0.210552060546875 0.37872415625 0.19467829296875 0.36928974609375 0.177007494140625
0 0.31588425 0.154844119140625 0.287581021484375 0.157539666015625 0.2618048671875 0.177007494140625 0.2646688828125 0.20396294921875 0.293140583984375 0.173712939453125 0.315547306640625 0.1695198671875 0.31588425 0.154844119140625
0 0.327845732421875 0.168621353515625 0.294319884765625 0.173113927734375 0.263826525390625 0.200069384765625 0.269386087890625 0.230019890625 0.31251481640625 0.21774018359375 0.333573767578125 0.1916832421875 0.327845732421875 0.168621353515625
0 0.382767474609375 0.19467829296875 0.350083984375 0.206059486328125 0.321106869140625 0.24200009375 0.334247654296875 0.266859013671875 0.36187699609375 0.2342129609375 0.394560486328125 0.217440677734375 0.382767474609375 0.19467829296875
0 0.397087560546875 0.21684166796875 0.363056296875 0.23211642578125 0.334753068359375 0.2674580234375 0.3477253828125 0.292915955078125 0.372153763671875 0.26056940625 0.40989140234375 0.242599103515625 0.397087560546875 0.21684166796875
0 0.379734986328125 0.298843638671875 0.38799009375 0.283568880859375 0.416293322265625 0.266197587890625 0.40534266796875 0.24499514453125 0.370974462890625 0.26206693359375 0.34620913671875 0.29531199609375 0.36322476953125 0.330291669921875 0.372827650390625 0.323702560546875 0.373333064453125 0.30752928515625 0.379734986328125 0.298843638671875
0 0.4105652890625 0.324900580078125 0.421515943359375 0.316277349609375 0.4341513125 0.312920376953125 0.4466182109375 0.311722357421875 0.4317927109375 0.25571491015625 0.388327037109375 0.28296987109375 0.3792295703125 0.299742154296875 0.37198529296875 0.309925326171875 0.370469046875 0.33927682421875 0.3837783046875 0.350957521484375 0.4105652890625 0.324900580078125
0 0.4115761171875 0.320470419921875 0.38057734375 0.3552130078125 0.395234373046875 0.389057080078125 0.4651500859375 0.350420927734375 0.449819171875 0.306094177734375 0.4115761171875 0.320470419921875
0 0.447965984375 0.162930755859375 0.435836029296875 0.194977798828125 0.457400392578125 0.217440677734375 0.46346537109375 0.215344142578125 0.478627814453125 0.18629215234375 0.50036065234375 0.17550996875 0.490832140625 0.150976794921875 0.447965984375 0.162930755859375
0 0.5113113046875 0.168920857421875 0.476943099609375 0.187490169921875 0.4567265078125 0.22702483984375 0.4752583828125 0.25098524609375 0.529843181640625 0.222532263671875 0.5214196015625 0.17850501953125 0.5113113046875 0.168920857421875
0 0.537761345703125 0.254579306640625 0.509795060546875 0.29111892578125 0.5306855390625 0.324363986328125 0.597063349609375 0.28662634765625 0.57482509765625 0.23391345703125 0.537761345703125 0.254579306640625
0 0.640192078125 0.319272400390625 0.62334491796875 0.279737732421875 0.587628939453125 0.306094177734375 0.5574725234375 0.346227857421875 0.57634134375 0.3782748984375 0.592009201171875 0.375878857421875 0.5972318203125 0.362401130859375 0.640192078125 0.319272400390625
0 0.6484471875 0.32076992578125 0.6184592421875 0.33784171484375 0.58746046875 0.3773763828125 0.60801400390625 0.410022435546875 0.638338890625 0.383965494140625 0.66714753515625 0.353715482421875 0.6484471875 0.32076992578125
0 0.7052221171875 0.38606203125 0.6794459609375 0.353715482421875 0.65400675 0.366893705078125 0.61037260546875 0.4142155078125 0.61913312890625 0.436977892578125 0.64541469921875 0.45255215625 0.6784351328125 0.408824416015625 0.7052221171875 0.38606203125
0 0.677424302734375 0.407626396484375 0.6423822109375 0.4549481953125 0.66664212109375 0.5010719765625 0.75070944921875 0.443267498046875 0.725438708984375 0.377675888671875 0.677424302734375 0.407626396484375
0 0.51754475390625 0.442368982421875 0.467508689453125 0.491487814453125 0.48755680859375 0.54899278515625 0.585101865234375 0.49208682421875 0.56370597265625 0.421104123046875 0.51754475390625 0.442368982421875
0 0.55629322265625 0.54390119921875 0.509963533203125 0.597512607421875 0.535908158203125 0.66250520703125 0.64170832421875 0.588527455078125 0.60986719140625 0.5094581171875 0.55629322265625 0.54390119921875
0 0.8410367578125 0.508876736328125 0.8010174765625 0.53920713671875 0.74878178515625 0.6054846796875 0.79596241015625 0.654521376953125 0.877054109375 0.576261451171875 0.845038685546875 0.510732806640625 0.8410367578125 0.508876736328125
0 0.8446174296875 0.614845916015625 0.8056512890625 0.66651993359375 0.847144962890625 0.7234362421875 0.9343448671875 0.623458251953125 0.89685312109375 0.575528728515625 0.8446174296875 0.614845916015625
0 0.8989593984375 0.674008919921875 0.848829984375 0.7406609140625 0.899380654296875 0.808810705078125 0.99605880859375 0.692731392578125 0.953090740234375 0.62570494921875 0.8989593984375 0.674008919921875
0 0.99963948046875 0.727929634765625 0.92528787109375 0.8114318515625 0.9992182265625 0.897950181640625 0.99963948046875 0.727929634765625
1 0.750102857421875 0.999385953125 0.88531743359375 1 0.816358 0.9050362265625 0.737595509765625 0.986164970703125 0.750102857421875 0.999385953125
1 0.73928569140625 0.98676592578125 0.817710146484375 0.9056371796875 0.76159609765625 0.81549412890625 0.682157533203125 0.8894114296875 0.73928569140625 0.98676592578125
1 0.6835096796875 0.890012384765625 0.759229841796875 0.8190998515625 0.708524375 0.73797110546875 0.636522615234375 0.80587887109375 0.6835096796875 0.890012384765625
1 0.635846541015625 0.802874103515625 0.70818633984375 0.743379689453125 0.664579638671875 0.674270017578125 0.593591986328125 0.72895680078125 0.635846541015625 0.802874103515625
1 0.59731038671875 0.7337644296875 0.6642416015625 0.673068109375 0.624015265625 0.6135736953125 0.559450306640625 0.6646547578125 0.59731038671875 0.7337644296875
1 0.727792453125 0.545665931640625 0.78255435546875 0.506002990234375 0.746046421875 0.462133373046875 0.68689004296875 0.499392498046875 0.727792453125 0.545665931640625
1 0.760243951171875 0.58232410546875 0.80993530859375 0.52944018359375 0.7812022109375 0.50480108203125 0.728130490234375 0.545665931640625 0.760243951171875 0.58232410546875
1 0.5108178046875 0.584379685546875 0.569241076171875 0.53695517578125 0.55777688671875 0.512655015625 0.495826173828125 0.556552080078125 0.5108178046875 0.584379685546875
1 0.554771595703125 0.34139790625 0.5964584921875 0.30135741015625 0.59013630859375 0.296791388671875 0.54271993359375 0.32524121484375 0.554771595703125 0.34139790625
1 0.457963162109375 0.48364703125 0.5097260390625 0.450279953125 0.503996560546875 0.433772029296875 0.449665296875 0.46784157421875 0.457963162109375 0.48364703125
1 0.45065313671875 0.46643664453125 0.503996560546875 0.435176958984375 0.4806835078125 0.399702486328125 0.42398142578125 0.432367099609375 0.45065313671875 0.46643664453125
1 0.457458109375 0.364005333984375 0.403434330078125 0.39654139453125 0.424969267578125 0.43131340234375 0.48107864453125 0.3986487890625 0.457458109375 0.364005333984375
1 0.500313783203125 0.27212718359375 0.547258158203125 0.244849517578125 0.52533860546875 0.22406653515625 0.4816821640625 0.250369998046875 0.500313783203125 0.27212718359375
1 0.133743884765625 0.3497839296875 0.194935876953125 0.320164044921875 0.183727443359375 0.289197798828125 0.123898638671875 0.316932783203125 0.133743884765625 0.3497839296875
1 0.141165685546875 0.38290434765625 0.208113359375 0.350053203125 0.195087341796875 0.318279142578125 0.133592419921875 0.348976115234375 0.141165685546875 0.38290434765625
1 0.1438920625 0.39259812890625 0.1746395234375 0.376711099609375 0.2188673984375 0.378057458984375 0.207204568359375 0.35032247265625 0.1414686171875 0.38290434765625 0.1438920625 0.39259812890625