1 0.825407162109375 0 0.813964966796875 0.040559412109375 0.891790330078125 0.047031798828125 0.90545810546875 0 0.825407162109375 0
1 0.7351824296875 0 0.729448244140625 0.024453130859375 0.8113414375 0.037696626953125 0.8216100234375 0 0.7351824296875 0
1 0.64170737109375 0 0.6391533984375 0.011583041015625 0.72676570703125 0.022586095703125 0.733771916015625 0 0.64170737109375 0
1 0.33037125390625 0.57195405859375 0.35200480859375 0.427309974609375 0.271271740234375 0.425818423828125 0.259546828125 0.568570783203125 0.33037125390625 0.57195405859375
1 0.256918759765625 0.571590267578125 0.269634669921875 0.42589118359375 0.185778033203125 0.428892474609375 0.179869091796875 0.5699350078125 0.256918759765625 0.571590267578125
1 0.177456607421875 0.569316560546875 0.18368858203125 0.429711009765625 0.0987341640625 0.416796357421875 0.0964436171875 0.56566044140625 0.177456607421875 0.569316560546875
1 0.28620405078125 0.86207371484375 0.2989048046875 0.764096466796875 0.23479283984375 0.76823612109375 0.225653796875 0.86734530859375 0.28620405078125 0.86207371484375
1 0.4276075625 0.75386051953125 0.3687043046875 0.755833322265625 0.35186748828125 0.85012369140625 0.408434400390625 0.850835193359375 0.40778338671875 0.84957389453125 0.4276075625 0.75386051953125
1 0.464178115234375 0.847067462890625 0.485495966796875 0.75064258203125 0.428296904296875 0.754475 0.410291916015625 0.850107521484375 0.464178115234375 0.847067462890625
0 0.610292041015625 0.74509608984375 0.56469743359375 0.74905787109375 0.52872878125 0.87838978125 0.57744400390625 0.889127013671875 0.606459025390625 0.80977821484375 0.610292041015625 0.74509608984375
0 0.509329234375 0.90570180859375 0.52708477734375 0.820402255859375 0.538156798828125 0.74378627734375 0.490877458984375 0.739436404296875 0.45617190625 0.884195001953125 0.47078198046875 0.900963841796875 0.509329234375 0.90570180859375
0 0.344089462890625 0.920142091796875 0.363477330078125 0.739937693359375 0.30830796875 0.746260369140625 0.28999274609375 0.920611037109375 0.344089462890625 0.920142091796875
0 0.218067419921875 0.9341296015625 0.231059544921875 0.751628984375 0.17418598828125 0.756092052734375 0.166651419921875 0.938350111328125 0.218067419921875 0.9341296015625
0 0.1512747421875 0.934517693359375 0.160896208984375 0.759908298828125 0.101935158203125 0.768979966796875 0.097369677734375 0.931752533203125 0.1512747421875 0.934517693359375
0 0.085611904296875 0.934210455078125 0.0842416015625 0.76137981640625 0.013331724609375 0.76388625 0.0225147890625 0.9395952421875 0.085611904296875 0.934210455078125
0 0.083000962890625 0.6782147734375 0.088413896484375 0.41541130078125 0.008139787109375 0.422849744140625 0.011535599609375 0.683971482421875 0.083000962890625 0.6782147734375
0 0.394485521484375 0.62695419140625 0.42969176171875 0.4247578671875 0.372779876953125 0.429867755859375 0.341193140625 0.62609715234375 0.394485521484375 0.62695419140625
0 0.460281017578125 0.655640712890625 0.499949427734375 0.44550465625 0.439686947265625 0.439796462890625 0.405935455078125 0.654185365234375 0.460281017578125 0.655640712890625
0 0.529563958984375 0.637723763671875 0.573196244140625 0.428056654296875 0.513393126953125 0.426843865234375 0.478359072265625 0.632258123046875 0.529563958984375 0.637723763671875
0 0.59532172265625 0.654799845703125 0.642917884765625 0.4456016796875 0.579648583984375 0.447768533203125 0.540440736328125 0.63788546875 0.59532172265625 0.654799845703125
0 0.708828970703125 0.460090478515625 0.651266669921875 0.45168180078125 0.597945841796875 0.64113574609375 0.652060822265625 0.65872928515625 0.68611296875 0.561738435546875 0.708828970703125 0.460090478515625
0 0.77014523046875 0.45413972265625 0.712180162109375 0.45865130078125 0.66305319140625 0.644693263671875 0.7154834453125 0.653975146484375 0.746662623046875 0.568724107421875 0.77014523046875 0.45413972265625
0 0.719275732421875 0.63896889453125 0.716057794921875 0.656530091796875 0.744894044921875 0.708793248046875 0.833197423828125 0.584231646484375 0.814471349609375 0.545066619140625 0.788177767578125 0.578491107421875 0.77098250390625 0.56248228125 0.719275732421875 0.63896889453125
0 0.876483541015625 0.404900455078125 0.873533318359375 0.430191166015625 0.84693189453125 0.49330475 0.819259025390625 0.5377575390625 0.842753310546875 0.57606552734375 0.89430676171875 0.50216619921875 0.93013916015625 0.4179985859375 0.89921481640625 0.382601291015625 0.876483541015625 0.404900455078125
0 0.824034423828125 0.389813349609375 0.75011173828125 0.52276745703125 0.78350508203125 0.583859724609375 0.82839387890625 0.52444919140625 0.847449052734375 0.49070129296875 0.8851201015625 0.400000783203125 0.85718311328125 0.363180484375 0.824034423828125 0.389813349609375
0 0.90701969140625 0 0.896613673828125 0.034503267578125 0.955333142578125 0.048900462890625 0.979135380859375 0 0.90701969140625 0