1 1 0.408569775390625 0.927735796875 0.407783787109375 0.94825185546875 0.56644887109375 1 0.56460530859375 1 0.408569775390625
1 0.94395082421875 0.569682892578125 0.92145612890625 0.40517676953125 0.842276671875 0.40788278515625 0.852006697265625 0.56321484765625 0.94395082421875 0.569682892578125
1 0.85038739453125 0.56430385546875 0.837821640625 0.408146787109375 0.7579313046875 0.407915787109375 0.76138166015625 0.56064083203125 0.85038739453125 0.56430385546875
1 0.75692662890625 0.560904833984375 0.755403578125 0.4130308203125 0.67870051171875 0.409631798828125 0.6780473828125 0.558627818359375 0.75692662890625 0.560904833984375
1 0.675211654296875 0.557802810546875 0.677843423828125 0.41464783203125 0.6070171484375 0.41685884765625 0.59820837890625 0.5593868203125 0.675211654296875 0.557802810546875
1 0.51748287109375 0.5466964921875 0.528551099609375 0.415383720703125 0.47143628515625 0.41523703515625 0.4553717890625 0.545963064453125 0.51748287109375 0.5466964921875
1 0.347533572265625 0.419930966796875 0.323899294921875 0.538746140625 0.383222537109375 0.54317604296875 0.3837176015625 0.543146705078125 0.39524218359375 0.420635056640625 0.347533572265625 0.419930966796875
1 0.322322833984375 0.5370739296875 0.346094017578125 0.420899091796875 0.290418759765625 0.41978428125 0.26372283203125 0.53701525390625 0.322322833984375 0.5370739296875
1 0.261788212890625 0.53801271484375 0.287630921875 0.42348075390625 0.234294072265625 0.419578923828125 0.222173376953125 0.46355520703125 0.261788212890625 0.53801271484375
1 0.186149564453125 0.260347431640625 0.21235396875 0.175349310546875 0.17103141796875 0.173444388671875 0.142203728515625 0.26295162890625 0.186149564453125 0.260347431640625
1 0.223879283203125 0.25593476171875 0.23994855078125 0.172262853515625 0.214238462890625 0.17233519140625 0.18807156640625 0.25805669921875 0.223879283203125 0.25593476171875
1 0.320979755859375 0.24727821484375 0.336085173828125 0.160760982421875 0.30630602734375 0.16107444921875 0.2835444140625 0.24949660546875 0.320979755859375 0.24727821484375
1 0.62186505859375 0.22509430859375 0.62823221484375 0.127485123046875 0.568968298828125 0.12591778125 0.56171800390625 0.23010980078125 0.62186505859375 0.22509430859375
1 0.686488078125 0.219813576171875 0.689449951171875 0.11950373828125 0.6301917265625 0.12591778125 0.62356769921875 0.226444634765625 0.686488078125 0.219813576171875
0 0.986934658203125 0.20491177734375 0.963889720703125 0.05172226171875 0.902409421875 0.054639923828125 0.921647865234375 0.2131342890625 0.986934658203125 0.20491177734375
0 0.90198342578125 0.23534230859375 0.886973119140625 0.040316837890625 0.82737731640625 0.04022038671875 0.83780482421875 0.241322318359375 0.90198342578125 0.23534230859375
0 0.82003961328125 0.22931407421875 0.81396080859375 0.056978880859375 0.759729796875 0.05801573828125 0.761739544921875 0.230592060546875 0.82003961328125 0.22931407421875
0 0.741876173828125 0.23322037109375 0.739309486328125 0.057774607421875 0.68614915625 0.055845572265625 0.68749512890625 0.231363673828125 0.741876173828125 0.23322037109375
0 0.561139296875 0.093003615234375 0.541039482421875 0.075328828125 0.511254642578125 0.067660912109375 0.500812734375 0.15752984765625 0.497037048828125 0.25788791015625 0.54930285546875 0.25043701171875 0.561139296875 0.093003615234375
0 0.458593318359375 0.091098693359375 0.444804064453125 0.1557696015625 0.439582607421875 0.25185967578125 0.48848633203125 0.2504128984375 0.500591029296875 0.106024603515625 0.458593318359375 0.091098693359375
0 0.400411470703125 0.1025282265625 0.388838595703125 0.16271412890625 0.380725595703125 0.250268220703125 0.425447736328125 0.246892408203125 0.443999294921875 0.116634298828125 0.400411470703125 0.1025282265625
0 0.34673170703125 0.098453140625 0.33139554296875 0.17264866015625 0.3253170703125 0.2600821875 0.3744026484375 0.25427096875 0.392316552734375 0.111715259765625 0.34673170703125 0.098453140625
0 0.25573482421875 0.1067479921875 0.23469628515625 0.1732997109375 0.227220935546875 0.27315140234375 0.273533189453125 0.26895575 0.299259017578125 0.1353700546875 0.25573482421875 0.1067479921875
0 0.170206220703125 0.15752984765625 0.1451803359375 0.13143964453125 0.121574103515625 0.124856810546875 0.098356689453125 0.19661692578125 0.094312748046875 0.28392988671875 0.13980549609375 0.271801078125 0.170206220703125 0.15752984765625
0 0.0846049453125 0.26201122265625 0.097891845703125 0.219138412109375 0.099727443359375 0.199438138671875 0.10817467578125 0.165559455078125 0.0742661875 0.1334651328125 0.039291703125 0.21462929296875 0.043738197265625 0.27676834375 0.0846049453125 0.26201122265625
0 0.027074478515625 0.356847421875 0.019954798828125 0.384842546875 0.027381583984375 0.528073419921875 0.032671361328125 0.527759951171875 0.040538876953125 0.45908629296875 0.06748776953125 0.380574556640625 0.027074478515625 0.356847421875
0 0.076045517578125 0.553488458984375 0.089000533203125 0.512086541015625 0.0905451015625 0.447415630859375 0.1074452578125 0.3876396484375 0.07010536328125 0.368084052734375 0.043863451171875 0.452358783203125 0.03301463671875 0.542251830078125 0.076045517578125 0.553488458984375
0 0.17169887890625 0.383106416015625 0.1426039375 0.357257341796875 0.1200683828125 0.3477086171875 0.08947441796875 0.450381521484375 0.0878719140625 0.537549806640625 0.132556541015625 0.533450607421875 0.17169887890625 0.383106416015625
0 0.17908681640625 0.368156390625 0.15177422265625 0.455397015625 0.137118912109375 0.55059490625 0.1836187109375 0.5500161953125 0.220940185546875 0.3881701328125 0.17908681640625 0.368156390625
0 0.41237115234375 0.3253076953125 0.396645162109375 0.42347148046875 0.382676400390625 0.547653126953125 0.451812892578125 0.5428305390625 0.47171008984375 0.3283218125 0.41237115234375 0.3253076953125
0 0.58386071875 0.570560421875 0.59291010546875 0.343633529296875 0.539744083984375 0.333723111328125 0.518230650390625 0.564291056640625 0.58386071875 0.570560421875