1 0.7098898359375 0.36035205078125 0.70551144921875 0.21666564453125 0.63036237109375 0.21889228515625 0.62730810546875 0.36735005859375 0.7098898359375 0.36035205078125
1 0.794327939453125 0.34965812109375 0.786189681640625 0.21245472265625 0.70797329296875 0.21477224609375 0.7098427109375 0.359443216796875 0.794327939453125 0.34965812109375
1 0.88114794140625 0.355277736328125 0.86761475390625 0.2127728125 0.788510150390625 0.20783482421875 0.795720220703125 0.34688618359375 0.88114794140625 0.355277736328125
1 0.7930092890625 0.975934533203125 0.779965861328125 0.803377552734375 0.69825804296875 0.797606466796875 0.70600794140625 0.97669189453125 0.7930092890625 0.975934533203125
1 0.38491576953125 0.9852955078125 0.396853451171875 0.781050572265625 0.31151998046875 0.77447668359375 0.288034673828125 0.993001990234375 0.38491576953125 0.9852955078125
1 0.2874144609375 0.990915119140625 0.30873541796875 0.780020560546875 0.227161818359375 0.76696366796875 0.194789712890625 0.991839099609375 0.2874144609375 0.990915119140625
1 0.19562365234375 0.9881734765625 0.2232605703125 0.77072017578125 0.14215821875 0.766751607421875 0.106552203125 0.998379248046875 0.19562365234375 0.9881734765625
0 0.0518518515625 1 0.111153166015625 0.998242923828125 0.14053746875 0.7749916875 0.080253689453125 0.767675587890625 0.04589940234375 0.885202763671875 0.0518518515625 1
0 0.0463706484375 0.89429108984375 0.06773746875 0.812647642578125 0.069383884765625 0.775279484375 0.039584701171875 0.76341922265625 0.0463706484375 0.89429108984375
0 0.46082643359375 0.987882234375 0.472582333984375 0.80975452734375 0.408444431640625 0.807103765625 0.387211009765625 0.990063431640625 0.46082643359375 0.987882234375
0 0.572768482421875 0.984280642578125 0.5780275078125 0.799348396484375 0.505608712890625 0.785110021484375 0.487859130859375 0.985886248046875 0.572768482421875 0.984280642578125
0 0.672361787109375 0.9795092734375 0.677171025390625 0.81552561328125 0.60758391796875 0.796652193359375 0.595788046875 0.98388337109375 0.672361787109375 0.9795092734375
0 0.97414253515625 0.351612109375 0.945146994140625 0.09851743359375 0.874221880859375 0.093337087890625 0.8932286796875 0.351278873046875 0.97414253515625 0.351612109375
0 0.614299177734375 0.373196880859375 0.617915994140625 0.166467802734375 0.55916587109375 0.159106259765625 0.551600681640625 0.36868301171875 0.614299177734375 0.373196880859375
0 0.53825473046875 0.358155705078125 0.546606732421875 0.14400449609375 0.484419453125 0.139475478515625 0.47741976171875 0.35995822265625 0.53825473046875 0.358155705078125
0 0.4588888359375 0.3778016328125 0.473988078125 0.1752834765625 0.418762203125 0.156894767578125 0.405950611328125 0.373908798828125 0.4588888359375 0.3778016328125
0 0.3480184375 0.14533744921875 0.33964203125 0.260274453125 0.337958587890625 0.375923376953125 0.397622591796875 0.361412353515625 0.40807374609375 0.15812169140625 0.3480184375 0.14533744921875
0 0.293963525390625 0.13965724609375 0.270424767578125 0.238659390625 0.265115669921875 0.35350551171875 0.32521094921875 0.35718628125 0.3460821171875 0.167240310546875 0.293963525390625 0.13965724609375
0 0.230902337890625 0.147897328125 0.21121769921875 0.2422341328125 0.20549163671875 0.358913064453125 0.25916955078125 0.357322607421875 0.282038466796875 0.166407212890625 0.230902337890625 0.147897328125
0 0.14305863671875 0.270650291015625 0.16222784765625 0.235493625 0.182313884765625 0.247641685546875 0.229368681640625 0.14794276953125 0.18731162109375 0.087293353515625 0.142798609375 0.166891923828125 0.126308349609375 0.243839736328125 0.14305863671875 0.270650291015625
0 0.15906797265625 0.43128641796875 0.214038025390625 0.286751771484375 0.16403709765625 0.230888873046875 0.11730501953125 0.326937310546875 0.094970041015625 0.4195321875 0.126041591796875 0.455930923828125 0.15906797265625 0.43128641796875
0 0.045179068359375 0.39734152734375 0.07997051953125 0.436360734375 0.1007747890625 0.41298859375 0.101083201171875 0.389313509765625 0.118744423828125 0.325074203125 0.139668607421875 0.274391650390625 0.108227212890625 0.240734556640625 0.067339853515625 0.3211359296875 0.045179068359375 0.39734152734375
0 0.315485626953125 0 0.320852341796875 0.04601721484375 0.370346259765625 0.042730271484375 0.37543767578125 0 0.315485626953125 0
0 0.393953130859375 0 0.395308857421875 0.0501826953125 0.445778087890625 0.045956626953125 0.44934694921875 0 0.393953130859375 0
0 0.578737037109375 0 0.578836203125 0.044744849609375 0.631020431640625 0.034096361328125 0.6295835625 0 0.578737037109375 0
0 0.711044478515625 0 0.711314513671875 0.0126024765625 0.767689892578125 0.013662779296875 0.76717380078125 0 0.711044478515625 0
0 0.780929970703125 0 0.781721255859375 0.0077856640625 0.838883447265625 0.00427151171875 0.8384360078125 0 0.780929970703125 0
0 0.8914351851851852 0.0029513888888888905 0.07193287037037033 0.005902777777777781
0 0.971923828125 0.00359519675925926 0.05615234375 0.00719039351851852
1 0.640410486328125 0 0.6398382109375 0.01654075 0.708617048828125 0.009951712890625 0.708923494140625 0 0.640410486328125 0
1 0.511735455078125 0 0.50957896484375 0.032233255859375 0.57259302734375 0.02308434375 0.575219587890625 0 0.511735455078125 0
1 0.452147302734375 0 0.44693474609375 0.038640525390625 0.50715709375 0.0250231875 0.509369263671875 0 0.452147302734375 0
1 1 0.195360291015625 0.95641819921875 0.1973983984375 0.975353470703125 0.3552171484375 1 0.34939541015625 1 0.195360291015625