0 0.34117126953125 0.44105169140625 0.350970123046875 0.166355056640625 0.272002900390625 0.1710388671875 0.2639332578125 0.437524958984375 0.34117126953125 0.44105169140625
0 0.43685418359375 0.441367646484375 0.455875484375 0.1532813828125 0.379213875 0.144626794921875 0.366533005859375 0.437789677734375 0.43685418359375 0.441367646484375
0 0.526196662109375 0.423285666015625 0.54925278515625 0.172059314453125 0.47950801171875 0.1705265078125 0.46797994921875 0.415519169921875 0.526196662109375 0.423285666015625
0 0.870885708984375 0.15840496484375 0.80114093359375 0.163020458984375 0.775202794921875 0.4173423125 0.832266701171875 0.41794433203125 0.853593615234375 0.319413560546875 0.870885708984375 0.15840496484375
0 0.9371720625 0.159963388671875 0.86685088671875 0.15331126953125 0.83572512109375 0.4045973984375 0.8876013984375 0.411386146484375 0.916997955078125 0.31484503125 0.9371720625 0.159963388671875
0 0.755122248046875 0.926959734375 0.728023099609375 0.994607236328125 0.794539189453125 0.994114525390625 0.80981325390625 0.915167498046875 0.79059749609375 0.89866712890625 0.77483071875 0.9373249296875 0.755122248046875 0.926959734375
0 0.727530388671875 0.87548412890625 0.727530388671875 0.894754634765625 0.7743380078125 0.942584171875 0.814740373046875 0.836297119140625 0.8305071484375 0.7293166171875 0.79552461328125 0.7103052421875 0.779265125 0.732323984375 0.727530388671875 0.87548412890625
0 0.84578121484375 0.72482381640625 0.824101896484375 0.744254908203125 0.82360918359375 0.770536521484375 0.82360918359375 0.772288384765625 0.810305966796875 0.84158555859375 0.79601732421875 0.889867662109375 0.82311647265625 0.919448619140625 0.861055279296875 0.839457771484375 0.87386578515625 0.74563815234375 0.84578121484375 0.72482381640625
0 0.72260326953125 0.9946473828125 0.731964794921875 0.82201942578125 0.675302939453125 0.833826259765625 0.66643412890625 0.995063451171875 0.72260326953125 0.9946473828125
0 0.66643412890625 0.995063451171875 0.67333209375 0.83559272265625 0.615192103515625 0.8447827109375 0.60287430859375 0.995534263671875 0.66643412890625 0.995063451171875
0 0.60238159765625 0.9955379140625 0.6043524453125 0.832599955078125 0.544241607421875 0.84881199609375 0.53783635546875 0.99601602734375 0.60238159765625 0.9955379140625
0 0.534387373046875 0.99604157421875 0.5358655078125 0.84361844921875 0.47920365234375 0.84141037109375 0.470334841796875 0.9965160390625 0.534387373046875 0.99604157421875
0 0.463436876953125 0.996567134765625 0.461466029296875 0.857308537109375 0.4033260390625 0.875257845703125 0.3979062109375 0.996176615234375 0.463436876953125 0.996567134765625
0 0.38411028125 0.99715473828125 0.38411028125 0.854377814453125 0.323506732421875 0.87672503125 0.32301401953125 0.997607302734375 0.38411028125 0.99715473828125
1 0.29985656640625 0.99777883984375 0.30429097265625 0.88037109765625 0.217573701171875 0.895028361328125 0.21658827734375 0.996643779296875 0.29985656640625 0.99777883984375
1 0.215602853515625 0.99840294140625 0.2146174296875 0.899429921875 0.123958462890625 0.920247904296875 0.126914734375 0.999059890625 0.215602853515625 0.99840294140625
1 0.122480328125 0.99909273828125 0.119031345703125 0.923788130859375 0.0259088203125 0.932361314453125 0.0303432265625 0.999775236328125 0.122480328125 0.99909273828125
1 0.245165560546875 0.441967111328125 0.238760306640625 0.183614603515625 0.1495794765625 0.178143677734375 0.162882693359375 0.43994881640625 0.245165560546875 0.441967111328125
1 0.62110464453125 0.42867119140625 0.6373641328125 0.212195537109375 0.55409584375 0.205804880859375 0.539807201171875 0.430149326171875 0.62110464453125 0.42867119140625
1 0.699938529296875 0.429839099609375 0.7191542890625 0.2247286640625 0.640320404296875 0.212173638671875 0.6230754921875 0.42427693359375 0.699938529296875 0.429839099609375
1 0.77236716015625 0.418791408203125 0.793553765625 0.228557216796875 0.719647 0.2229731484375 0.69846039453125 0.423718525390625 0.77236716015625 0.418791408203125