1 0.050608625 1 0.065414669921875 0.946684130859375 0 0.9369043203125 0 1 0.050608625 1
1 0.1438509921875 1 0.154665861328125 0.9628176484375 0.069598306640625 0.9477204453125 0.05322595703125 1 0.1438509921875 1
1 0.241927310546875 1 0.246901685546875 0.973357427734375 0.157901287109375 0.961946201171875 0.14711644140625 1 0.241927310546875 1
1 0.615629005859375 0.58192812109375 0.62560258984375 0.440512796875 0.557695259765625 0.43560445703125 0.538944400390625 0.5745585390625 0.615629005859375 0.58192812109375
1 0.69727224609375 0.58090967578125 0.702840166015625 0.44392883203125 0.63267145703125 0.43953678515625 0.61944817578125 0.582012990234375 0.69727224609375 0.58090967578125
1 0.782432369140625 0.595832720703125 0.78334394140625 0.451383283203125 0.708954240234375 0.442931603515625 0.70144320703125 0.58043581640625 0.782432369140625 0.595832720703125
1 0.86954294140625 0.459530841796875 0.874611328125 0.605246265625 0.933774912109375 0.607127560546875 0.955955427734375 0.55549805859375 0.9469146328125 0.4606836640625 0.86954294140625 0.459530841796875
1 0.986454263671875 0.250806529296875 0.9732121484375 0.14060198046875 0.9331779375 0.138579236328125 0.944010177734375 0.251562970703125 0.986454263671875 0.250806529296875
1 0.65216205078125 0.24507745703125 0.66060927734375 0.145552755859375 0.60389121875 0.14542544921875 0.591038328125 0.24938462890625 0.65216205078125 0.24507745703125
1 0.52301391015625 0.24107440234375 0.538161181640625 0.146797521484375 0.482280826171875 0.143289544921875 0.46346500390625 0.240317640625 0.52301391015625 0.24107440234375
1 0.463431474609375 0.240883443359375 0.481644298828125 0.143275400390625 0.42738879296875 0.139236982421875 0.4047202734375 0.23674601171875 0.463431474609375 0.240883443359375
0 0.310857314453125 0.090530072265625 0.282653587890625 0.1656600078125 0.27864775390625 0.237187962890625 0.32831635546875 0.232082146484375 0.359202953125 0.107749287109375 0.310857314453125 0.090530072265625
0 0.431355259765625 0.11225046875 0.415065681640625 0.08456639453125 0.385176857421875 0.07810660546875 0.3632026640625 0.162068365234375 0.35349230859375 0.2512703046875 0.4005048359375 0.24776134765625 0.431355259765625 0.11225046875
0 0.551561892578125 0.083873904296875 0.527833123046875 0.25638645703125 0.527784125 0.25721330859375 0.58103862890625 0.2583967421875 0.596921671875 0.088607638671875 0.551561892578125 0.083873904296875
0 0.707926693359375 0.25873265234375 0.717984248046875 0.07722290625 0.670947603515625 0.073279849609375 0.658037978515625 0.259693869140625 0.707926693359375 0.25873265234375
0 0.77918611328125 0.25079486328125 0.783673322265625 0.0964834140625 0.732377234375 0.0936876171875 0.72282248828125 0.2549239609375 0.77918611328125 0.25079486328125
0 0.86187639453125 0.262153755859375 0.857502876953125 0.092328478515625 0.797761404296875 0.090586919921875 0.79728787890625 0.26361625390625 0.86187639453125 0.262153755859375
0 0.940368671875 0.269693623046875 0.927979466796875 0.07402401953125 0.87173833984375 0.076085984375 0.876293876953125 0.278205041015625 0.940368671875 0.269693623046875
0 0.873198033203125 0.606177568359375 0.867070615234375 0.351822298828125 0.794813705078125 0.3435655078125 0.792353583984375 0.609554087890625 0.873198033203125 0.606177568359375
0 0.5132457109375 0.577486373046875 0.544850099609375 0.380873283203125 0.49090334375 0.372284376953125 0.461658623046875 0.571166931640625 0.5132457109375 0.577486373046875
0 0.451236923828125 0.55763317578125 0.486206900390625 0.3463146953125 0.427606068359375 0.3391003828125 0.38737040234375 0.5480848203125 0.451236923828125 0.55763317578125
0 0.372205791015625 0.565484044921875 0.415085064453125 0.360992408203125 0.354495974609375 0.35225589453125 0.31686086328125 0.552430013671875 0.372205791015625 0.565484044921875
0 0.3103719453125 0.54267869921875 0.34739544140625 0.338795943359375 0.287352705078125 0.32785454296875 0.24512878125 0.53531677734375 0.3103719453125 0.54267869921875
0 0.23242292578125 0.314809734375 0.197895087890625 0.420459751953125 0.17372437109375 0.519688841796875 0.233635904296875 0.532844353515625 0.285101349609375 0.34480171875 0.23242292578125 0.314809734375
0 0.1697358984375 0.313416689453125 0.137109529296875 0.40802382421875 0.112435513671875 0.522760921875 0.172020052734375 0.520389978515625 0.221059888671875 0.33820551171875 0.1697358984375 0.313416689453125
0 0.064785994140625 0.421935826171875 0.090701345703125 0.391473341796875 0.109425962890625 0.40519160546875 0.173712412109375 0.316461095703125 0.137532193359375 0.25358033203125 0.079342408203125 0.330622181640625 0.048115580078125 0.40161212890625 0.064785994140625 0.421935826171875
0 0 0.587235404296875 0.021208318359375 0.6101537421875 0.0580701953125 0.5843685703125 0.127493181640625 0.4580627421875 0.130072208984375 0.442600865234375 0.09349837109375 0.386362435546875 0.028250419921875 0.477288609375 0 0.546323828125 0 0.587235404296875
0 0 0.5560117265625 0.00148119921875 0.543204548828125 0.030129681640625 0.47363532421875 0.059782033203125 0.429214716796875 0.036732380859375 0.39027403125 0 0.440316541015625 0 0.5560117265625