1 0.1166820234375 1 0.07938277734375 0.9036399921875 0.053902046875 0.90959703515625 0.059259259765625 1 0.1166820234375 1
1 0.141279962890625 1 0.230021716796875 0.980169291015625 0.161876109375 0.83130558203125 0.080471421875 0.90546385546875 0.119807255859375 1 0.141279962890625 1
1 0.301006875 0.89565147265625 0.235972375 0.766193666015625 0.160502537109375 0.83294705859375 0.228984951171875 0.9792208828125 0.301006875 0.89565147265625
1 0.366239166015625 0.829882966796875 0.297550857421875 0.7132286796875 0.234417630859375 0.773051390625 0.301551197265625 0.896563404296875 0.366239166015625 0.829882966796875
1 0.423799880859375 0.767032642578125 0.3563303203125 0.662671193359375 0.2986395 0.71505254296875 0.366731609375 0.8299194453125 0.423799880859375 0.767032642578125
1 0.031438537109375 0.530525314453125 0.0351219296875 0.592682572265625 0.064208642578125 0.6558499453125 0.137865154296875 0.60813768359375 0.083691552734375 0.50476112109375 0.031438537109375 0.530525314453125
1 0.065893486328125 0.659461193359375 0.034810658203125 0.587429845703125 0.03989477734375 0.673224369140625 0.065893486328125 0.659461193359375
1 0.475037060546875 0.713301634765625 0.4091749296875 0.61951858984375 0.355889755859375 0.663510169921875 0.424732888671875 0.766230142578125 0.475037060546875 0.713301634765625
1 0.51860266796875 0.662488806640625 0.453751767578125 0.57749678125 0.41109282421875 0.618789044921875 0.473715369140625 0.715818564453125 0.51860266796875 0.662488806640625
1 0.5572701875 0.620029271484375 0.497162548828125 0.54061826953125 0.454736654296875 0.577569736328125 0.51831773828125 0.665954146484375 0.5572701875 0.620029271484375
1 0.444127849609375 0.406819669921875 0.393014287109375 0.33853423046875 0.353957271484375 0.366147521484375 0.403334111328125 0.42994625390625 0.444127849609375 0.406819669921875
1 0.40190866015625 0.43071227734375 0.356315728515625 0.364578998046875 0.32480018359375 0.378805130859375 0.3706525078125 0.4493156796875 0.40190866015625 0.43071227734375
1 0.669080373046875 0.255250837890625 0.62470967578125 0.209374330078125 0.602202392578125 0.22464624609375 0.645723974609375 0.2699758828125 0.669080373046875 0.255250837890625
1 0.646601896484375 0.27100886328125 0.601540294921875 0.222661302734375 0.59894996484375 0.224889298828125 0.636787451171875 0.279961365234375 0.646601896484375 0.27100886328125
1 0.60013373046875 0.299993095703125 0.55465466015625 0.249194734375 0.545861716796875 0.252415205078125 0.583785623046875 0.30894559765625 0.60013373046875 0.299993095703125
1 0.73910320703125 0.43999240234375 0.6822257890625 0.38060612109375 0.656653544921875 0.403878578125 0.713804400390625 0.463285109375 0.73910320703125 0.43999240234375
1 0.7153732265625 0.46678914453125 0.657113998046875 0.402460759765625 0.630289798828125 0.427576375 0.685526599609375 0.486841130859375 0.7153732265625 0.46678914453125
1 0.686735572265625 0.48886658203125 0.629167248046875 0.42700925 0.617352330078125 0.434361642578125 0.663594998046875 0.502639662109375 0.686735572265625 0.48886658203125
1 0.62718725390625 0.54979220703125 0.569589673828125 0.478253208984375 0.555501298828125 0.493180796875 0.60670925 0.567150337890625 0.62718725390625 0.54979220703125
1 1 0.453013283203125 0.985937943359375 0.440528828125 0.972594599609375 0.463569041015625 1 0.489155279296875 1 0.453013283203125
1 1 0.487789865234375 0.970871267578125 0.461321216796875 0.95467016015625 0.48980353515625 1 0.533591548828125 1 0.487789865234375
1 1 0.531497833984375 0.956225236328125 0.489212001953125 0.9390993671875 0.5155056484375 0.98249587890625 0.53002778515625 1 0.546844337890625 1 0.531497833984375
0 0.8422012421875 0.2446815390625 0.823049333984375 0.2162067421875 0.7874906953125 0.197161669921875 0.775041890625 0.231279453125 0.78591041015625 0.246277912109375 0.79482575 0.2367368125 0.831729958984375 0.261647619140625 0.8422012421875 0.2446815390625
0 0.886899412109375 0.253758578125 0.853002732421875 0.23749787109375 0.851011806640625 0.2502131484375 0.875385951171875 0.26576848046875 0.907068337890625 0.312026103515625 0.910746796875 0.28568598828125 0.886899412109375 0.253758578125
0 0.88113659765625 0.27018634375 0.841634263671875 0.24774434375 0.829356029296875 0.263689486328125 0.850974888671875 0.3043226875 0.901200333984375 0.3350992265625 0.906791345703125 0.311562041015625 0.88113659765625 0.27018634375
0 0.83058259375 0.26333680078125 0.7948387421875 0.23274588671875 0.782362712890625 0.24956346484375 0.816431615234375 0.281360939453125 0.840372015625 0.32748862109375 0.856409146484375 0.31182191796875 0.83058259375 0.26333680078125
0 0.815745626953125 0.278205322265625 0.777021060546875 0.24783715625 0.763740453125 0.26370805078125 0.797532361328125 0.295041462890625 0.822607134765625 0.343470890625 0.84067541015625 0.328398181640625 0.815745626953125 0.278205322265625
0 0.799115119140625 0.296489333984375 0.7632128671875 0.26322542578125 0.743298248046875 0.280822626953125 0.776681162109375 0.309464486328125 0.8082055625 0.36147646484375 0.823293119140625 0.346626505859375 0.799115119140625 0.296489333984375
0 0.785386537109375 0.321641451171875 0.746582357421875 0.2815094375 0.7350165078125 0.3010556953125 0.76216099609375 0.3296789921875 0.777791607421875 0.36188483984375 0.778755412109375 0.382359220703125 0.786801203125 0.3918260703125 0.811133892578125 0.368790072265625 0.785386537109375 0.321641451171875
0 0.763690953125 0.33023586328125 0.71996710546875 0.287078171875 0.69792997265625 0.3235905078125 0.735942568359375 0.358784912109375 0.7661213984375 0.404931158203125 0.785996208984375 0.38245203125 0.763690953125 0.33023586328125
0 0.7345048046875 0.355573607421875 0.6972967890625 0.321325888671875 0.678570166015625 0.358970537109375 0.7448884296875 0.433962828125 0.7677439609375 0.411260955078125 0.7345048046875 0.355573607421875
0 0.711545498046875 0.1857700390625 0.6671195703125 0.152625359375 0.6539693828125 0.169563591796875 0.676011498046875 0.19337350390625 0.6913330546875 0.233318462890625 0.718129416015625 0.22805315625 0.711545498046875 0.1857700390625
0 0.67967658984375 0.194497958984375 0.64510442578125 0.161656705078125 0.633602251953125 0.165922498046875 0.6195019296875 0.203261576171875 0.670472708984375 0.25778876953125 0.6971292578125 0.246115845703125 0.67967658984375 0.194497958984375
0 0.604399119140625 0.2277318828125 0.572743794921875 0.195533173828125 0.55005814453125 0.237780591796875 0.607598759765625 0.306015439453125 0.63757751171875 0.285632443359375 0.604399119140625 0.2277318828125
0 0.5590129375 0.2674448125 0.521358337890625 0.219021810546875 0.5023881484375 0.255147189453125 0.5527009140625 0.33905302734375 0.5860405390625 0.32275733984375 0.5590129375 0.2674448125
0 0.52060037109375 0.279099888671875 0.4917224765625 0.2492393359375 0.473614171875 0.2756194296875 0.523914044921875 0.355259474609375 0.552865712890625 0.337785783203125 0.52060037109375 0.279099888671875
0 0.4950016796875 0.306114390625 0.460897048828125 0.268118115234375 0.4379346328125 0.2881970234375 0.489084203125 0.383461162109375 0.52520308984375 0.366845931640625 0.4950016796875 0.306114390625
0 0.462324474609375 0.321740001953125 0.41591409765625 0.271008853515625 0.3918058046875 0.319005521484375 0.4532804296875 0.41130079296875 0.492692849609375 0.39119583984375 0.462324474609375 0.321740001953125
0 0.62188944921875 0.4331245625 0.571815734375 0.391456267578125 0.547392904296875 0.440051916015625 0.627057765625 0.549873916015625 0.66204669140625 0.50828375 0.62188944921875 0.4331245625
0 0.571840330078125 0.515914255859375 0.514197162109375 0.44692718359375 0.486008880859375 0.508769310546875 0.5719838828125 0.624659255859375 0.612848876953125 0.593625626953125 0.571840330078125 0.515914255859375
0 0.337500154296875 0.389034296875 0.300896873046875 0.338407318359375 0.263058298828125 0.37916412109375 0.3251261171875 0.4932831640625 0.37601062890625 0.465938345703125 0.337500154296875 0.389034296875
0 0.289965599609375 0.431562 0.246645330078125 0.3798151875 0.209657484375 0.41130079296875 0.2787944453125 0.538389091796875 0.32446058203125 0.505679482421875 0.289965599609375 0.431562
0 0.28007140625 0.5422173671875 0.195519779296875 0.39718566015625 0.148022263671875 0.44033838671875 0.232555658203125 0.590969271484375 0.28007140625 0.5422173671875
0 0.20759316796875 0.57729686328125 0.131942640625 0.446614673828125 0.08614716015625 0.483048388671875 0.1477534453125 0.61891307421875 0.20759316796875 0.57729686328125
0 0.749127087890625 1 0.6758424296875 0.91363542578125 0.6445955 0.99555788671875 0.648048716796875 1 0.749127087890625 1
0 0.82269709765625 1 0.8252339453125 0.9923203203125 0.70976548046875 0.84967546875 0.68035823828125 0.919127298828125 0.754117638671875 1 0.82269709765625 1
0 0.8728555078125 0.898430845703125 0.74162528125 0.75633758203125 0.71550756640625 0.84322431640625 0.846738326171875 0.996205400390625 0.8728555078125 0.898430845703125
0 1 0.546538033203125 0.9815497265625 0.529788330078125 0.949203326171875 0.51729106640625 0.93709621484375 0.546697951171875 0.966833072265625 0.5571079375 1 0.587448287109375 1 0.546538033203125