0 0.484436494140625 1 0.461549201171875 0.9227705390625 0.42923889453125 0.931501599609375 0.3370560078125 0.989591884765625 0.339323765625 1 0.484436494140625 1
0 0.435362013671875 0.824034119140625 0.315281505859375 0.915207212890625 0.338922884765625 0.9907236875 0.385169650390625 0.95495508984375 0.470077404296875 0.917102537109375 0.435362013671875 0.824034119140625
0 0.3502985625 0.749388953125 0.27734212109375 0.797284021484375 0.301223783203125 0.898643353515625 0.4282612890625 0.814135326171875 0.401843546875 0.73746009765625 0.3502985625 0.749388953125
0 0.179695576171875 0.267477646484375 0.17098894140625 0.239285302734375 0.13838525 0.235454203125 0.116525775390625 0.237671578125 0.1222544921875 0.26685008984375 0.146497201171875 0.259331333984375 0.179695576171875 0.267477646484375
0 0.148079048828125 0.2586619375 0.122222615234375 0.26613287890625 0.137602796875 0.32209919921875 0.1956375703125 0.29982383984375 0.1836501953125 0.26580415625 0.148079048828125 0.2586619375
0 0.15758441796875 0.396999205078125 0.1633285078125 0.433720712890625 0.215234744140625 0.413181736328125 0.236700947265625 0.415583927734375 0.226909193359375 0.385269162109375 0.195071978515625 0.38049916796875 0.15758441796875 0.396999205078125
0 0.171435697265625 0.4522111953125 0.24318006640625 0.416070259765625 0.206971173828125 0.413525607421875 0.16725519921875 0.432659623046875 0.171435697265625 0.4522111953125
0 0.332941478515625 0.177366900390625 0.343671248046875 0.19922078515625 0.36292983984375 0.1896216484375 0.377183369140625 0.188548421875 0.3833020078125 0.20129236328125 0.3923948984375 0.197673345703125 0.384000853515625 0.156446470703125 0.350984994140625 0.159356662109375 0.332941478515625 0.177366900390625
0 0.35674630859375 0.22084505078125 0.387376525390625 0.20589975 0.37715674609375 0.187949412109375 0.348525724609375 0.19487796484375 0.31577692578125 0.226510689453125 0.332239306640625 0.252422869140625 0.35674630859375 0.22084505078125
0 0.300861158203125 0.1823985859375 0.3230815234375 0.17886941796875 0.3227662109375 0.16420365234375 0.29458278515625 0.1660605859375 0.2696718671875 0.18476467578125 0.27373390234375 0.211804990234375 0.300861158203125 0.1823985859375
0 0.322192158203125 0.2269998828125 0.3420930234375 0.20156691015625 0.335340015625 0.17833530078125 0.302013837890625 0.181834517578125 0.272718498046875 0.207886466796875 0.279609193359375 0.238001701171875 0.322192158203125 0.2269998828125
0 0.3722864609375 0.2449352421875 0.404224515625 0.229131359375 0.39141984375 0.20601955078125 0.35924218359375 0.216432345703125 0.3318624296875 0.25151437109375 0.3461080546875 0.2767626484375 0.3722864609375 0.2449352421875
0 0.383734626953125 0.27159618359375 0.420673583984375 0.254744033203125 0.40672496875 0.228607224609375 0.37337258203125 0.2428736484375 0.346640091796875 0.2773766328125 0.360743869140625 0.3032189296875 0.383734626953125 0.27159618359375
0 0.3826218828125 0.27305876953125 0.359334115234375 0.305570044921875 0.3779043984375 0.341053884765625 0.387214431640625 0.334749306640625 0.387001033203125 0.318591005859375 0.39301692578125 0.310095044921875 0.400593154296875 0.2950648828125 0.428124326171875 0.278532205078125 0.416231341796875 0.257005296875 0.3826218828125 0.27305876953125
0 0.443157818359375 0.268508767578125 0.4009034765625 0.294475857421875 0.392551443359375 0.3109785859375 0.385759751953125 0.32094711328125 0.385548017578125 0.350253685546875 0.399376416015625 0.36232873046875 0.425005314453125 0.3370654765625 0.43557271484375 0.3287667109375 0.448058884765625 0.325784119140625 0.460472537109375 0.324955490234375 0.443157818359375 0.268508767578125
0 0.463423357421875 0.31942215234375 0.42581924609375 0.332665267578125 0.396364587890625 0.366489373046875 0.412525798828125 0.400767728515625 0.480724349609375 0.36420315234375 0.463423357421875 0.31942215234375
0 0.48690746484375 0.200473716796875 0.508161095703125 0.19033546875 0.497542220703125 0.16551996875 0.4552073515625 0.176203822265625 0.444501708984375 0.207891458984375 0.467064421875 0.23099328125 0.47303622265625 0.22907644921875 0.48690746484375 0.200473716796875
0 0.53973350390625 0.2382313203125 0.529353158203125 0.19395448828125 0.5188188984375 0.184070822265625 0.48527599609375 0.20162181640625 0.4668165 0.2405574765625 0.486413283203125 0.2650669765625 0.53973350390625 0.2382313203125
0 0.585221251953125 0.2509453125 0.549075982421875 0.2705129765625 0.5227336796875 0.30622396484375 0.545101716796875 0.340088001953125 0.609802298828125 0.30431711328125 0.585221251953125 0.2509453125
0 0.593153560546875 0.3953516796875 0.608714927734375 0.39341987109375 0.613338537109375 0.380096888671875 0.654381962890625 0.3382410546875 0.63577770703125 0.2982072109375 0.601233125 0.32350540625 0.572860427734375 0.3627455625 0.593153560546875 0.3953516796875
0 0.6554040234375 0.40287923828125 0.68286822265625 0.37348281640625 0.66270362890625 0.33998317578125 0.6334744296875 0.35616643359375 0.604232751953125 0.394782619140625 0.62623722265625 0.428037666015625 0.6554040234375 0.40287923828125
0 0.638554369140625 0.455322578125 0.66552812890625 0.4716755546875 0.696605107421875 0.428926197265625 0.7223804296875 0.406957501953125 0.6951666484375 0.37384721484375 0.67031313671875 0.38627168359375 0.62878218359375 0.43230062109375 0.638554369140625 0.455322578125
0 0.7422243046875 0.399170369140625 0.69554103125 0.427698228515625 0.662602130859375 0.4739817421875 0.688911986328125 0.5208243359375 0.7704102265625 0.465510740234375 0.7422243046875 0.399170369140625
0 0.5824217109375 0.437806521484375 0.53720559765625 0.457703642578125 0.489352591796875 0.505339923828125 0.51195648828125 0.563438912109375 0.606972390625 0.50942317578125 0.5824217109375 0.437806521484375
0 0.6325097734375 0.527528255859375 0.580466609375 0.5603839609375 0.5365196484375 0.612622638671875 0.565352833984375 0.678383966796875 0.667865099609375 0.60754103515625 0.6325097734375 0.527528255859375
0 0.902665728515625 0.602248240234375 0.867737921875 0.535770990234375 0.863653501953125 0.53379634375 0.82498223828125 0.56294098828125 0.77569221484375 0.627670806640625 0.82505225 0.67810544921875 0.902665728515625 0.602248240234375
0 0.92243217578125 0.602102154296875 0.8719439140625 0.6398716171875 0.835274396484375 0.69039108203125 0.879297685546875 0.748536833984375 0.962054123046875 0.651142544921875 0.92243217578125 0.602102154296875
0 1 0.682336767578125 0.980899849609375 0.65394467578125 0.928915349609375 0.70064475390625 0.881748248046875 0.765811431640625 0.935327796875 0.835459021484375 1 0.7554554921875 1 0.682336767578125
0 1 0.7943676953125 0.961351509765625 0.8388477890625 1 0.882929259765625 1 0.7943676953125
1 0.90997329296875 1 0.85658183203125 0.929224611328125 0.78907441796875 1 0.90997329296875 1
1 0.7913740390625 1 0.8579606875 0.92986562890625 0.79784028125 0.838059939453125 0.7216869296875 0.90962350390625 0.77776212109375 1 0.7913740390625 1
1 0.72306578515625 0.9102645234375 0.795634279296875 0.84159555078125 0.74132308984375 0.758964419921875 0.672339453125 0.82473880078125 0.72306578515625 0.9102645234375
1 0.671529833984375 0.821714001953125 0.7412254375 0.76436298828125 0.6945471953125 0.693961265625 0.62599006640625 0.7465447109375 0.671529833984375 0.821714001953125
1 0.629922138671875 0.751462515625 0.694155740234375 0.692749341796875 0.65128520703125 0.632063037109375 0.588990517578125 0.6812310625 0.629922138671875 0.751462515625
1 0.752044271484375 0.56723015234375 0.805043376953125 0.52918978515625 0.76658568359375 0.484238453125 0.709085265625 0.519744794921875 0.752044271484375 0.56723015234375
1 0.7861250234375 0.6048498515625 0.833465984375 0.553438267578125 0.803637814453125 0.527947814453125 0.75238230859375 0.56724016796875 0.7861250234375 0.6048498515625
1 0.536790234375 0.59951502734375 0.59310575 0.553821578125 0.5805615546875 0.52918173828125 0.520561822265625 0.5712432265625 0.536790234375 0.59951502734375
1 0.5699448359375 0.357835583984375 0.609852154296875 0.31903025390625 0.603327037109375 0.314276908203125 0.557175099609375 0.3413218046875 0.5699448359375 0.357835583984375
1 0.4794585859375 0.497216310546875 0.52973848046875 0.465382947265625 0.523275318359375 0.448705259765625 0.470458255859375 0.481164990234375 0.4794585859375 0.497216310546875
1 0.471383654296875 0.479789330078125 0.5233377578125 0.450110189453125 0.4984480625 0.4139449609375 0.4431977421875 0.44492951171875 0.471383654296875 0.479789330078125
1 0.473636125 0.3775596484375 0.421058392578125 0.40849500390625 0.444138751953125 0.443905083984375 0.498796369140625 0.412902970703125 0.473636125 0.3775596484375
1 0.51240832421875 0.286951294921875 0.558140359375 0.26106457421875 0.5352971171875 0.239632123046875 0.49280971875 0.2646420625 0.51240832421875 0.286951294921875
1 0.149289837890625 0.3537467109375 0.209165390625 0.325939921875 0.1965806796875 0.29464157421875 0.137984541015625 0.320603853515625 0.149289837890625 0.3537467109375
1 0.15818365625 0.38708703515625 0.223671279296875 0.356219525390625 0.20923308203125 0.3240595078125 0.14910246875 0.352934408203125 0.15818365625 0.38708703515625
1 0.158486587890625 0.387096009765625 0.161340869140625 0.39686159765625 0.19138223828125 0.381885603515625 0.235669953125 0.38454241796875 0.222774455078125 0.3564618671875 0.158486587890625 0.387096009765625