0 0.719687490234375 0.868045548828125 0.67020110546875 0.59279424609375 0.602884017578125 0.61295660546875 0.651497703125 0.90992507421875 0.719687490234375 0.868045548828125
0 0.59989588671875 0.90541111328125 0.564836341796875 0.628822341796875 0.500696859375 0.649670154296875 0.52678198046875 0.92900073828125 0.59989588671875 0.90541111328125
0 0.5133415234375 0.954395947265625 0.4820948828125 0.666421962890625 0.41201399609375 0.6841906796875 0.439863462890625 0.98192819140625 0.5133415234375 0.954395947265625
0 0.400649814453125 0.9859841640625 0.385995443359375 0.692469189453125 0.313225935546875 0.711227205078125 0.3184957265625 0.989026908203125 0.400649814453125 0.9859841640625
1 0.317899279296875 0.982516251953125 0.305118638671875 0.7123306171875 0.212666033203125 0.739849060546875 0.21375161328125 0.9919955703125 0.317899279296875 0.982516251953125
1 0.210954072265625 0.988083470703125 0.207231447265625 0.739247197265625 0.109486919921875 0.772583634765625 0.106735076171875 0.994352859375 0.210954072265625 0.988083470703125
1 0.02218416796875 0.998287517578125 0.1044959296875 0.99523893359375 0.104557228515625 0.774372501953125 0.017601103515625 0.792049662109375 0.02218416796875 0.998287517578125
1 0.007240169921875 0.325807662109375 0.052953181640625 0.3225083046875 0.063255044921875 0.1558762734375 0.003477421875 0.1564839765625 0.007240169921875 0.325807662109375
1 0.142495677734375 0.30634163671875 0.14597309765625 0.1375529375 0.065042794921875 0.155006919921875 0.057865041015625 0.319916955078125 0.142495677734375 0.30634163671875
1 0.22924062890625 0.286262869140625 0.2256027109375 0.122556556640625 0.147796517578125 0.138288546875 0.1469918046875 0.305371970703125 0.22924062890625 0.286262869140625
1 0.31520762109375 0.2718349140625 0.305410654296875 0.115584994140625 0.228762482421875 0.12243952734375 0.232400400390625 0.28614583984375 0.31520762109375 0.2718349140625
1 0.39709421484375 0.25675494140625 0.3828546171875 0.1038821328125 0.308029865234375 0.1114722734375 0.319216685546875 0.26927700390625 0.39709421484375 0.25675494140625
1 0.474971740234375 0.244232876953125 0.458837396484375 0.08741453515625 0.387748642578125 0.100488302734375 0.4011389453125 0.255801994140625 0.474971740234375 0.244232876953125
1 0.553538064453125 0.222047595703125 0.534024380859375 0.075795265625 0.46208633203125 0.091309916015625 0.478511578125 0.240889203125 0.553538064453125 0.222047595703125
1 0.7022368515625 0.1844145390625 0.678150134765625 0.056000712890625 0.61847111328125 0.074273892578125 0.6384061015625 0.19882577734375 0.7022368515625 0.1844145390625
1 0.8425552734375 0.1559264296875 0.8148930546875 0.0292513125 0.76200280859375 0.048076203125 0.788346505859375 0.1764064375 0.8425552734375 0.1559264296875
1 0.917433525390625 0.150743734375 0.882044072265625 0.021945384765625 0.81769059375 0.0331634140625 0.84239477734375 0.148704091796875 0.917433525390625 0.150743734375
1 0.96024928125 0.06482801171875 0.945132529296875 0.014789919921875 0.88296469921875 0.0227144296875 0.9179740859375 0.154739423828125 0.96024928125 0.06482801171875
0 0.956102658203125 0 0.955662873046875 0.000746486328125 1 0.125760490234375 1 0.003622087890625 0.999919509765625 0 0.956102658203125 0
0 0.67477870703125 0 0.712770837890625 0.197697232421875 0.78401523828125 0.17040797265625 0.749847986328125 0 0.67477870703125 0
0 0.560146310546875 0 0.535359560546875 0.013786291015625 0.571242994140625 0.238794390625 0.638526951171875 0.231820466796875 0.603468681640625 0 0.560146310546875 0