0 0 0.989920228515625 0.051626634765625 0.66475437890625 0 0.649020548828125 0 0.989920228515625
1 0.118003736328125 0.92174029296875 0.146029623046875 0.668687837890625 0.056789296875 0.66213207421875 0.019913130859375 0.920429140625 0.118003736328125 0.92174029296875
1 0.20429396875 0.926984904296875 0.22789471484375 0.6804882109375 0.146767146484375 0.668687837890625 0.117266212890625 0.920429140625 0.20429396875 0.926984904296875
1 0.32377275 0.818159236328125 0.3318855078125 0.6804882109375 0.241170134765625 0.67786590625 0.22641966796875 0.8155369296875 0.32377275 0.818159236328125
1 0.41965078515625 0.816848083984375 0.42555097265625 0.683110517578125 0.33262303125 0.67917705859375 0.3245102734375 0.816848083984375 0.41965078515625 0.816848083984375
1 0.514053775390625 0.93616297265625 0.515528822265625 0.689666279296875 0.42481344921875 0.67917705859375 0.415225646484375 0.942718734375 0.514053775390625 0.93616297265625
1 0.612144380859375 0.93616297265625 0.609194287109375 0.69884434765625 0.516266345703125 0.69359973828125 0.514053775390625 0.9348518203125 0.612144380859375 0.93616297265625
1 0.7153976484375 0.937474125 0.703597275390625 0.705400111328125 0.609194287109375 0.6975331953125 0.61509447265625 0.94140758203125 0.7153976484375 0.937474125
1 0.661959953125 0.265624564453125 0.655025134765625 0.103111646484375 0.57811169140625 0.09862853125 0.5806334453125 0.26450378515625 0.661959953125 0.265624564453125
1 0.580003005859375 0.26450378515625 0.57748125390625 0.097507751953125 0.5018286875 0.094145416015625 0.498676498046875 0.2633830078125 0.580003005859375 0.26450378515625
1 0.49741562109375 0.2633830078125 0.5005678125 0.094145416015625 0.42491524609375 0.090783080078125 0.418610865234375 0.252175220703125 0.49741562109375 0.2633830078125
1 0.418610865234375 0.25441677734375 0.42554568359375 0.094145416015625 0.346110490234375 0.08629996484375 0.33665391796875 0.252175220703125 0.418610865234375 0.25441677734375
1 0.334132166015625 0.25105444140625 0.34484961328125 0.088541521484375 0.270457923828125 0.0806960703125 0.25532741015625 0.243208990234375 0.334132166015625 0.25105444140625
1 0.25595784765625 0.243208990234375 0.270457923828125 0.08405840625 0.194805357421875 0.077333734375 0.17337046484375 0.238725875 0.25595784765625 0.243208990234375
1 0.17526177734375 0.234242759765625 0.195435794921875 0.0806960703125 0.117891916015625 0.07509217578125 0.091413517578125 0.238725875 0.17526177734375 0.234242759765625
1 0.090152640625 0.230880423828125 0.118522353515625 0.0739713984375 0.041608912109375 0.076212955078125 0.01386963671875 0.230880423828125 0.090152640625 0.230880423828125
1 0.01323919921875 0.233121982421875 0.0435002265625 0.079575291015625 0.001891314453125 0.06836750390625 0 0.230880423828125 0.01323919921875 0.233121982421875