1 0 0.235417501953125 0.08695251171875 0.267638873046875 0.11535219140625 0.09245016015625 0.014100447265625 0.040131533203125 0 0.191939177734375 0 0.235417501953125
1 0.173453994140625 0.30860259765625 0.21024080078125 0.136008931640625 0.117008611328125 0.093374251953125 0.089231087890625 0.267520724609375 0.173453994140625 0.30860259765625
1 0.255361755859375 0.32859498828125 0.29213262109375 0.17822165625 0.206717916015625 0.1382115546875 0.1743912109375 0.30148416015625 0.255361755859375 0.32859498828125
1 0.32250331640625 0.359452810546875 0.369265220703125 0.2136113125 0.290266158203125 0.181348369140625 0.253652826171875 0.328683599609375 0.32250331640625 0.359452810546875
1 0 0.59547125390625 0.02208905859375 0.598234880859375 0.042938494140625 0.4810063828125 0 0.472257107421875 0 0.59547125390625
1 0.09939512890625 0.608366103515625 0.121585923828125 0.498137896484375 0.042885984375 0.482019083984375 0.024525166015625 0.5950786328125 0.09939512890625 0.608366103515625
1 0.165667923828125 0.62310933203125 0.1963508671875 0.51345076953125 0.119614439453125 0.503290009765625 0.098930505859375 0.606370240234375 0.165667923828125 0.62310933203125
1 0.231738646484375 0.6307931953125 0.2612218203125 0.533316572265625 0.193757228515625 0.51964512109375 0.166185056640625 0.624092494140625 0.231738646484375 0.6307931953125
1 0.391190037109375 0.380772125 0.4379806015625 0.2490375625 0.36708203515625 0.21360198828125 0.32642194140625 0.356991673828125 0.391190037109375 0.380772125
1 0.450804755859375 0.400030587890625 0.50168230078125 0.27606610546875 0.4365055078125 0.2515086484375 0.390781337890625 0.3799951171875 0.450804755859375 0.400030587890625
1 0.503950705078125 0.422817267578125 0.555805345703125 0.305985921875 0.50061590625 0.279314201171875 0.449904359375 0.400077275390625 0.503950705078125 0.422817267578125
1 0.55734565234375 0.44080183984375 0.609768693359375 0.330326619140625 0.555846845703125 0.3051855703125 0.506900890625 0.41787509765625 0.55734565234375 0.44080183984375
1 0.605587224609375 0.454264423828125 0.657020572265625 0.35421712109375 0.605959611328125 0.33451512890625 0.55747015234375 0.43840078515625 0.605587224609375 0.454264423828125
1 0.532101501953125 0.684586236328125 0.5715514375 0.60810286328125 0.527409654296875 0.597144287109375 0.489705912109375 0.674167947265625 0.532101501953125 0.684586236328125
1 0.489541923828125 0.67733059375 0.528734455078125 0.59896808203125 0.496460216796875 0.591809955078125 0.463863857421875 0.672984587890625 0.489541923828125 0.67733059375
1 0.69298025 0.488220826171875 0.747145580078125 0.391898701171875 0.722422626953125 0.383524341796875 0.6756308671875 0.4809888125 0.69298025 0.488220826171875
1 0.769468712890625 0.51271540625 0.820808380859375 0.432294796875 0.8022635703125 0.420550732421875 0.755687208984375 0.5083477421875 0.769468712890625 0.51271540625
1 0.802994462890625 0.527748484375 0.859264 0.440465318359375 0.82138167578125 0.4322650703125 0.768582345703125 0.513269591796875 0.802994462890625 0.527748484375
1 0.83756512109375 0.5391698046875 0.89302355078125 0.4565027265625 0.860044671875 0.441949515625 0.803673453125 0.525680375 0.83756512109375 0.5391698046875
1 0.799520763671875 0.734483310546875 0.8415086640625 0.672198681640625 0.814929552734375 0.665269318359375 0.77056267578125 0.725722587890625 0.799520763671875 0.734483310546875
1 0.769884392578125 0.72820115234375 0.8138270625 0.665326484375 0.800626431640625 0.660146818359375 0.769884392578125 0.72820115234375
1 0.712838185546875 0.720408171875 0.75535578125 0.653209291015625 0.73744415625 0.64876257421875 0.70351782421875 0.719914091796875 0.712838185546875 0.720408171875
0 0.862489798828125 0.72877485546875 0.839437525390625 0.7651550234375 0.855064087890625 0.776561724609375 0.90696669921875 0.724513931640625 0.90829944140625 0.68290713671875 0.880613982421875 0.681410607421875 0.87011105078125 0.68781934765625 0.862489798828125 0.72877485546875
0 0.87954846875 0.664850779296875 0.8502600859375 0.662460009765625 0.79600617578125 0.743950443359375 0.82524215625 0.7844608671875 0.861332634765625 0.7351876796875 0.87954846875 0.664850779296875
0 0.968575541015625 0.5541912890625 0.923809861328125 0.6117331640625 0.943588462890625 0.633186826171875 0.965882376953125 0.606130875 0.968575541015625 0.5541912890625
0 0.930903689453125 0.607455904296875 0.9685501328125 0.55468128515625 0.97236121484375 0.48118187109375 0.95366196484375 0.491925033203125 0.9439766015625 0.54618189453125 0.910540720703125 0.597272154296875 0.930903689453125 0.607455904296875
0 0.90362020703125 0.5345914453125 0.866499599609375 0.587827478515625 0.898223896484375 0.617457951171875 0.937303126953125 0.55825621484375 0.954310984375 0.4953121328125 0.9521175703125 0.479299466796875 0.926959673828125 0.482069986328125 0.90362020703125 0.5345914453125
0 0.931101728515625 0.47110428515625 0.909771017578125 0.447776384765625 0.83856165625 0.554091248046875 0.86413831640625 0.596257453125 0.90803402734375 0.528987115234375 0.931101728515625 0.47110428515625
0 0.798326548828125 0.64854183203125 0.765359443359375 0.643299302734375 0.710019326171875 0.7355508125 0.743324361328125 0.76659729296875 0.7798206015625 0.714551650390625 0.798326548828125 0.64854183203125
0 0.6823539921875 0.757344548828125 0.7128912734375 0.707097587890625 0.7388637265625 0.63176241796875 0.699454970703125 0.626853900390625 0.679862390625 0.6814990234375 0.65571512890625 0.732407783203125 0.6823539921875 0.757344548828125
0 0.69774872265625 0.627438939453125 0.66350642578125 0.6252419296875 0.619766583984375 0.730795814453125 0.6454220859375 0.742376265625 0.67676984375 0.69804608203125 0.69774872265625 0.627438939453125
0 0.663768517578125 0.6148004375 0.6242564921875 0.611883541015625 0.581172224609375 0.726341634765625 0.6081506328125 0.739343193359375 0.639550029296875 0.694017197265625 0.663768517578125 0.6148004375
0 0.62688824609375 0.59883634375 0.588039630859375 0.59389878125 0.529286466796875 0.7091693359375 0.56354176171875 0.7431459453125 0.59708237890625 0.69423295703125 0.62688824609375 0.59883634375
0 0.79890754296875 0.4041271953125 0.75001501953125 0.3957002578125 0.672226982421875 0.5349330234375 0.711504634765625 0.58344389453125 0.760739802734375 0.505983232421875 0.79890754296875 0.4041271953125
0 0.73090470703125 0.344403935546875 0.670897955078125 0.337126736328125 0.59806037890625 0.494655671875 0.64234341015625 0.536482541015625 0.69302066796875 0.451030029296875 0.73090470703125 0.344403935546875
0 0.443096880859375 0.720323037109375 0.501963841796875 0.5738438359375 0.44860469140625 0.563206228515625 0.4009546484375 0.68966746484375 0.443096880859375 0.720323037109375
0 0.451301505859375 0.540278953125 0.39955366015625 0.534919546875 0.35144004296875 0.68486248046875 0.3911505390625 0.704250421875 0.42932377734375 0.615142615234375 0.451301505859375 0.540278953125
0 0.342083640625 0.698081787109375 0.4000013671875 0.533555896484375 0.3391167734375 0.52263827734375 0.296842310546875 0.67629975390625 0.342083640625 0.698081787109375
0 0.27897109375 0.67923706640625 0.3268059453125 0.534670337890625 0.2679159609375 0.521638638671875 0.230694265625 0.667665712890625 0.27897109375 0.67923706640625
0 0.83822981640625 0 0.804228171875 0.063499052734375 0.848870208984375 0.10631055078125 0.9175312578125 0 0.83822981640625 0
0 0.749835123046875 0 0.744928576171875 0.00964532421875 0.78943171484375 0.04760426953125 0.818840197265625 0 0.749835123046875 0