0 1 0.02222222265625 0.94462074609375 0.020991572265625 0.927397771484375 0.164590388671875 1 0.179352802734375 1 0.02222222265625
1 0.92382250390625 0.167133732421875 0.9426851796875 0.027233431640625 0.846461107421875 0.01984953125 0.83690579296875 0.153399677734375 0.92382250390625 0.167133732421875
1 0.8348656484375 0.157288533203125 0.8473745234375 0.023804021484375 0.74899362109375 0.017683587890625 0.742546837890625 0.13818884375 0.8348656484375 0.157288533203125
1 0.744081958984375 0.13953435546875 0.749907037109375 0.021638076171875 0.654433458984375 0.01454296484375 0.64832462109375 0.142652001953125 0.744081958984375 0.13953435546875
1 0.64754338671875 0.138100619140625 0.652071529296875 0.018423130859375 0.55549590234375 0.014434265625 0.5545172578125 0.132347890625 0.64754338671875 0.138100619140625
1 0.553561673828125 0.134169396484375 0.552809009765625 0.01228464453125 0.452299064453125 0.013062375 0.459061177734375 0.13022664453125 0.553561673828125 0.134169396484375
1 0.456426271484375 0.129246720703125 0.451739291015625 0.0121285625 0.35307753515625 0.00784616796875 0.362239607421875 0.12070409375 0.456426271484375 0.129246720703125
1 0.361925775390625 0.125303970703125 0.350483619140625 0.007788525390625 0.252526599609375 0.007701615234375 0.265377048828125 0.110259259765625 0.361925775390625 0.125303970703125
1 0.434469708984375 0.734585556640625 0.421148453125 0.574408552734375 0.344219998046875 0.567973486328125 0.36099584765625 0.73610316796875 0.434469708984375 0.734585556640625
1 0.50948417578125 0.737827728515625 0.503561548828125 0.574664771484375 0.424766193359375 0.576064130859375 0.4378421796875 0.730722546875 0.50948417578125 0.737827728515625
1 0.5848720234375 0.739503013671875 0.5833839765625 0.576438603515625 0.50659567578125 0.573157015625 0.51189965234375 0.732368267578125 0.5848720234375 0.739503013671875
1 0.658824380859375 0.738783623046875 0.663754974609375 0.58058740234375 0.5856363046875 0.577276248046875 0.587730958984375 0.734053408203125 0.658824380859375 0.738783623046875
1 0.7333603515625 0.7412275703125 0.74265544921875 0.58155315234375 0.664641890625 0.580607111328125 0.659641220703125 0.737226595703125 0.7333603515625 0.7412275703125
1 0.807114521484375 0.746016916015625 0.82306148828125 0.586490318359375 0.74136011328125 0.5823119609375 0.736802900390625 0.738941298828125 0.807114521484375 0.746016916015625
1 0.8794682421875 0.749199958984375 0.901833849609375 0.59454154296875 0.82279322265625 0.5904223125 0.805947296875 0.73969025 0.8794682421875 0.749199958984375
1 0.953653826171875 0.743760208984375 0.977898380859375 0.5915063203125 0.902650689453125 0.592984513671875 0.88358747265625 0.742203177734375 0.953653826171875 0.743760208984375
1 1 0.59521445703125 0.978517033203125 0.5954580234375 0.954062244140625 0.742981693359375 1 0.745589435546875 1 0.59521445703125
1 0.446306634765625 1 0.442334849609375 0.944458162109375 0.36925660546875 0.939731365234375 0.37698645703125 1 0.446306634765625 1
1 0.510818283203125 1 0.508884224609375 0.9397313671875 0.440151009765625 0.9444096328125 0.444144603515625 1 0.510818283203125 1
1 0.5772329296875 1 0.57588223046875 0.945098755859375 0.512481896484375 0.94213844140625 0.5143143359375 1 0.5772329296875 1
1 0.643641919921875 1 0.646098296875 0.944331984375 0.57682478515625 0.94667112109375 0.577409828125 1 0.643641919921875 1
1 0.711538146484375 1 0.71507308203125 0.945089048828125 0.646063787109375 0.9435555078125 0.6436288046875 1 0.711538146484375 1
0 0.991999033203125 1 0.99330487890625 0.93187925390625 0.928559732421875 0.928113345703125 0.9224849609375 1 0.991999033203125 1
0 0.921640146484375 1 0.927593451171875 0.906372021484375 0.86060730859375 0.911089111328125 0.85548709765625 1 0.921640146484375 1
0 0.857583111328125 1 0.85580286328125 0.910982345703125 0.79327606640625 0.908041443359375 0.7884854140625 1 0.857583111328125 1
0 0.783786953125 1 0.784334728515625 0.93266543359375 0.722842154296875 0.92354184375 0.7166658671875 1 0.783786953125 1
0 0.378464421875 1 0.3675123828125 0.886692455078125 0.30326971484375 0.883396826171875 0.31943314453125 1 0.378464421875 1
0 0.2231578046875 1 0.2069628515625 0.927022990234375 0.152518771484375 0.931417162109375 0.158606509765625 1 0.2231578046875 1
0 0.156345671875 1 0.146374203125 0.935016640625 0.08974831640625 1 0.156345671875 1