1 0.092535220703125 0.998083810546875 0.103687923828125 0.91798830078125 0.061865005859375 0.91794488671875 0.066666666015625 1 0.092535220703125 0.998083810546875
1 0.18807278125 0.991006955078125 0.193850546875 0.918639546875 0.1050685625 0.921027443359375 0.0937074609375 0.997996978515625 0.18807278125 0.991006955078125
1 0.2841964609375 0.983886681640625 0.28835480078125 0.913733505859375 0.19378108203125 0.9175975546875 0.1891963203125 0.990189603515625 0.2841964609375 0.983886681640625
1 0.380857560546875 0.975992474609375 0.381547880859375 0.906830314453125 0.288424265625 0.91477549609375 0.28297551953125 0.98324299609375 0.380857560546875 0.975992474609375
1 0.47691177734375 0.9678302109375 0.4729826015625 0.900057373046875 0.381925603515625 0.903660923828125 0.38137421484375 0.97490706640625 0.47691177734375 0.9678302109375
1 0.031470392578125 0.47205588671875 0.0525123828125 0.34367130078125 0.023249734375 0.345838904296875 0.031470392578125 0.47205588671875
1 0.100464591796875 0.491148625 0.121939923828125 0.339496658203125 0.05433076171875 0.346441017578125 0.03313240234375 0.47774159765625 0.100464591796875 0.491148625
1 0.176744166015625 0.483562013671875 0.19455464453125 0.3341177890625 0.123087951171875 0.340379755859375 0.100657267578125 0.494038763671875 0.176744166015625 0.483562013671875
1 0.256326015625 0.4816039140625 0.267266958984375 0.32734597265625 0.19523037890625 0.334568666015625 0.177392673828125 0.486193060546875 0.256326015625 0.4816039140625
1 0.3335175625 0.47211272265625 0.340735041015625 0.32567719140625 0.2693607578125 0.33222194140625 0.256636302734375 0.480952046875 0.3335175625 0.47211272265625
1 0.413942376953125 0.468670861328125 0.411984166015625 0.3172550625 0.340341314453125 0.325077474609375 0.33482390625 0.475789255859375 0.413942376953125 0.468670861328125
1 0.49179622265625 0.4585017265625 0.48501680078125 0.314360771484375 0.413559078125 0.319653935546875 0.413733779296875 0.4655418984375 0.49179622265625 0.4585017265625
1 0.569715255859375 0.45461659765625 0.55858657421875 0.308911158203125 0.485720818359375 0.31430862109375 0.490990513671875 0.462334708984375 0.569715255859375 0.45461659765625
1 0.6494125859375 0.445568673828125 0.631368890625 0.302262109375 0.558711732421875 0.31078853515625 0.569983826171875 0.4533389375 0.6494125859375 0.445568673828125
1 0.72699786328125 0.436677201171875 0.7058278125 0.294231099609375 0.632550076171875 0.304061263671875 0.649722875 0.444916806640625 0.72699786328125 0.436677201171875
1 0.889065177734375 0.421527798828125 0.85636228515625 0.281193748046875 0.7916761640625 0.287243080078125 0.817422326171875 0.429350208984375 0.889065177734375 0.421527798828125
1 1 0.267513525390625 0.94879710546875 0.277491140625 0.978618744140625 0.41174978515625 1 0.408397177734375 1 0.267513525390625
1 0.653716294921875 0 0.6680455703125 0.098931578125 0.735380880859375 0.0901704765625 0.71817422265625 0 0.653716294921875 0
1 0.633802119140625 0 0.591672763671875 0.00396751171875 0.60445719140625 0.1055284765625 0.669763890625 0.09817541015625 0.654545294921875 0 0.633802119140625 0
1 0.3393331875 0.131852431640625 0.3421151953125 0.026406103515625 0.280604837890625 0.03096242578125 0.27376312109375 0.13438372265625 0.3393331875 0.131852431640625
1 0.274281431640625 0.137252517578125 0.280604837890625 0.03096242578125 0.219077603515625 0.040171501953125 0.21077979296875 0.14137490625 0.274281431640625 0.137252517578125
1 0.208617345703125 0.143279400390625 0.217908388671875 0.037350921875 0.158278416015625 0.050489525390625 0.1450771328125 0.14682320703125 0.208617345703125 0.143279400390625
1 0.145192849609375 0.14855894921875 0.15848815234375 0.04872967578125 0.09908479296875 0.055455677734375 0.083434185546875 0.154296541015625 0.145192849609375 0.14855894921875
1 0.082534974609375 0.155526025390625 0.09929452734375 0.053695826171875 0.040006880859375 0.062157568359375 0.021311494140625 0.15947966015625 0.082534974609375 0.155526025390625
0 0.036525755859375 0.06881124609375 0.00285433203125 0.042814970703125 0.011880189453125 0.178202849609375 0.036525755859375 0.06881124609375
0 0.34307071484375 0 0.34066151171875 0.146871421875 0.39336780078125 0.1476187578125 0.390809076171875 0 0.34307071484375 0
0 0.409457232421875 0 0.4148355546875 0.160564498046875 0.469914025390625 0.15764748828125 0.45994414453125 0 0.409457232421875 0
0 0.475369755859375 0 0.482674138671875 0.138096283203125 0.53155215234375 0.140290068359375 0.5209153984375 0 0.475369755859375 0
0 0.54069788671875 0 0.552205072265625 0.131201529296875 0.604757072265625 0.129634541015625 0.590478669921875 0 0.54069788671875 0
0 0.729060171875 0 0.7493489296875 0.11445143359375 0.811993732421875 0.115401826171875 0.792182490234375 0 0.729060171875 0
0 0.796147326171875 0 0.815410509765625 0.10061278515625 0.880208763671875 0.10084458984375 0.8638710234375 0 0.796147326171875 0
0 0.869433498046875 0 0.893029796875 0.0808863359375 0.94946923046875 0.078382861328125 0.93357594140625 0 0.869433498046875 0
0 0.937191390625 0 0.959429810546875 0.081558564453125 1 0.07990096484375 1 0 0.937191390625 0
0 0.946560099609375 0.265888435546875 0.9147219375 0.17040871484375 0.84840537109375 0.189857 0.898368224609375 0.420408421875 0.97640012109375 0.41630550390625 0.946560099609375 0.265888435546875
0 0.8009784453125 0.327548076171875 0.773618720703125 0.204901025390625 0.711131541015625 0.22518380078125 0.7404569609375 0.4527913203125 0.8178258984375 0.4481784375 0.8009784453125 0.327548076171875
0 0.88754165234375 0.9391944453125 0.865292935546875 0.84719082421875 0.785494796875 0.85371135546875 0.800196884765625 0.945664427734375 0.88754165234375 0.9391944453125
0 0.757206880859375 0.948848873046875 0.747726271484375 0.863214142578125 0.672727544921875 0.874865166015625 0.679756638671875 0.954585927734375 0.757206880859375 0.948848873046875
0 0.66269711328125 0.955849595703125 0.6548516875 0.889599541015625 0.582420736328125 0.898622134765625 0.58592925 0.96153610546875 0.66269711328125 0.955849595703125
0 0.554539724609375 0.963861255859375 0.551129775390625 0.897282646484375 0.4846961953125 0.898546314453125 0.479136623046875 0.969446669921875 0.554539724609375 0.963861255859375