1 0.873166318359375 0.4641159453125 0.906505654296875 0.61223737109375 0.9802130859375 0.613875314453125 0.940148310546875 0.464747568359375 0.93964753125 0.4655933046875 0.873166318359375 0.4641159453125
1 0.90455962890625 0.613050990234375 0.871201263671875 0.46578600390625 0.80184859375 0.463387970703125 0.8274418984375 0.613050990234375 0.90455962890625 0.613050990234375
1 0.828906173828125 0.612226666015625 0.800828001953125 0.4659358828125 0.731031650390625 0.46181426171875 0.751693283203125 0.61650887109375 0.828906173828125 0.612226666015625
1 0.750305134765625 0.613907431640625 0.728103099609375 0.463462908203125 0.6576727421875 0.466182107421875 0.673631087890625 0.615631017578125 0.750305134765625 0.613907431640625
1 0.67224294140625 0.613029578125 0.656728279296875 0.4653042578125 0.5854105546875 0.46457628125 0.595201337890625 0.60960381640625 0.67224294140625 0.613029578125
1 0.59421880859375 0.610438845703125 0.587318515625 0.465475544921875 0.514961166015625 0.468151921875 0.516137583984375 0.610417435546875 0.59421880859375 0.610438845703125
1 0.441773546875 0.464811802734375 0.438075388671875 0.609539583984375 0.5190280703125 0.61048166796875 0.514517484375 0.466428333984375 0.514536515625 0.465571892578125 0.441773546875 0.464811802734375
1 0.439076947265625 0.607848111328125 0.441253736328125 0.466513978515625 0.3676033984375 0.462306712890625 0.357566390625 0.6103210859375 0.439076947265625 0.607848111328125
1 0.358548916015625 0.6094860546875 0.36797095703125 0.4674560625 0.29437771484375 0.4606794765625 0.27802088671875 0.611124 0.358548916015625 0.6094860546875
1 0.188434806640625 0.608276333984375 0.20938073046875 0.46821615625 0.142050212890625 0.461578740234375 0.113706783203125 0.60918630078125 0.188434806640625 0.608276333984375
1 0 0.601982662109375 0.02126827734375 0.604561521484375 0.046936521484375 0.4688906015625 0 0.46279770703125 0 0.601982662109375
1 0.3207061328125 0.27361140625 0.333955984375 0.176223388671875 0.27148101171875 0.167980146484375 0.256633658203125 0.272187572265625 0.3207061328125 0.27361140625
1 0.384315888671875 0.27416809375 0.391379146484375 0.173215140625 0.335071736328125 0.1693932734375 0.324579146484375 0.272840609375 0.384315888671875 0.27416809375
1 0.637512373046875 0.17896833984375 0.637875365234375 0.181173759765625 0.64681397265625 0.279520783203125 0.71026373046875 0.279465876953125 0.69681159375 0.180286099609375 0.637512373046875 0.17896833984375
1 0.7736484140625 0.282339326171875 0.7561108125 0.181603861328125 0.696004259765625 0.179535708984375 0.71145032421875 0.28168959765625 0.7736484140625 0.282339326171875
1 0.837575048828125 0.27936521484375 0.81450508984375 0.186563765625 0.756966951171875 0.180157984375 0.77379483203125 0.2757505234375 0.837575048828125 0.27936521484375
1 0.89684173046875 0.28214715234375 0.875055978515625 0.187176890625 0.81704096484375 0.183690314453125 0.837872966796875 0.284498990234375 0.89684173046875 0.28214715234375
1 0.958216220703125 0.282778580078125 0.930302271484375 0.18547478125 0.875121052734375 0.184248533203125 0.898488931640625 0.2821837578125 0.958216220703125 0.282778580078125
0 0.993053287109375 0.334824283203125 0.99677880859375 0.16717587109375 0.966914861328125 0.16944203125 0.93419251171875 0.19581554296875 0.977304427734375 0.33227695703125 0.993053287109375 0.334824283203125
0 0.646069419921875 0.293598544921875 0.634469654296875 0.1499634375 0.585188466796875 0.148868298828125 0.59176276953125 0.29677444140625 0.646069419921875 0.293598544921875
0 0.5776311484375 0.314617361328125 0.568991732421875 0.13285582421875 0.5208639140625 0.12740360546875 0.5198183203125 0.3170892421875 0.5776311484375 0.314617361328125
0 0.507002603515625 0.307412919921875 0.508714841796875 0.135272951171875 0.4605174921875 0.1329496953125 0.456651482421875 0.306920109375 0.507002603515625 0.307412919921875
0 0.440964072265625 0.29968437890625 0.443209103515625 0.119416923828125 0.395674052734375 0.11898669140625 0.3871345859375 0.29723596484375 0.440964072265625 0.29968437890625
0 0.2654630703125 0.13049345703125 0.244884916015625 0.105618189453125 0.210934783203125 0.09609831640625 0.197329873046875 0.185328556640625 0.184813146484375 0.2889833203125 0.24637291015625 0.292229623046875 0.2654630703125 0.13049345703125
0 0.19948451171875 0.135914388671875 0.146831865234375 0.112204662109375 0.13022141015625 0.17820233984375 0.11384649609375 0.281145265625 0.170283453125 0.29304315234375 0.19948451171875 0.135914388671875
0 0.080543017578125 0.115740390625 0.059791900390625 0.177889443359375 0.042388775390625 0.27955731640625 0.0994419609375 0.2795729609375 0.1324777421875 0.140060265625 0.080543017578125 0.115740390625
0 0 0.288187388671875 0.0339266640625 0.27999537109375 0.065989857421875 0.136704451171875 0.044383490234375 0.1105541328125 0.01424982421875 0.103623474609375 0 0.1562469296875 0 0.288187388671875
0 0.10443353125 0.6096395859375 0.145794091796875 0.3807793125 0.073767072265625 0.35726514453125 0.0491847109375 0.4650345 0.02563925390625 0.605384193359375 0.104419625 0.610265376953125 0.10443353125 0.6096395859375
0 0.222207748046875 0.38122519140625 0.22216602734375 0.383102568359375 0.1870486171875 0.632136837890625 0.26531966015625 0.62824127734375 0.2867687109375 0.39205140625 0.222207748046875 0.38122519140625