0 0.966386099609375 0.9001679140625 0.97486528125 0.671229994140625 0.96273323828125 0.626362251953125 0.901016271484375 0.6581535078125 0.955755576171875 0.897521955078125 0.966386099609375 0.9001679140625
0 0.95888164453125 0.9165717265625 0.904375771484375 0.629519232421875 0.83411653515625 0.64366319140625 0.872373796875 0.93492309765625 0.95888164453125 0.9165717265625
0 0.872282318359375 0.9580837578125 0.83610384375 0.6313873046875 0.749848353515625 0.642925046875 0.7851593515625 0.9723526328125 0.872282318359375 0.9580837578125
0 0.988341125 0.30738223046875 0.9970726640625 0.07163068359375 0.992564943359375 0.048504091796875 0.91439748046875 0.089953666015625 0.95471460546875 0.30490661328125 0.988341125 0.30738223046875
1 0.935092173828125 0.26475023828125 0.91297203515625 0.121817125 0.852217888671875 0.124341025390625 0.870952658203125 0.264188412109375 0.935092173828125 0.26475023828125
1 0.869708955078125 0.266271494140625 0.852839740234375 0.123299486328125 0.7923545 0.1185628515625 0.80665948046875 0.2677754609375 0.869708955078125 0.266271494140625
1 0.80731974609375 0.265696701171875 0.788815470703125 0.119626 0.72370116015625 0.113886720703125 0.73730745703125 0.266215310546875 0.80731974609375 0.265696701171875
1 0.73979486328125 0.262049146484375 0.722066099609375 0.11078803125 0.656836544921875 0.108160408203125 0.665621693359375 0.26467244921875 0.73979486328125 0.262049146484375
1 0.66807068359375 0.26154350390625 0.65446438671875 0.1092149140625 0.585266025390625 0.10350588671875 0.591679017578125 0.26107243359375 0.66807068359375 0.26154350390625
1 0.5903968984375 0.264192732421875 0.585811046875 0.104538783203125 0.514708716796875 0.102991599609375 0.51626214453125 0.265778814453125 0.5903968984375 0.264192732421875
1 0.515172103515625 0.26371301953125 0.5112081015625 0.103017529296875 0.437848861328125 0.099413193359375 0.438120169921875 0.265320708984375 0.515172103515625 0.26371301953125
1 0.437222208984375 0.258068818359375 0.438585958984375 0.09525999609375 0.36219429296875 0.094788923828125 0.3572146796875 0.2607353359375 0.437222208984375 0.258068818359375
1 0.3538293125 0.257649609375 0.35760363671875 0.092749060546875 0.279108720703125 0.086071962890625 0.2698913984375 0.25619750390625 0.3538293125 0.257649609375
1 0.267051048828125 0.254144673828125 0.27957691015625 0.08917930078125 0.195286052734375 0.08150819921875 0.177240361328125 0.25377300390625 0.267051048828125 0.254144673828125
1 0.195965529296875 0.9608236484375 0.215372568359375 0.704557064453125 0.1110984375 0.716735744140625 0.084529302734375 0.9616491015625 0.195965529296875 0.9608236484375
1 0.303663443359375 0.9506934765625 0.31412687109375 0.6996778125 0.213507015625 0.707681685546875 0.19965821875 0.955611623046875 0.303663443359375 0.9506934765625
1 0.406809119140625 0.937486220703125 0.40809123828125 0.682390828125 0.314011625 0.702789470703125 0.303080005859375 0.950697798828125 0.406809119140625 0.937486220703125
1 0.499594609375 0.810292908203125 0.497548984375 0.67654350390625 0.409457390625 0.6927500546875 0.407649458984375 0.820306392578125 0.499594609375 0.810292908203125
1 0.5900271484375 0.809623037109375 0.585763025390625 0.672779263671875 0.49724166015625 0.6848412578125 0.5012680859375 0.812354380859375 0.5900271484375 0.809623037109375
1 0.6844717109375 0.905358359375 0.6687645625 0.66801669921875 0.59292512109375 0.684132490234375 0.608003212890625 0.9069617265625 0.6844717109375 0.905358359375
1 0.772570505859375 0.904705775390625 0.7484191484375 0.659131189453125 0.66930958203125 0.66904959765625 0.6849398984375 0.908465693359375 0.772570505859375 0.904705775390625