1 0.680468935546875 0.999729869140625 0.671204552734375 0.8358532265625 0.57902394140625 0.825147716796875 0.5841193515625 1 0.680468935546875 0.999729869140625
1 0.780524271484375 0.9989063671875 0.7629219453125 0.844911734375 0.6735206484375 0.833382724609375 0.68371146875 0.999729869140625 0.780524271484375 0.9989063671875
1 0.875020978515625 0.9980828671875 0.856028994140625 0.841617732421875 0.766164478515625 0.845735234375 0.780061052734375 0.9989063671875 0.875020978515625 0.9980828671875
1 0.96673837109375 0.964319337890625 0.9435774140625 0.839147228515625 0.856028994140625 0.838323728515625 0.8727048828125 0.97173084375 0.96673837109375 0.964319337890625
1 1 0.96596633984375 0.999163712890625 0.838323728515625 0.94820960546875 0.83997073046875 0.968128029296875 0.968436841796875 1 0.96596633984375
1 0.93272731640625 0.427540056640625 1 0.419487076171875 0.999850740234375 0.398988580078125 0.97308373046875 0.2767296953125 0.904313107421875 0.27087298046875 0.93272731640625 0.427540056640625
1 0.932315517578125 0.42461169921875 0.904724908203125 0.27087298046875 0.831012681640625 0.26867671484375 0.856956091796875 0.419487076171875 0.932315517578125 0.42461169921875
1 0.85489708984375 0.42168334375 0.833483484375 0.26867671484375 0.758947658203125 0.265748357421875 0.776655064453125 0.420219166015625 0.85489708984375 0.42168334375
1 0.778302265625 0.41729080859375 0.75935945703125 0.265748357421875 0.6868826328125 0.26282 0.69923663671875 0.41363036328125 0.778302265625 0.41729080859375
1 0.698824837890625 0.410702005859375 0.68523543359375 0.265016267578125 0.613582208984375 0.261355822265625 0.620582810546875 0.409237828125 0.698824837890625 0.410702005859375
1 0.618711060546875 0.40752830859375 0.613981703125 0.262123791015625 0.5405375859375 0.26261836328125 0.542484966796875 0.404560869140625 0.618711060546875 0.40752830859375
1 0.4620859140625 0.4015934296875 0.4620859140625 0.402088001953125 0.54109398046875 0.405550015625 0.5397029921875 0.262123791015625 0.467093466796875 0.256683486328125 0.4620859140625 0.4015934296875
1 0.46264230859375 0.401098857421875 0.46681526953125 0.25569433984375 0.392258361328125 0.2497594609375 0.38335604296875 0.39763684375 0.46264230859375 0.401098857421875
1 0.3839124375 0.395163978515625 0.3919801640625 0.2512431796875 0.31631046484375 0.24629744921875 0.30379158203125 0.388239955078125 0.3839124375 0.395163978515625
1 0.21393381640625 0.385272515625 0.230903857421875 0.239867998046875 0.163858279296875 0.234922265625 0.140489697265625 0.380326783203125 0.21393381640625 0.385272515625
1 0.000278197265625 0.282401291015625 0.00055639453125 0.37389733203125 0.053970298828125 0.376864771484375 0.072331328125 0.239867998046875 0.0122406875 0.226514521484375 0.000278197265625 0.282401291015625
1 0.279328767578125 0 0.273385603515625 0.038153654296875 0.3407414765625 0.0440234453125 0.34569411328125 0 0.279328767578125 0
1 0.34569411328125 0 0.34107165234375 0.0440234453125 0.407767173828125 0.047545322265625 0.412059458984375 0 0.34569411328125 0
1 0.67289837890625 0 0.677851017578125 0.066915638671875 0.7432258359375 0.0692635546875 0.735631791015625 0 0.67289837890625 0
1 0.736622318359375 0 0.7445465390625 0.06985053515625 0.808600654296875 0.072198453125 0.798365203125 0 0.736622318359375 0
1 0.79869537890625 0 0.809261005859375 0.072785431640625 0.874966 0.07806824609375 0.86043826171875 0 0.79869537890625 0
1 0.85977791015625 0 0.87529617578125 0.079242205078125 0.93902011328125 0.08335105859375 0.920530265625 0 0.85977791015625 0
1 0.92152079296875 0 0.9367088828125 0.082764080078125 0.999112119140625 0.084525017578125 0.980292095703125 0 0.92152079296875 0
0 0.616438310546875 0 0.620400419921875 0.07689428515625 0.674879435546875 0.08335105859375 0.6712475 0 0.616438310546875 0
0 0.546441029296875 0 0.545780677734375 0.096264603515625 0.603891626953125 0.102134396484375 0.603561451171875 0 0.546441029296875 0
0 0.4817265625 0 0.4810662109375 0.079242205078125 0.5329038203125 0.081003142578125 0.533564171875 0 0.4817265625 0
0 0.410078404296875 0 0.409087876953125 0.0639807421875 0.464557419921875 0.06808959765625 0.464557419921875 0 0.410078404296875 0
0 0.202067619140625 0 0.200086564453125 0.05282813671875 0.255225931640625 0.06339376171875 0.266121734375 0 0.202067619140625 0
0 0.18787005859375 0.04989323828125 0.197114982421875 0 0.13140998828125 0.001173958984375 0.13008928515625 0.041675529296875 0.18787005859375 0.04989323828125
0 0.059761828125 0 0.05877130078125 0.03287083984375 0.11457101953125 0.03463177734375 0.1201840078125 0 0.059761828125 0
0 0.00033017578125 0 0 0.03932761328125 0.050847080078125 0.03756667578125 0.05216778515625 0 0.00033017578125 0
0 0.071317984375 0.23831358984375 0.054479015625 0.37625372265625 0.13273069140625 0.380362578125 0.164757748046875 0.14615784375 0.09707169921875 0.125026587890625 0.071317984375 0.23831358984375
0 0.22617045703125 0.279989119140625 0.21527465234375 0.412059458984375 0.28725298828125 0.41147248046875 0.3083842421875 0.173745869140625 0.24532065625 0.156136490234375 0.22617045703125 0.279989119140625
0 0.2525845234375 1 0.276687361328125 0.798291830078125 0.196784806640625 0.78537828515625 0.16971038671875 1 0.2525845234375 1
0 0.37871169921875 1 0.3863057421875 0.803574642578125 0.30475230859375 0.807683498046875 0.296828087890625 1 0.37871169921875 1
0 0.475123046875 1 0.4771041015625 0.825879857421875 0.4057861171875 0.815314228515625 0.39555066796875 1 0.475123046875 1
0 0.584411251953125 0.999625724609375 0.577807734375 0.8264668359375 0.49889570703125 0.825879857421875 0.50087676171875 0.999625724609375 0.584411251953125 0.999625724609375