1 0.866657576171875 0.75339601171875 0.853224708984375 0.484748095703125 0.761726837890625 0.490847955078125 0.770814259765625 0.752156978515625 0.866657576171875 0.75339601171875
1 0.454644166015625 0.743992064453125 0.465873130859375 0.522014416015625 0.38366801171875 0.527494755859375 0.371677154296875 0.74316604296875 0.454644166015625 0.743992064453125
1 0.36737877734375 0.74218116796875 0.38297201171875 0.530084021484375 0.306447857421875 0.53009990625 0.28587907421875 0.746343052734375 0.36737877734375 0.74218116796875
1 0.28728048828125 0.742435330078125 0.30293019921875 0.53796300390625 0.234353865234375 0.54889191796875 0.212929052734375 0.746120662109375 0.28728048828125 0.742435330078125
1 0.78383741015625 0 0.784062390625 0.030372208984375 0.87917292578125 0 0.78383741015625 0
1 0.698395208984375 0 0.698405509765625 0.052611275390625 0.784777216796875 0.0303245546875 0.78455258984375 0 0.698395208984375 0
0 0.6161948671875 0 0.6134916953125 0.078615099609375 0.679161658203125 0.0615227890625 0.6811724453125 0 0.6161948671875 0
0 0.534851259765625 0 0.533468712890625 0.089035689453125 0.5998535 0.071895724609375 0.602529880859375 0 0.534851259765625 0
0 0.4622732109375 0 0.46144061328125 0.116723328125 0.5235646796875 0.103681703125 0.5307852265625 0 0.4622732109375 0
0 0.39144518359375 0 0.390033208984375 0.13165526953125 0.454969517578125 0.112069005859375 0.45807203125 0 0.39144518359375 0
0 0.325305296875 0 0.325661115234375 0.130861017578125 0.384972939453125 0.124364033203125 0.389374666015625 0 0.325305296875 0
0 0.2721112109375 0 0.270064626953125 0.15618178125 0.32787148828125 0.139613677734375 0.32869169140625 0 0.2721112109375 0
0 0.200300634765625 0 0.187745958984375 0.04978373828125 0.20936962890625 0.07249935546875 0.226920251953125 0.0281006484375 0.243464822265625 0.040983421875 0.259622564453125 0 0.200300634765625 0
0 0.271710201171875 0.08868621875 0.270092279296875 0.063365453125 0.227635078125 0.028052994140625 0.186928173828125 0.13248129296875 0.16850328515625 0.25195273046875 0.220055556640625 0.259958794921875 0.271710201171875 0.08868621875
0 0.1606307734375 0.251206134765625 0.174776701171875 0.229920169921875 0.186937587890625 0.13375209765625 0.205108904296875 0.076597697265625 0.1762898984375 0.04800461328125 0.13977782421875 0.139438943359375 0.126892697265625 0.234383869140625 0.1606307734375 0.251206134765625
0 0.7308310078125 0.761179685546875 0.738899435546875 0.498726939453125 0.665921177734375 0.49469213671875 0.65569885546875 0.756017046875 0.7308310078125 0.761179685546875
0 0.630924654296875 0.790725873046875 0.63665091796875 0.5017292109375 0.561575244140625 0.50419139453125 0.55302732421875 0.798461890625 0.630924654296875 0.790725873046875
0 0.53140365625 0.7757462734375 0.539669763671875 0.539980404296875 0.475260015625 0.5341029375 0.459902119140625 0.7779701796875 0.53140365625 0.7757462734375
0 0.1771676953125 0.552704328125 0.154312642578125 0.653399640625 0.138314634765625 0.810852228515625 0.2048312109375 0.811503515625 0.231475728515625 0.5465409296875 0.1771676953125 0.552704328125
0 0.1157208046875 0.56061508203125 0.091407857421875 0.65759329296875 0.0732841953125 0.817730451171875 0.13839935546875 0.8222894609375 0.16934225 0.55831175 0.1157208046875 0.56061508203125