0 0.79774357421875 0.4812660234375 0.838143087890625 0.18345340234375 0.764288091796875 0.165514052734375 0.722024841796875 0.466305771484375 0.79774357421875 0.4812660234375
0 0.690521244140625 0.464751458984375 0.711340748046875 0.174839923828125 0.62245533984375 0.17215226171875 0.6125591953125 0.45118361328125 0.690521244140625 0.464751458984375
0 0.595625470703125 0.446812109375 0.616347830078125 0.1358526015625 0.53952992578125 0.138734556640625 0.522822873046875 0.43596430859375 0.595625470703125 0.446812109375
0 0.502276814453125 0.43444237890625 0.505416017578125 0.101139638671875 0.4237606796875 0.10444255078125 0.43233278125 0.429261337890625 0.502276814453125 0.43444237890625
1 0.422335892578125 0.42696225390625 0.42583489453125 0.178628560546875 0.33490765234375 0.171893208984375 0.3377302421875 0.41524015234375 0.422335892578125 0.42696225390625
1 0.334526271484375 0.418899259765625 0.329776984375 0.1683960078125 0.238951705078125 0.160888919921875 0.248417896484375 0.402390119140625 0.334526271484375 0.418899259765625
1 0.244075177734375 0.4012891484375 0.2353105859375 0.1645156484375 0.144598078125 0.164809794921875 0.1600350546875 0.39896039453125 0.244075177734375 0.4012891484375
1 0.156370474609375 0.400247517578125 0.146055169921875 0.2763559140625 0.063174728515625 0.277230216796875 0.072466419921875 0.3932531171875 0.156370474609375 0.400247517578125
1 0 0.387554583984375 0.07063146875 0.395455056640625 0.057986494140625 0.275287326171875 0 0.276290671875 0 0.387554583984375
1 0 0.95441190234375 0.00030785546875 0.956788294921875 0.069992833984375 0.96896373828125 0.05286841796875 0.804044779296875 0 0.798443650390625 0 0.95441190234375
1 0.142881783203125 0.9774800703125 0.127943119140625 0.81272301953125 0.054588236328125 0.804951458984375 0.07223615234375 0.96757133203125 0.142881783203125 0.9774800703125
1 0.21533358203125 0.985964021484375 0.205174787109375 0.822340322265625 0.13138275390625 0.814536380859375 0.144222015625 0.97680005859375 0.21533358203125 0.985964021484375
1 0.29087421484375 0.993897490234375 0.2854952890625 0.831407140625 0.210041005859375 0.82114220703125 0.21877321484375 0.98777738671875 0.29087421484375 0.993897490234375
1 0.365596529296875 1 0.364417990234375 0.842708283203125 0.286283240234375 0.833803373046875 0.292651599609375 0.993249859375 0.363378076171875 1 0.365596529296875 1
1 0.441314744140625 1 0.44468092578125 0.8533294140625 0.368352341796875 0.842999716796875 0.36730183203125 1 0.441314744140625 1
1 0.51789856640625 1 0.524069560546875 0.863885783203125 0.448235693359375 0.852034154296875 0.44357337109375 1 0.51789856640625 1
1 0.5984272421875 1 0.60669094921875 0.870005884765625 0.528935779296875 0.862687666015625 0.5219405390625 1 0.5984272421875 1
1 0.68080349609375 1 0.6899563671875 0.882407998046875 0.61141325 0.872693548828125 0.601631642578125 1 0.68080349609375 1
1 0.845520974609375 1 0.8600419765625 0.90591696484375 0.7866007421875 0.900476873046875 0.7719017734375 1 0.845520974609375 1
0 0.769618736328125 1 0.785105796875 0.88166322265625 0.713378984375 0.865440095703125 0.693973431640625 1 0.769618736328125 1
0 0.94203241015625 1 0.950623814453125 0.9219781875 0.86849174609375 0.90264643359375 0.853599703125 1 0.94203241015625 1