1 0.45142819140625 1 0.46014091796875 0.963240421875 0.38771637109375 0.906123654296875 0.3594000078125 1 0.45142819140625 1
1 0.358310916015625 0.997123251953125 0.38499364453125 0.906123654296875 0.313113642578125 0.85675153125 0.26737182421875 0.996155169921875 0.358310916015625 0.997123251953125
1 0.967152216796875 0.737517197265625 0.977221474609375 0.557613123046875 0.885087765625 0.52270636328125 0.86998387890625 0.691869896484375 0.967152216796875 0.737517197265625
1 0.86998387890625 0.695450076171875 0.884584302734375 0.52270636328125 0.798995611328125 0.49495996484375 0.776843244140625 0.6506978203125 0.86998387890625 0.695450076171875
1 0.779864021484375 0.65159286328125 0.79949907421875 0.495855009765625 0.7164276953125 0.46184329296875 0.69075108984375 0.61489601171875 0.779864021484375 0.65159286328125
1 0.6897441640625 0.61400096875 0.71693116015625 0.467213564453125 0.64241865234375 0.435886984375 0.6096935625 0.58177934375 0.6897441640625 0.61400096875
1 0.611203951171875 0.580884296875 0.64292211328125 0.435886984375 0.572940771484375 0.410825720703125 0.536691443359375 0.54687258203125 0.611203951171875 0.580884296875
1 0.53719490625 0.545977537109375 0.57243730859375 0.412615810546875 0.509504447265625 0.386659501953125 0.469227416015625 0.51823113671875 0.53719490625 0.545977537109375
1 0.46973087890625 0.5128608671875 0.5069871328125 0.391134728515625 0.4485854375 0.36517841796875 0.40327377734375 0.49048473828125 0.46973087890625 0.5128608671875
1 0.407804943359375 0.492274830078125 0.447075048828125 0.36607346484375 0.38917681640625 0.344592380859375 0.34487208203125 0.46184329296875 0.407804943359375 0.492274830078125
1 0.344368619140625 0.46273833984375 0.38917681640625 0.34548742578125 0.3337958984375 0.32490138671875 0.2874773125 0.440362208984375 0.344368619140625 0.46273833984375
1 0.28848423828125 0.43767707421875 0.3337958984375 0.327586521484375 0.28042883203125 0.307895529296875 0.23461370703125 0.4153009453125 0.28848423828125 0.43767707421875
1 0.995048732421875 0.3365861875 1 0.2108936015625 0.926719205078125 0.19739641015625 0.91485644140625 0.312966103515625 0.995048732421875 0.3365861875
1 0.9143819296875 0.312966103515625 0.92577018359375 0.2033014296875 0.85269555078125 0.1855863671875 0.83513866015625 0.2918767421875 0.9143819296875 0.312966103515625
1 0.76348755859375 0.273318107421875 0.835613169921875 0.29018959375 0.85127201953125 0.18389921875 0.850797509765625 0.18389921875 0.7829424921875 0.167027732421875 0.76348755859375 0.273318107421875
1 0.762538537109375 0.27247453125 0.7829424921875 0.167027732421875 0.7150874765625 0.154374115234375 0.69231096875 0.2530723203125 0.762538537109375 0.27247453125
1 0.69231096875 0.2530723203125 0.714612966796875 0.153530541015625 0.653875609375 0.14087692578125 0.62682850390625 0.236200833984375 0.69231096875 0.2530723203125
1 0.38862418359375 0.162809859375 0.415671287109375 0.080139568359375 0.387200650390625 0.075078123046875 0.35161235546875 0.15690483984375 0.38862418359375 0.162809859375
1 0.35161235546875 0.156061265625 0.386726140625 0.078452419921875 0.3430711640625 0.065798802734375 0.30511031640625 0.145094796875 0.35161235546875 0.156061265625
1 0.1667072109375 0.37929383203125 0.20564612109375 0.27545673828125 0.183742984375 0.271851283203125 0.13588057421875 0.37136183203125 0.1667072109375 0.37929383203125
1 0.070982388671875 0.3381916484375 0.11438305078125 0.243007646484375 0.09937534375 0.235796736328125 0.049890478515625 0.328096375 0.070982388671875 0.3381916484375
1 0.05151293359375 0.328096375 0.09734727734375 0.238681099609375 0.05597468359375 0.22714364453125 0.00770666015625 0.31511673828125 0.05151293359375 0.328096375
1 0 0.24949746484375 0.00040561328125 0.31151128515625 0.005678591796875 0.316558919921875 0.058002751953125 0.22714364453125 0.02230875 0.21127964453125 0 0.24949746484375
1 0.121352087890625 0.093691517578125 0.15082330859375 0.011711439453125 0.14388890234375 0.01047865625 0.0991619921875 0.089376775390625 0.121352087890625 0.093691517578125
1 0.0350250546875 0.069035853515625 0.076631484375 0.001232783203125 0.039879138671875 0 0.00069975 0.061022763671875 0.0350250546875 0.069035853515625
0 0.165902849609375 0.999195740234375 0.26746664453125 0.999195740234375 0.3111252890625 0.8545860546875 0.245867103515625 0.808016833984375 0.2123188828125 0.870109126953125 0.165902849609375 0.999195740234375
0 0.180608919921875 0.768800646484375 0.1332737578125 0.85050103515625 0.068934703125 0.995927724609375 0.165902849609375 0.999195740234375 0.1994510703125 0.897070255859375 0.23621624609375 0.81455286328125 0.180608919921875 0.768800646484375
0 0.086857724609375 0.795761775390625 0.0344673515625 0.925665392578125 0.082262078125 0.974685623046875 0.135571580078125 0.84396500390625 0.180608919921875 0.7622646171875 0.132814193359375 0.70915936328125 0.086857724609375 0.795761775390625
0 0 0.919129361328125 0.01378694140625 0.922397376953125 0.10799769921875 0.73366948046875 0.097427712890625 0.695270298828125 0.057905150390625 0.66912617578125 0 0.7557285859375 0 0.919129361328125
0 0.15211591015625 0.17810684375 0.1070785703125 0.250820189453125 0.08134294921875 0.345592640625 0.1300568046875 0.368468748046875 0.200370201171875 0.2222250546875 0.18198761328125 0.19117890625 0.15211591015625 0.17810684375
0 0.2288632109375 0.21814003515625 0.190719341796875 0.3031084375 0.161766767578125 0.40931894140625 0.220591046875 0.421574 0.28217271484375 0.270428283203125 0.257356220703125 0.233663107421875 0.2288632109375 0.21814003515625
0 0.61995275390625 0.2516371953125 0.651662716796875 0.11274653515625 0.600651037109375 0.0906874296875 0.562047603515625 0.23039509375 0.61995275390625 0.2516371953125
0 0.54412458203125 0.052288248046875 0.51471244140625 0.14215867578125 0.493572466796875 0.24346715625 0.54688196875 0.2516371953125 0.59054061328125 0.09885746875 0.569400638671875 0.069445330078125 0.54412458203125 0.052288248046875
0 0.46507945703125 0.12091657421875 0.442560787109375 0.20506797265625 0.492653337890625 0.2254930703125 0.533095029296875 0.075981361328125 0.490815078125 0.058824279296875 0.46507945703125 0.12091657421875
0 0.4347481875 0.0408501953125 0.410391259765625 0.0923214375 0.388332154296875 0.19117890625 0.437965140625 0.20506797265625 0.47978552734375 0.071079337890625 0.46048380859375 0.047386224609375 0.4347481875 0.0408501953125
0 0.292742701171875 0.0016340078125 0.266547515625 0.057190271484375 0.244028845703125 0.147877701171875 0.2899853125 0.158498751953125 0.3409969921875 0.047386224609375 0.319857017578125 0.0130720625 0.292742701171875 0.0016340078125
0 0.257356220703125 0.00245101171875 0.226105822265625 0.045752216796875 0.200829765625 0.1299036171875 0.247245796875 0.142975677734375 0.2683857734375 0.065360310546875 0.28401097265625 0.02369311328125 0.257356220703125 0.00245101171875
0 0.21139975390625 0 0.187961953125 0.03186315234375 0.161766767578125 0.11111252734375 0.20358715234375 0.121733578125 0.2256462578125 0.053105251953125 0.241731021484375 0.01552307421875 0.21139975390625 0
0 0.155332861328125 0 0.1364907109375 0.03676517578125 0.119027251953125 0.108661515625 0.159468943359375 0.1168315546875 0.184745001953125 0.03676517578125 0.2026680234375 0.00408501953125 0.19347673046875 0 0.155332861328125 0
0 0.079504689453125 0 0.06525818359375 0.02532712109375 0.05009255078125 0.09885746875 0.094210759765625 0.0939554453125 0.144762875 0 0.079504689453125 0