0 0.907470978515625 0.95513798046875 0.86104774609375 0.636542126953125 0.781011341796875 0.62831790625 0.8176491796875 0.948964927734375 0.907470978515625 0.95513798046875
0 0.767489884765625 0.946308171875 0.74613816015625 0.643672392578125 0.666310125 0.6401365625 0.68653370703125 0.932203921875 0.767489884765625 0.946308171875
0 0.67886623046875 0.967093380859375 0.65414798046875 0.6479700859375 0.576610419921875 0.651525451171875 0.598829822265625 0.95886916015625 0.67891832421875 0.968265478515625 0.67886623046875 0.967093380859375
0 0.5694573671875 0.9942860625 0.553534734375 0.6508417265625 0.48547001171875 0.645313330078125 0.482012322265625 0.98233066015625 0.5694573671875 0.9942860625
0 1 0.20813684765625 0.9821987578125 0.029102185546875 0.88396226953125 0.026191474609375 0.91866940234375 0.2145086015625 1 0.208730412109375 1 0.20813684765625
0 0.73232205078125 0.021698431640625 0.756013087890625 0.243635244140625 0.83589321484375 0.248343171875 0.80880146484375 0.02396448828125 0.73232205078125 0.021698431640625
1 0.910914017578125 0.217790474609375 0.884519015625 0.068347943359375 0.813921255859375 0.0650856015625 0.8318494765625 0.21661837890625 0.910914017578125 0.217790474609375
1 0.74143837109375 0.2268156328125 0.724412015625 0.065945140625 0.645712126953125 0.072977732421875 0.65730776171875 0.2301756484375 0.74143837109375 0.2268156328125
1 0.65949405078125 0.234922646484375 0.646371431640625 0.072997265625 0.5667517734375 0.074149830078125 0.57576227734375 0.232441705078125 0.65949405078125 0.234922646484375
1 0.57713298046875 0.233652873046875 0.566855958984375 0.076494025390625 0.49134841015625 0.081280095703125 0.49498028515625 0.2370714921875 0.57713298046875 0.233652873046875
1 0.496958201171875 0.23713009765625 0.490741197265625 0.082432658203125 0.41452225 0.08602709375 0.416679236328125 0.238263125 0.496958201171875 0.23713009765625
1 0.4171629921875 0.2352129296875 0.415458890625 0.08120437109375 0.343310763671875 0.08609669921875 0.34020075390625 0.238556607421875 0.4171629921875 0.2352129296875
1 0.339200583984375 0.242745001953125 0.341299669921875 0.085334103515625 0.26893254296875 0.085298908203125 0.260894029296875 0.242533822265625 0.339200583984375 0.242745001953125
1 0.260442599609375 0.2412830390625 0.26684875 0.08356892578125 0.19576919921875 0.087219779296875 0.184304240234375 0.24560641796875 0.260442599609375 0.2412830390625
1 0.182841384765625 0.243918240234375 0.195879 0.089690283203125 0.124616451171875 0.089223630859375 0.108945919921875 0.246663244140625 0.182841384765625 0.243918240234375
1 0.10848269921875 0.24664951953125 0.123190193359375 0.08835895703125 0.055499580078125 0.09539988671875 0.035403875 0.24695146875 0.10848269921875 0.24664951953125
1 0.03473363671875 0.2526885234375 0.055852998046875 0.092943109375 0.0052157109375 0.088153080078125 0.011272810546875 0.253638220703125 0.03473363671875 0.2526885234375
1 0.119253404296875 0.770025396484375 0.128086591796875 0.646102265625 0.0454631640625 0.650233494140625 0.035507955078125 0.759319888671875 0.119253404296875 0.770025396484375
1 0.207838060546875 0.77511737890625 0.2143185546875 0.650302119140625 0.12965925 0.650260943359375 0.119606822265625 0.767568623046875 0.207838060546875 0.77511737890625
1 0.294781435546875 0.8994110859375 0.301842955078125 0.662764431640625 0.21435515625 0.651125619140625 0.203271064453125 0.890942751953125 0.294781435546875 0.8994110859375
1 0.390704400390625 0.903075666015625 0.392158109375 0.6547490234375 0.3033058125 0.66445260546875 0.29706093359375 0.8986562109375 0.390704400390625 0.903075666015625
1 0.485420708984375 0.910816572265625 0.47956012890625 0.654049046875 0.392158109375 0.6547490234375 0.391704041015625 0.904750115234375 0.485420708984375 0.910816572265625