0 0.776885197265625 0.877680078125 0.76343353515625 0.60993210546875 0.68956376171875 0.60143631640625 0.693806208984375 0.873987677734375 0.776885197265625 0.877680078125
0 0.673405431640625 0.89784123046875 0.662409921875 0.6119580234375 0.58771780078125 0.602122515625 0.595821474609375 0.8996057421875 0.673405431640625 0.89784123046875
0 0.570900501953125 0.8776473984375 0.567017490234375 0.63247861328125 0.50097364453125 0.6204211328125 0.49884969921875 0.874445140625 0.570900501953125 0.8776473984375
0 0.201278107421875 0.615194990234375 0.180817265625 0.714970134765625 0.176381322265625 0.874368642578125 0.24604934765625 0.871038330078125 0.25800983203125 0.616645291015625 0.201278107421875 0.615194990234375
0 0.14166816796875 0.61575899609375 0.121095419921875 0.704818046875 0.110943333984375 0.877886958984375 0.174998169921875 0.88073383984375 0.192571841796875 0.620163607421875 0.14166816796875 0.61575899609375
0 0.209572529296875 0.323545126953125 0.2271652421875 0.30623494921875 0.238530267578125 0.283886912109375 0.2718931484375 0.141585314453125 0.22263673828125 0.09368984375 0.18877644140625 0.188358607421875 0.177705884765625 0.29546682421875 0.209572529296875 0.323545126953125
0 0.13532181640625 0.27834765625 0.166997451171875 0.30356082421875 0.181840431640625 0.28517622265625 0.181669318359375 0.258506611328125 0.189440990234375 0.19029257421875 0.2038581796875 0.14141818359375 0.17047142578125 0.106606818359375 0.143714267578125 0.187308060546875 0.13532181640625 0.27834765625
0 0.2222268671875 0.0955760546875 0.241383462890625 0.10975846484375 0.26968062890625 0.011985806640625 0.205215140625 0.009120673828125 0.193858072265625 0.047656708984375 0.1876343671875 0.114987330078125 0.205688681640625 0.13673846484375 0.2222268671875 0.0955760546875
0 0.326087931640625 0.014492796875 0.27505275390625 0.01222456640625 0.26536701171875 0.107967755859375 0.27357243359375 0.214980466796875 0.3259287578125 0.204928626953125 0.326087931640625 0.014492796875
0 0.386188072265625 0.200941314453125 0.38947899609375 0.017310177734375 0.32931120703125 0.014636052734375 0.322876595703125 0.10290601953125 0.329279373046875 0.20698197265625 0.329343041015625 0.207937015625 0.386188072265625 0.200941314453125
0 0.4507212109375 0.0200320546875 0.39216505859375 0.01742955859375 0.3899525390625 0.14492796875 0.4015483671875 0.206385068359375 0.45355848828125 0.199174484375 0.4507212109375 0.0200320546875
0 0.453944484375 0.020175310546875 0.4609879375 0.20617018359375 0.52238534765625 0.203185669921875 0.52324488671875 0.023255328125 0.453944484375 0.020175310546875
0 0.53184028515625 0.023637345703125 0.534824796875 0.18088538671875 0.599509150390625 0.178999173828125 0.59469413671875 0.026430849609375 0.53184028515625 0.023637345703125
0 0.6081244453125 0.02702775390625 0.61129996875 0.187140927734375 0.676740396484375 0.180527244140625 0.6677550234375 0.029678001953125 0.6081244453125 0.02702775390625
1 0.68655745703125 0.0305136640625 0.692156404296875 0.170738041015625 0.7777562265625 0.161211474609375 0.77036259375 0.034238337890625 0.68655745703125 0.0305136640625
1 0.770899806640625 0.034262212890625 0.778766984375 0.16030418359375 0.869038564453125 0.140510890625 0.859539853515625 0.038201771484375 0.770899806640625 0.034262212890625
1 0.859539853515625 0.038201771484375 0.86992198046875 0.137693509765625 0.963106447265625 0.129456251953125 0.95140317578125 0.0422845859375 0.859539853515625 0.038201771484375
1 0.896038462890625 0.874916064453125 0.8635510390625 0.61256540234375 0.78224095703125 0.606094978515625 0.810685359375 0.87207480859375 0.896038462890625 0.874916064453125
1 0.49280284765625 0.836045763671875 0.489185619140625 0.613066798828125 0.408349078125 0.60566520703125 0.411210232421875 0.833371640625 0.49280284765625 0.836045763671875
1 0.4074776015625 0.825588029296875 0.407119458984375 0.611323845703125 0.3309904921875 0.602227048828125 0.323099439453125 0.813267958984375 0.4074776015625 0.825588029296875
1 0.326195373046875 0.811501126953125 0.33007922265625 0.61266090625 0.25831162109375 0.6047101640625 0.247253005859375 0.800374859375 0.326195373046875 0.811501126953125