0 0.008482435546875 0.286282201171875 0.039862255859375 0.278923568359375 0.024771322265625 0.0001834921875 0.000113546875 0.003832177734375 0.008482435546875 0.286282201171875
0 0.077633470703125 0.0005750625 0.08599911328125 0.30569424609375 0.167789703125 0.309899705078125 0.16881259375 0.00274119140625 0.077633470703125 0.0005750625
0 0.1815948125 0.001345146484375 0.19141728125 0.31007472265625 0.2751264140625 0.310694791015625 0.271379609375 0.00201021875 0.1815948125 0.001345146484375
0 0.30378314453125 0.00225024609375 0.30124148828125 0.326486513671875 0.377667046875 0.331852099609375 0.396312416015625 0.004426375 0.30378314453125 0.00225024609375
1 0.390771810546875 0.090775796875 0.3858034921875 0.33311223828125 0.4691575859375 0.344528482421875 0.481693953125 0.107047572265625 0.390771810546875 0.090775796875
1 0.4865261484375 0.11068296875 0.4732435859375 0.3457586171875 0.553790708984375 0.353554466796875 0.57286501171875 0.13172026171875 0.4865261484375 0.11068296875
1 0.5763115 0.13414552734375 0.55602928515625 0.360770255859375 0.63323659765625 0.369741234375 0.65465616015625 0.1587232109375 0.5763115 0.13414552734375
1 0.647872640625 0.271460509765625 0.63618580859375 0.37816215234375 0.70802809375 0.3882932578125 0.7192176484375 0.28758726953125 0.647872640625 0.271460509765625
1 0.7253644296875 0.290032537109375 0.71211409375 0.389523390625 0.776566126953125 0.400799623046875 0.794115818359375 0.3097396875 0.7253644296875 0.290032537109375
1 0.809072451171875 0.245057630859375 0.783423541015625 0.40445001953125 0.8464898671875 0.414516119140625 0.87750325 0.23116611328125 0.816319908203125 0.216314494140625 0.809072451171875 0.245057630859375
1 0.880203544921875 0.231186115234375 0.84513971875 0.414506119140625 0.908134927734375 0.422171955078125 0.94302151171875 0.25564878515625 0.880203544921875 0.231186115234375
1 0.77042696484375 0.763543224609375 0.745717025390625 0.905829052734375 0.7977148984375 0.90031314453125 0.8249961953125 0.764790453125 0.77042696484375 0.763543224609375
1 0.707295390625 0.7613895625 0.685006908203125 0.90537934765625 0.741298443359375 0.90073825390625 0.765733953125 0.765194484375 0.707295390625 0.7613895625
1 0.63987015234375 0.75836108203125 0.62147598828125 0.9057517578125 0.682111154296875 0.903671873046875 0.702552412109375 0.761354427734375 0.63987015234375 0.75836108203125
1 0.5709720546875 0.753635671875 0.555074296875 0.90525989453125 0.618530265625 0.902357892578125 0.6379979453125 0.759190224609375 0.5709720546875 0.753635671875
1 0.498928755859375 0.7547880390625 0.48535251953125 0.904743435546875 0.55312713671875 0.903559447265625 0.567701935546875 0.755297470703125 0.498928755859375 0.7547880390625
1 0.422991142578125 0.752539515625 0.41440771875 0.9109620078125 0.482481748046875 0.90387916015625 0.497455896484375 0.753091107421875 0.422991142578125 0.752539515625
1 0.34001401171875 0.752767880859375 0.3352749375 0.91290487109375 0.41048841796875 0.906717919921875 0.4197210234375 0.75420131640625 0.34001401171875 0.752767880859375
1 0.25319253125 0.75128175 0.2533213515625 0.9156698515625 0.333702142578125 0.907835154296875 0.338041869140625 0.750224240234375 0.25319253125 0.75128175
1 0.161653056640625 0.7506036796875 0.1666997421875 0.9209292890625 0.24942703515625 0.9122689609375 0.248474537109375 0.752089810546875 0.161653056640625 0.7506036796875
1 0.064871322265625 0.749043767578125 0.075709513671875 0.92278431640625 0.1621312578125 0.910779314453125 0.157359392578125 0.74972886328125 0.064871322265625 0.749043767578125
0 0.0215849140625 0.728490861328125 0.029479728515625 0.99494082421875 0.052170681640625 0.976562662109375 0.061130810546875 0.910874173828125 0.044351599609375 0.744676712890625 0.0215849140625 0.728490861328125