1 1 0.363194978515625 0.9880288515625 0.247594095703125 0.88547827734375 0.2774902421875 0.912234083984375 0.4394276875 1 0.4037936875 1 0.363194978515625
1 0.79686941796875 0.311610666015625 0.8297892734375 0.458521935546875 0.913040904296875 0.4334824140625 0.8851119609375 0.27907840234375 0.79686941796875 0.311610666015625
1 0.643851177734375 0.368965826171875 0.683657435546875 0.496979583984375 0.74423438671875 0.476616654296875 0.711739291015625 0.348819521484375 0.643851177734375 0.368965826171875
1 0.521729884765625 0.424180201171875 0.559634283203125 0.52463137109375 0.60706601953125 0.51228363671875 0.575872806640625 0.4043906953125 0.521729884765625 0.424180201171875
1 0.4687752265625 0.439420541015625 0.50802080078125 0.54220363671875 0.55743297265625 0.5222739609375 0.522108982421875 0.42189924609375 0.4687752265625 0.439420541015625
1 0.41656176953125 0.449334408203125 0.459264880859375 0.552984009765625 0.505887451171875 0.542904486328125 0.46750201171875 0.44014687890625 0.41656176953125 0.449334408203125
1 0.47676599609375 0.779664951171875 0.44212162109375 0.709872859375 0.402657296875 0.71328791796875 0.443698904296875 0.789037525390625 0.47676599609375 0.779664951171875
1 0.442930787109375 0.7076046484375 0.47766011328125 0.781219568359375 0.500351783203125 0.777307541015625 0.476408138671875 0.705540322265625 0.442930787109375 0.7076046484375
1 0.52673926171875 0.6967218046875 0.559513236328125 0.772504111328125 0.589002755859375 0.771144703125 0.562778296875 0.6933232890625 0.52673926171875 0.6967218046875
1 0.808266162109375 0.66095821875 0.8343338828125 0.75999011328125 0.897588224609375 0.751815046875 0.877164525390625 0.65239208984375 0.808266162109375 0.66095821875
1 0.88024491796875 0.6496918984375 0.90196284765625 0.750828080078125 0.97227958984375 0.749561783203125 0.9566976171875 0.64190789453125 0.88024491796875 0.6496918984375
0 1 0.617338880859375 0.954981287109375 0.621200208984375 0.982332375 0.80624720703125 1 0.807340982421875 1 0.617338880859375
0 0.76051076953125 0.75891934765625 0.78096705859375 0.831545220703125 0.81216825 0.822420431640625 0.8285501953125 0.810623380859375 0.794682951171875 0.643248677734375 0.73702297265625 0.648798041015625 0.76051076953125 0.75891934765625
0 0.69716952734375 0.7631837890625 0.721073990234375 0.82139621875 0.76321173828125 0.809804013671875 0.731561291015625 0.67152621484375 0.718040154296875 0.6566099765625 0.67562540234375 0.66986885546875 0.69716952734375 0.7631837890625
0 0.632513103515625 0.750660482421875 0.661354728515625 0.81906846875 0.701156189453125 0.80126581640625 0.6637833515625 0.673984322265625 0.619284486328125 0.678248765625 0.632513103515625 0.750660482421875
0 0.5818906953125 0.762001291015625 0.608507767578125 0.829226779296875 0.649818388671875 0.808677380859375 0.61685353515625 0.6960421015625 0.60829826953125 0.678481537109375 0.56436582421875 0.679971298828125 0.5818906953125 0.762001291015625
0 0.496097505859375 0.77341658984375 0.52267733203125 0.838966095703125 0.56091144140625 0.807159685546875 0.52331979296875 0.6982953671875 0.51393351953125 0.685734814453125 0.477063474609375 0.69413334375 0.496097505859375 0.77341658984375
0 0.37812027734375 0.7780525234375 0.408326609375 0.837919189453125 0.4245963671875 0.829067611328125 0.443794244140625 0.80163550390625 0.398256849609375 0.706949798828125 0.365472048828125 0.713615015625 0.37812027734375 0.7780525234375
0 0.32861287890625 0.773191583984375 0.366432560546875 0.832011060546875 0.392153552734375 0.808166283203125 0.377872041015625 0.77762091015625 0.365770994140625 0.7378065 0.3532713515625 0.723011416015625 0.325809171875 0.722197720703125 0.32861287890625 0.773191583984375
0 0.186725248046875 0.670559978515625 0.2254559140625 0.716678751953125 0.24738084375 0.672357181640625 0.243390203125 0.664602322265625 0.232644134765625 0.664283921875 0.21422457421875 0.640828298828125 0.194852755859375 0.60673805078125 0.180911462890625 0.62371949609375 0.167654732421875 0.6178113671875 0.168500265625 0.63438242578125 0.186725248046875 0.670559978515625
0 0.115774650390625 0.592091556640625 0.15529070703125 0.630596978515625 0.1606257109375 0.61293627734375 0.13406154296875 0.577360154296875 0.113068232421875 0.5347367265625 0.10974033984375 0.51384955078125 0.099855134765625 0.50931408984375 0.092232943359375 0.542180259765625 0.115774650390625 0.592091556640625
0 0.155249431640625 0.607261646484375 0.18137962890625 0.623309109375 0.197862833984375 0.602584671875 0.183920361328125 0.55507908203125 0.13417003515625 0.496330359375 0.119518234375 0.492077923828125 0.107820494140625 0.51336841015625 0.134834552734375 0.57992859765625 0.155249431640625 0.607261646484375
0 0.19793830859375 0.6059809609375 0.232948974609375 0.667262748046875 0.258886951171875 0.65318230078125 0.23680341015625 0.61519339453125 0.2139273984375 0.54154345703125 0.204683125 0.53363293359375 0.180828322265625 0.54480530859375 0.19793830859375 0.6059809609375
0 0.231075119140625 0.60441725390625 0.26916190625 0.664517416015625 0.292139921875 0.64610669921875 0.2650851796875 0.588454697265625 0.25016214453125 0.5290408671875 0.236390076171875 0.5214204453125 0.209870720703125 0.53081684375 0.231075119140625 0.60441725390625
0 0.26408280078125 0.586303712890625 0.29968428125 0.652694083984375 0.329961373046875 0.62983281640625 0.2984666875 0.56568541015625 0.28317926171875 0.51135186328125 0.273438517578125 0.5025781171875 0.245762888671875 0.51363728125 0.26408280078125 0.586303712890625
0 0.297750283203125 0.56566418359375 0.332167189453125 0.632443712890625 0.358632890625 0.60989376953125 0.337746302734375 0.5613339140625 0.328152375 0.505472037109375 0.311366689453125 0.480367802734375 0.27704235546875 0.49292699609375 0.297750283203125 0.56566418359375
0 0.337077068359375 0.563435369140625 0.3755695234375 0.64179058203125 0.414675783203125 0.60816024609375 0.39027616015625 0.55185968359375 0.37078759375 0.491037810546875 0.35763758984375 0.47919325390625 0.340004009765625 0.480367802734375 0.326395859375 0.50160168359375 0.337077068359375 0.563435369140625
0 0.385694708984375 0.538996240234375 0.4185154765625 0.609122529296875 0.454344556640625 0.578364888671875 0.3980416328125 0.45026819140625 0.36218071484375 0.458115033203125 0.385694708984375 0.538996240234375
0 0.607798439453125 0.51418210546875 0.64204612109375 0.605563501953125 0.697636541015625 0.5834686328125 0.641793986328125 0.390176494140625 0.62815694140625 0.377893248046875 0.57573416796875 0.40292533984375 0.607798439453125 0.51418210546875
0 0.739015474609375 0.4480676796875 0.7687701484375 0.552043650390625 0.82769891796875 0.540567560546875 0.781420373046875 0.305140185546875 0.708826830078125 0.32456305078125 0.739015474609375 0.4480676796875