1 1 0.063072142578125 0.990858228515625 0.024182990234375 0.921450267578125 0.038104431640625 0.9587376171875 0.18737919140625 1 0.184266369140625 1 0.063072142578125
1 0.9587376171875 0.18737919140625 0.921846388671875 0.03499409375 0.84789614453125 0.040828658203125 0.883751068359375 0.1953159140625 0.9587376171875 0.18737919140625
1 0.881373390625 0.194372087890625 0.846554765625 0.037782671875 0.77330571875 0.045655044921875 0.802850828125 0.201407884765625 0.881373390625 0.194372087890625
1 0.803887130859375 0.1993057265625 0.772665537109375 0.044646865234375 0.700513806640625 0.051446708984375 0.726309826171875 0.212497849609375 0.803887130859375 0.1993057265625
1 0.72463334375 0.213591830078125 0.6989893828125 0.045311833984375 0.624246896484375 0.05736707421875 0.6462328125 0.222686884765625 0.72463334375 0.213591830078125
1 0.6455316171875 0.220649078125 0.623088564453125 0.0574099765625 0.54868118359375 0.065325248046875 0.56597275390625 0.22978703515625 0.6455316171875 0.220649078125
1 0.5631379375 0.23092391796875 0.5457853515625 0.065432501953125 0.469701486328125 0.07444175390625 0.486352875 0.23789536328125 0.5631379375 0.23092391796875
1 0.484676390625 0.23898934375 0.470798802734375 0.073369224609375 0.395050044921875 0.078238513671875 0.40273984765625 0.2471834765625 0.484676390625 0.23898934375
1 0.401803552734375 0.245088142578125 0.39212701171875 0.081796505859375 0.315027009765625 0.085587205078125 0.31989724609375 0.256537998046875 0.401803552734375 0.245088142578125
1 0.41114425390625 0.92733905859375 0.40305459765625 0.67886113671875 0.3055225 0.692124287109375 0.31364336328125 0.930950201171875 0.41114425390625 0.92733905859375
1 0.51241430859375 0.916082095703125 0.493902859375 0.66477321484375 0.400837384765625 0.68216020703125 0.41396332421875 0.924017697265625 0.51241430859375 0.916082095703125
1 0.613272720703125 0.90805733203125 0.586493287109375 0.649548453125 0.495360197265625 0.6690085078125 0.5131429765625 0.9181997421875 0.613272720703125 0.90805733203125
1 0.695467609375 0.778479671875 0.67718353125 0.642972603515625 0.585543197265625 0.65387291015625 0.6023699375 0.785144685546875 0.695467609375 0.778479671875
1 0.7868865234375 0.77402146875 0.765846779296875 0.64290573046875 0.675821798828125 0.6505292578125 0.6931235859375 0.7796388046875 0.7868865234375 0.77402146875
1 0.90336697265625 0.876939078125 0.8576451328125 0.62449335546875 0.77595154296875 0.640386845703125 0.81533778125 0.88770563671875 0.90336697265625 0.876939078125
1 0.994088423828125 0.860711220703125 0.942094388671875 0.604208533203125 0.855776154296875 0.62349026171875 0.899565611328125 0.87386291796875 0.994088423828125 0.860711220703125
0 1 0.6088868125 0.942316802734375 0.61814041796875 1 0.860641056640625 1 0.6088868125