0 0.97049557421875 0.389070283203125 0.981563953125 0.1985600078125 0.924209626953125 0.18961586328125 0.900563544921875 0.3828093828125 0.97049557421875 0.389070283203125
0 0.744600025390625 0.35597694921875 0.77277408203125 0.196771177734375 0.724475701171875 0.17441081640625 0.68473016015625 0.35776577734375 0.744600025390625 0.35597694921875
0 0.64347529296875 0.258485775390625 0.62888515625 0.340771904296875 0.67919596875 0.346138390625 0.710388673828125 0.214659466796875 0.667121375 0.184249376953125 0.64347529296875 0.258485775390625
0 0.58456854296875 0.2535211875 0.571187314453125 0.3248877421875 0.6159188515625 0.331004876953125 0.649563083984375 0.21002157421875 0.609037076171875 0.18895144921875 0.58456854296875 0.2535211875
0 0.533719875 0.24604469140625 0.51957400390625 0.328286150390625 0.5643055390625 0.331684556640625 0.596802810546875 0.199826353515625 0.55512983984375 0.179435908203125 0.533719875 0.24604469140625
0 0.4455850703125 0.2338386953125 0.42791121484375 0.32145267578125 0.470396443359375 0.32205691015625 0.509142970703125 0.2084608515625 0.47107620703125 0.172206791015625 0.4455850703125 0.2338386953125
0 0.35551638671875 0.1667686796875 0.3242472578125 0.228400583984375 0.3164299765625 0.29607483203125 0.3303651328125 0.30574258203125 0.35245744921875 0.30030447265625 0.3942629140625 0.2072523828125 0.35551638671875 0.1667686796875
0 0.338862177734375 0.1969803984375 0.314730568359375 0.170394087890625 0.27462451171875 0.2296090546875 0.26952628515625 0.28096897265625 0.28821978515625 0.29244942578125 0.313371041015625 0.27553086328125 0.325266904296875 0.234442927734375 0.338862177734375 0.1969803984375
0 0.180477248046875 0.346830517578125 0.19203323046875 0.345622048828125 0.195432048828125 0.332933126953125 0.170960556640625 0.29547059765625 0.133233673828125 0.337767001953125 0.114880056640625 0.378854939453125 0.115899701171875 0.395169265625 0.12983485546875 0.38610575 0.142750365234375 0.40423278125 0.180477248046875 0.346830517578125
0 0.08333996484375 0.436413796875 0.10841359375 0.402451634765625 0.100294513671875 0.379102646484375 0.063519859375 0.4198572421875 0.043938548828125 0.464857109375 0.047998087890625 0.500517380859375 0.06137069140625 0.49754569140625 0.062087080078125 0.48735704296875 0.08333996484375 0.436413796875
0 0.13492 0.456791095703125 0.14638223046875 0.413064810546875 0.13229323828125 0.385895080078125 0.106503220703125 0.40372521484375 0.08286237109375 0.434715689453125 0.0582663359375 0.4971211640625 0.069012177734375 0.523017314453125 0.084533947265625 0.517498462890625 0.13492 0.456791095703125
0 0.207991716796875 0.359149876953125 0.19175355859375 0.345140482421875 0.18005253125 0.34471595703125 0.1480538046875 0.402027107421875 0.131338052734375 0.468253326171875 0.1576056640625 0.479291029296875 0.167157521484375 0.4703759609375 0.18220169921875 0.41009312109375 0.207991716796875 0.359149876953125
0 0.244049982421875 0.3663668359375 0.21634959375 0.348112173828125 0.216110796875 0.348112173828125 0.18196290234375 0.408819541015625 0.16429196484375 0.48098913671875 0.18697762890625 0.49287589453125 0.2029769921875 0.484809880859375 0.217304779296875 0.423677986328125 0.244049982421875 0.3663668359375
0 0.282496212890625 0.37825359375 0.251213876953125 0.357451767578125 0.21778237109375 0.420706296875 0.201305416015625 0.489479677734375 0.2118124609375 0.510281501953125 0.236886087890625 0.501790962890625 0.2521690625 0.446177919921875 0.282496212890625 0.37825359375
0 0.2930032578125 0.452121298828125 0.313778548828125 0.39523467578125 0.2832126015625 0.376555484375 0.251213876953125 0.446177919921875 0.234975716796875 0.517498462890625 0.234975716796875 0.51792298828125 0.26100453125 0.53617765234375 0.28177982421875 0.521319205078125 0.2930032578125 0.452121298828125
0 0.37156729296875 0.39905541796875 0.3288227265625 0.369338525390625 0.291570478515625 0.449998662109375 0.28154102734375 0.520045625 0.316166513671875 0.535753125 0.3285839296875 0.52047015234375 0.34482208984375 0.467828798828125 0.37156729296875 0.39905541796875
0 0.34434449609375 0.46655521875 0.3192708671875 0.54636630078125 0.360821451171875 0.559526638671875 0.41192389453125 0.424527041015625 0.378014796875 0.396083728515625 0.34434449609375 0.46655521875
0 0.6249303359375 0.4160365 0.593170408203125 0.403300689453125 0.567619185546875 0.483111771484375 0.540635185546875 0.598158599609375 0.570245947265625 0.629998126953125 0.60487143359375 0.613017046875 0.64570562890625 0.441083595703125 0.6249303359375 0.4160365
0 0.695852884765625 0.560375693359375 0.669107681640625 0.6800923203125 0.748149310546875 0.698184642578125 0.78540155859375 0.47080048828125 0.7247472578125 0.450847716796875 0.695852884765625 0.560375693359375
1 1 0.769727986328125 0.9988867265625 0.597959828125 0.9607474140625 0.5927938671875 0.94730784765625 0.7587503203125 1 0.769727986328125
1 0.9429490703125 0.756167341796875 0.95747833203125 0.592148123046875 0.8688498359375 0.567609814453125 0.84741917578125 0.72452583984375 0.9429490703125 0.756167341796875
1 0.847055943359375 0.720651369140625 0.866670447265625 0.568255560546875 0.784580119140625 0.548237466796875 0.75842744921875 0.691592845703125 0.847055943359375 0.720651369140625
1 0.675247427734375 0.661242833984375 0.70430594921875 0.52434490234375 0.640740431640625 0.5107842578125 0.60841282421875 0.637996015625 0.675247427734375 0.661242833984375
1 0.53794590625 0.6089374921875 0.5670044296875 0.49205765625 0.52051079296875 0.479142755859375 0.4849141015625 0.585690673828125 0.53794590625 0.6089374921875
1 0.484187638671875 0.585690673828125 0.517968171875 0.4810799921875 0.465662830078125 0.46945658203125 0.429702908203125 0.5669640703125 0.484187638671875 0.585690673828125
1 0.430066140625 0.572775775390625 0.466752525390625 0.470102326171875 0.41735303515625 0.457187427734375 0.3799401875 0.557923640625 0.430066140625 0.572775775390625
1 0.394106216796875 0.2989799140625 0.42607059375 0.22794796875 0.38938420703125 0.2169703046875 0.355240443359375 0.295751189453125 0.394106216796875 0.2989799140625
1 0.4289764453125 0.3009171484375 0.450043875 0.22859371484375 0.42534412890625 0.226656478515625 0.394106216796875 0.2989799140625 0.4289764453125 0.3009171484375
1 0.51833140234375 0.31447779296875 0.537582673828125 0.2350511640625 0.509613845703125 0.23246818359375 0.480192091796875 0.311249068359375 0.51833140234375 0.31447779296875
1 0.826714978515625 0.349993765625 0.84342362890625 0.25442351171875 0.780221341796875 0.242800103515625 0.7569745234375 0.3448278046875 0.826714978515625 0.349993765625
1 0.9029936015625 0.3629086640625 0.916069935546875 0.253132021484375 0.8448765546875 0.249903296875 0.827804671875 0.355159724609375 0.9029936015625 0.3629086640625