0 0 0.895795013671875 0.064501720703125 0.66776398828125 0.004409931640625 0.6341784765625 0 0.647733736328125 0 0.895795013671875
0 0 0.92584096484375 0.07880024609375 0.945078669921875 0.132178716796875 0.6552723359375 0.062626078125 0.639061578125 0 0.89629768359375 0 0.92584096484375
0 0.164106875 0.985051958984375 0.216517556640625 0.6570325234375 0.130827345703125 0.642951025390625 0.077690505859375 0.9682166171875 0.164106875 0.985051958984375
0 0 0.31458575390625 0.029104287109375 0.313313353515625 0.080585669921875 0.099791267578125 0.004538001953125 0.056070484375 0 0.0743273046875 0 0.31458575390625
1 0.115010310546875 0.275122365234375 0.14100561328125 0.135983744140625 0.080359029296875 0.131661998046875 0.05081701171875 0.273782623046875 0.115010310546875 0.275122365234375
1 0.179142142578125 0.28061098046875 0.20119169140625 0.13198612890625 0.140437544921875 0.13492491796875 0.11614644921875 0.27724001953125 0.179142142578125 0.28061098046875
1 0.248601728515625 0.281107982421875 0.27011394140625 0.12934986328125 0.20467694140625 0.133153 0.178589439453125 0.278514935546875 0.248601728515625 0.281107982421875
1 0.320395056640625 0.281691419921875 0.337301248046875 0.125611552734375 0.271910345703125 0.126303033203125 0.24632944921875 0.276872671875 0.320395056640625 0.281691419921875
1 0.394552859375 0.2802868515625 0.409140673828125 0.12308333203125 0.339619623046875 0.12673520703125 0.318107412109375 0.278493326171875 0.394552859375 0.2802868515625
1 0.46975460546875 0.28722325390625 0.479751765625 0.12466076953125 0.408541873046875 0.12409894140625 0.3956736328125 0.283441724609375 0.46975460546875 0.28722325390625
1 0.547950361328125 0.289081603515625 0.556826748046875 0.123364244140625 0.483252380859375 0.124790421875 0.470952208984375 0.285192033203125 0.547950361328125 0.289081603515625
1 0.629124759765625 0.28689912109375 0.632750224609375 0.12098728515625 0.55630477734375 0.11919376171875 0.549224794921875 0.281864287109375 0.629124759765625 0.28689912109375
1 0.716716951171875 0.284954337890625 0.71631983203125 0.114742361328125 0.637448443359375 0.119085716796875 0.63267147265625 0.2839171171875 0.716716951171875 0.284954337890625
1 0.80952933203125 0.285278466796875 0.800411408203125 0.112667923828125 0.715690296875 0.117832412109375 0.71966486328125 0.28298794140625 0.80952933203125 0.285278466796875
1 0.865561251953125 0.995125283203125 0.85168460546875 0.74969331640625 0.748002072265625 0.73443755078125 0.754125025390625 0.990998015625 0.865561251953125 0.995125283203125
1 0.750701244140625 0.985682267578125 0.74970628125 0.737614033203125 0.649462896484375 0.726636798828125 0.646911146484375 0.977687037109375 0.750701244140625 0.985682267578125
1 0.647494583984375 0.977708646484375 0.649416798828125 0.72974845703125 0.556359037109375 0.7065838984375 0.5444108515625 0.961437271484375 0.647494583984375 0.977708646484375
1 0.54964784765625 0.84436116796875 0.554455068359375 0.716891263671875 0.467170201171875 0.6980916640625 0.45818673046875 0.831633625 0.54964784765625 0.84436116796875
1 0.45640569140625 0.833643236328125 0.467047271484375 0.70638941796875 0.37911750390625 0.69171708984375 0.36775419140625 0.828284271484375 0.45640569140625 0.833643236328125
1 0.34472264453125 0.92498334375 0.371363810546875 0.7028455859375 0.29633109375 0.6844997734375 0.2683079296875 0.921115380859375 0.34472264453125 0.92498334375
1 0.267678396484375 0.924205427734375 0.29573229296875 0.685515384765625 0.21710676171875 0.673263234375 0.180209134765625 0.917852462890625 0.267678396484375 0.924205427734375