0 0.65365134765625 0.41693149609375 0.699036158203125 0.1423221796875 0.630263830078125 0.09941948828125 0.5860727109375 0.395766033203125 0.65365134765625 0.41693149609375
0 0.5478110390625 0.379331873046875 0.57875712109375 0.103171091796875 0.50533411328125 0.0784914296875 0.483398119140625 0.35752776953125 0.5478110390625 0.379331873046875
0 0.464558369140625 0.340495091796875 0.491525107421875 0.052888912109375 0.41767978125 0.02425994140625 0.3942528828125 0.3216831484375 0.464558369140625 0.340495091796875
0 0.29627350390625 0.015362330078125 0.29511876953125 0.29317540625 0.368126048828125 0.3130167734375 0.378427591796875 0.019622171875 0.29627350390625 0.015362330078125
1 0.286999583984375 0.29195162109375 0.2957737578125 0.021866296875 0.191542873046875 0.010842203125 0.1941903203125 0.2630555859375 0.286999583984375 0.29195162109375
1 0.18876762109375 0.26357719921875 0.1888047734375 0.014714177734375 0.08455011328125 0.006900009765625 0.09058321484375 0.228782919921875 0.18876762109375 0.26357719921875
1 0 0.208285556640625 0.08562974609375 0.2269204921875 0.082299076171875 0.0059805 0 0.001713140625 0 0.208285556640625
1 0 0.8436721171875 0.053505578125 0.845008791015625 0.040742771484375 0.678169455078125 0 0.6746266015625 0 0.8436721171875
1 0.136449515625 0.8645626015625 0.130475484375 0.695666904296875 0.045690296875 0.680834365234375 0.05530521875 0.84590489453125 0.136449515625 0.8645626015625
1 0.216257458984375 0.880742642578125 0.21747009765625 0.717036330078125 0.134983501953125 0.696703443359375 0.138261046875 0.8638537421875 0.216257458984375 0.880742642578125
1 0.29612484375 0.888897865234375 0.303603529296875 0.732741568359375 0.220629869140625 0.717200169921875 0.21941723046875 0.880906482421875 0.29612484375 0.888897865234375
1 0.37369958203125 0.901750951171875 0.385668453125 0.749038638671875 0.30764826171875 0.735359666015625 0.298803498046875 0.893050708984375 0.37369958203125 0.901750951171875
1 0.44988446875 0.9193487109375 0.463688642578125 0.762717615234375 0.38972507421875 0.7500517734375 0.378641162109375 0.905218341796875 0.44988446875 0.9193487109375
1 0.5252022265625 0.932084767578125 0.54254029296875 0.786073181640625 0.46727603515625 0.766114787109375 0.4530739609375 0.915500140625 0.5252022265625 0.932084767578125
1 0.6695419765625 0.9540192734375 0.691714625 0.825919751953125 0.627705544921875 0.81055891015625 0.609625181640625 0.93485667578125 0.6695419765625 0.9540192734375
1 0.806605888671875 0.982801626953125 0.832377818359375 0.856494314453125 0.777895611328125 0.83520513671875 0.753465982421875 0.96318762890625 0.806605888671875 0.982801626953125
1 0.873828240234375 0.99110396875 0.907291734375 0.862787109375 0.832324318359375 0.86371665234375 0.809343986328125 0.978929650390625 0.873828240234375 0.99110396875
1 0.93698802734375 0.9991956640625 0.951355794921875 0.94936487890625 0.907772853515625 0.858798107421875 0.8747369765625 0.99034830078125 0.93698802734375 0.9991956640625
0 0.9920735390625 1 0.9929559375 0.880876390625 0.95229429296875 1 0.9920735390625 1
0 0.744094927734375 1 0.77365551171875 0.8411414609375 0.70204621875 0.812788619140625 0.668776435546875 1 0.744094927734375 1
0 0.596950712890625 1 0.627337921875 0.777555154296875 0.559987619140625 0.769582958984375 0.5274545703125 0.994133904296875 0.537803603515625 1 0.596950712890625 1