1 0.8540023125 0.8095373515625 0.84265687109375 0.549165203125 0.75550325390625 0.55191561328125 0.761175974609375 0.807703744140625 0.8540023125 0.8095373515625
1 0.4502077421875 0.78478366015625 0.46155318359375 0.560166841796875 0.379556583984375 0.55374921875 0.36099131640625 0.777449234375 0.4502077421875 0.78478366015625
1 0.36202271875 0.775615626953125 0.3790408828125 0.560166841796875 0.301685599609375 0.560166841796875 0.280541822265625 0.76919800390625 0.36202271875 0.775615626953125
1 0.278994716796875 0.768281201171875 0.300138494140625 0.564750857421875 0.228971634765625 0.562917251953125 0.206796453125 0.7609467734375 0.278994716796875 0.768281201171875
1 0.699807451171875 0 0.696713240234375 0.1063491875 0.78180405078125 0.09076353125 0.78180405078125 0 0.699807451171875 0
1 0.785413962890625 0 0.785413962890625 0.093513939453125 0.8772088984375 0.067843447265625 0.8741146875 0 0.785413962890625 0
1 0.877724599609375 0 0.879787408203125 0.06692664453125 0.977770765625 0.05500819921875 0.97261374609375 0 0.877724599609375 0
0 0.6209050625 0 0.614200939453125 0.123768451171875 0.683820693359375 0.110933205078125 0.683820693359375 0 0.6209050625 0
0 0.537361359375 0 0.537361359375 0.118267630859375 0.601308392578125 0.10909959765625 0.608012515625 0 0.537361359375 0
0 0.466710201171875 0 0.46103748046875 0.147605337890625 0.523953109375 0.143938125 0.53220433984375 0 0.466710201171875 0
0 0.3945119375 0 0.392449130859375 0.147605337890625 0.45484905859375 0.14118771484375 0.458458970703125 0 0.3945119375 0
0 0.329017798828125 0 0.32540788671875 0.1540229609375 0.382650794921875 0.1494389453125 0.3914177265625 0 0.329017798828125 0
0 0.2753848046875 0 0.269196380859375 0.16594140625 0.317672357421875 0.15769017578125 0.3331434140625 0 0.2753848046875 0
0 0.2037022421875 0 0.187715484375 0.070593857421875 0.20731215625 0.089846728515625 0.225877423828125 0.05042418359375 0.24392698828125 0.059592216796875 0.27022778515625 0 0.2037022421875 0
0 0.267649275390625 0.08251230078125 0.22536172265625 0.045840166015625 0.187199783203125 0.1494389453125 0.169150216796875 0.251204115234375 0.203186541015625 0.2759578046875 0.21865759765625 0.261288953125 0.27383769921875 0.101765169921875 0.267649275390625 0.08251230078125
0 0.186684080078125 0.14668853515625 0.204733646484375 0.098097958984375 0.17946425390625 0.06876025 0.14388082421875 0.137520501953125 0.126862662109375 0.24203608203125 0.155226265625 0.263122560546875 0.17276012890625 0.2502873125 0.175854341796875 0.221866408203125 0.186684080078125 0.14668853515625
0 0.72426697265625 0.822203435546875 0.737048154296875 0.55963693359375 0.6622545703125 0.54953822265625 0.649473388671875 0.82052031640625 0.72426697265625 0.822203435546875
0 0.617757123046875 0.84660865625 0.63148505859375 0.5604784921875 0.5637921328125 0.548696662109375 0.5462771796875 0.831460587890625 0.617757123046875 0.84660865625
0 0.522134947265625 0.82052031640625 0.53302262109375 0.58235903515625 0.471010220703125 0.580675916015625 0.45207513671875 0.817995638671875 0.522134947265625 0.82052031640625
0 0.147220279296875 0.663990287109375 0.131125458984375 0.821361876953125 0.19929176171875 0.826411232421875 0.22722101171875 0.57226032421875 0.172309265625 0.570577205078125 0.147220279296875 0.663990287109375
0 0.084734501953125 0.664831845703125 0.066272794921875 0.823044994140625 0.125918310546875 0.833143705078125 0.16615536328125 0.57815123828125 0.112663751953125 0.57815123828125 0.084734501953125 0.664831845703125