1 0.91965677734375 0.5918005546875 0.993364208984375 0.5918005546875 0.95000689453125 0.4436363046875 0.9495251484375 0.44449274609375 0.883043935546875 0.44449274609375 0.91965677734375 0.5918005546875
1 0.91772978515625 0.592656994140625 0.881116943359375 0.446205626953125 0.8117452421875 0.4453491875 0.8406501171875 0.594369876953125 0.91772978515625 0.592656994140625
1 0.842095361328125 0.593513435546875 0.81078174609375 0.447918509765625 0.740928298828125 0.4453491875 0.7650156953125 0.599508521484375 0.842095361328125 0.593513435546875
1 0.763570451171875 0.59693919921875 0.7380378125 0.447062068359375 0.667702615234375 0.451344271484375 0.68697253125 0.6003649609375 0.763570451171875 0.59693919921875
1 0.6855272890625 0.597795638671875 0.666739119140625 0.45048783203125 0.595440427734375 0.451344271484375 0.60844762109375 0.5960827578125 0.6855272890625 0.597795638671875
1 0.607484125 0.59693919921875 0.597367419921875 0.452200712890625 0.52510523046875 0.456482916015625 0.529440962890625 0.598652080078125 0.607484125 0.59693919921875
1 0.45139780078125 0.599508521484375 0.53233144921875 0.598652080078125 0.524623484375 0.45477003515625 0.524623484375 0.45391359375 0.451879546875 0.45477003515625 0.45139780078125 0.599508521484375
1 0.452361294921875 0.597795638671875 0.45139780078125 0.456482916015625 0.3776903671875 0.45391359375 0.3709458984375 0.60207784375 0.452361294921875 0.597795638671875
1 0.371909392578125 0.60122140234375 0.3781721171875 0.45905223828125 0.30446468359375 0.45391359375 0.291457490234375 0.604647166015625 0.371909392578125 0.60122140234375
1 0.20185237890625 0.603790724609375 0.21967705078125 0.463334443359375 0.152232341796875 0.458195798828125 0.127181451171875 0.606360046875 0.20185237890625 0.603790724609375
1 0.034685849609375 0.603790724609375 0.057328001953125 0.467616646484375 0.001445244140625 0.461621560546875 0 0.6003649609375 0.034685849609375 0.603790724609375
1 0.32662508984375 0.2663530703125 0.337705291015625 0.168718826171875 0.2750780625 0.16186730078125 0.262552615234375 0.2663530703125 0.32662508984375 0.2663530703125
1 0.390215814453125 0.265496630859375 0.39503329296875 0.164436623046875 0.338668787109375 0.16186730078125 0.330479072265625 0.265496630859375 0.390215814453125 0.265496630859375
1 0.6415846171875 0.16691632421875 0.65270322265625 0.265016267578125 0.716120443359375 0.26355208984375 0.7004720390625 0.1647200546875 0.641172818359375 0.1647200546875 0.6415846171875 0.16691632421875
1 0.7795376640625 0.265016267578125 0.7597712578125 0.1647200546875 0.6996484375 0.163987966796875 0.71735584375 0.265748357421875 0.7795376640625 0.265016267578125
1 0.8433666875 0.260623732421875 0.81824687890625 0.168380501953125 0.760594859375 0.163255876953125 0.7795376640625 0.25842746484375 0.8433666875 0.260623732421875
1 0.90266590625 0.26208791015625 0.878781498046875 0.167648412109375 0.8207176796875 0.16545214453125 0.843778486328125 0.265748357421875 0.90266590625 0.26208791015625
1 0.964024126953125 0.261355822265625 0.933962716796875 0.1647200546875 0.878781498046875 0.1647200546875 0.904313107421875 0.26208791015625 0.964024126953125 0.261355822265625
0 1 0.1449536484375 0.97020112890625 0.147882005859375 0.93808071875 0.1749693046875 0.984202333984375 0.310405794921875 1 0.312602060546875 1 0.1449536484375
0 0.65227172265625 0.2791036171875 0.6374873671875 0.13579705078125 0.5882061796875 0.13579705078125 0.59806241796875 0.283484166015625 0.65227172265625 0.2791036171875
0 0.5843340859375 0.30163216015625 0.57166178125 0.120152228515625 0.5234366171875 0.1157716796875 0.5266046953125 0.305386916015625 0.5843340859375 0.30163216015625
0 0.513580380859375 0.2960000234375 0.511468330078125 0.12390698828125 0.46324316796875 0.12265540234375 0.46324316796875 0.29662581640625 0.513580380859375 0.2960000234375
0 0.44740278515625 0.289742095703125 0.4456427421875 0.109513751953125 0.39812159765625 0.110139544921875 0.393545486328125 0.288490509765625 0.44740278515625 0.289742095703125
0 0.2129651328125 0.0913657578125 0.201348853515625 0.18085413671875 0.191140607421875 0.284735751953125 0.252742091796875 0.2866131328125 0.26823046484375 0.124532779296875 0.24710995703125 0.100126857421875 0.2129651328125 0.0913657578125
0 0.14925159765625 0.108887958984375 0.134115232421875 0.175222001953125 0.120034892578125 0.27847782421875 0.176708259765625 0.289116302734375 0.20240487890625 0.131416501953125 0.14925159765625 0.108887958984375
0 0.06371353515625 0.176473587890625 0.048577171875 0.27847782421875 0.105602544921875 0.27722623828125 0.135523267578125 0.13704863671875 0.083074001953125 0.11389430078125 0.06371353515625 0.176473587890625
0 0 0.289742095703125 0.040128966796875 0.2791036171875 0.0689936640625 0.1351712578125 0.04681712890625 0.109513751953125 0.0165443984375 0.103255822265625 0 0.170215658203125 0 0.289742095703125
0 0.08166596875 0.355450345703125 0.05948943359375 0.46371251171875 0.03907294140625 0.60451590625 0.11792284375 0.607644869140625 0.11792284375 0.607019078125 0.154179716796875 0.377353095703125 0.08166596875 0.355450345703125
0 0.23056555859375 0.377978888671875 0.200996845703125 0.6276702421875 0.279142728515625 0.62203810546875 0.295335119140625 0.385488404296875 0.23056555859375 0.37610151171875 0.23056555859375 0.377978888671875