0 0.03688530078125 0.105731853515625 0.005175953125 0.08734422265625 0.013194439453125 0.222656177734375 0.03688530078125 0.105731853515625
0 0.015226904296875 0.175368587890625 0.013321716796875 0.224803986328125 0.015315732421875 0.258452990234375 0.064700751953125 0.248775919921875 0.10437157421875 0.102366953125 0.045298546875 0.077735763671875 0.015226904296875 0.175368587890625
0 0.23725431640625 0.271134009765625 0.26382549609375 0.107632068359375 0.199666005859375 0.0923498125 0.1744093671875 0.264437025390625 0.23725431640625 0.271134009765625
0 0.295500373046875 0.288608822265625 0.32120215234375 0.1172345625 0.265436353515625 0.107620134765625 0.238420697265625 0.284017880859375 0.295500373046875 0.288608822265625
0 0.362394009765625 0.30243832421875 0.3805708359375 0.119659796875 0.32355446875 0.1093383828125 0.29164293359375 0.2915023984375 0.362394009765625 0.30243832421875
0 0.4321908359375 0.3040700625 0.444942455078125 0.138521736328125 0.380677232421875 0.128254015625 0.366378724609375 0.301692556640625 0.4321908359375 0.3040700625
0 0.84113959375 0.365503359375 0.81450808984375 0.160852978515625 0.762049517578125 0.16625531640625 0.775857474609375 0.3652706796875 0.84113959375 0.365503359375
0 1 0.305022767578125 0.976484029296875 0.161085658203125 0.90609390625 0.163039568359375 0.93842538671875 0.334700203125 1 0.331566138671875 1 0.305022767578125
0 1 0.1611693984375 0.97343201953125 0.16397326953125 1 0.2855748046875 1 0.1611693984375
0 0.0732635703125 0.387712642578125 0.01906382421875 0.3217020234375 0.032579974609375 0.549787056640625 0.0732635703125 0.387712642578125
1 0.133626041015625 0.242521197265625 0.16431003515625 0.146081513671875 0.1096595390625 0.137120521484375 0.07716151953125 0.235276521484375 0.133626041015625 0.242521197265625
1 0.1617651171875 0.143546052734375 0.13491091015625 0.239957369140625 0.167817125 0.2456736796875 0.17270522265625 0.247340345703125 0.1956536015625 0.141592154296875 0.1617651171875 0.143546052734375
1 0.50179140625 0.28066303125 0.507027025390625 0.17504604296875 0.4508394921875 0.164393564453125 0.436508134765625 0.270077927734375 0.50179140625 0.28066303125
1 0.56762866015625 0.28443253125 0.568555765625 0.178847458984375 0.507203146484375 0.169936115234375 0.49962434765625 0.276421896484375 0.56762866015625 0.28443253125
1 0.633617212890625 0.2907552265625 0.63273029296875 0.18688646484375 0.569236224609375 0.182248169921875 0.56576419921875 0.28529778125 0.633617212890625 0.2907552265625
1 0.701898513671875 0.295358060546875 0.69660221875 0.189819087890625 0.63194896875 0.181783630859375 0.6325588984375 0.289060189453125 0.701898513671875 0.295358060546875
1 0.771338994140625 0.30335805859375 0.760524578125 0.193602775390625 0.694913880859375 0.185574408203125 0.701268490234375 0.292808416015625 0.771338994140625 0.30335805859375
1 0.8042688828125 0.667967576171875 0.7835581796875 0.49922575 0.7043002890625 0.48987783203125 0.7165829609375 0.657854171875 0.8042688828125 0.667967576171875
1 0.71609255859375 0.649578626953125 0.706113248046875 0.489036484375 0.6290847734375 0.478016216796875 0.632277751953125 0.641920296875 0.71609255859375 0.649578626953125
1 0.63161609375 0.63861352734375 0.628398974609375 0.482160884765625 0.553379619140625 0.47360948828125 0.5501038828125 0.62265896484375 0.63161609375 0.63861352734375
1 0.54912384375 0.621838306640625 0.5513705 0.471140615234375 0.4804916015625 0.461730630859375 0.47214441015625 0.611645591796875 0.54912384375 0.621838306640625
1 0.46976787109375 0.61083527734375 0.48068776171875 0.465040849609375 0.40897594140625 0.457292869140625 0.39340105859375 0.60312178125 0.46976787109375 0.61083527734375
1 0.396561474609375 0.601442533203125 0.409808861328125 0.45563086328125 0.3398609609375 0.446213982421875 0.317474841796875 0.58712583984375 0.396561474609375 0.601442533203125
1 0.31607834375 0.58713618359375 0.339811919921875 0.445386427734375 0.2693004375 0.43431788671875 0.242308365234375 0.57609177734375 0.31607834375 0.58713618359375
1 0.24531591015625 0.577725337890625 0.271058603515625 0.438444451171875 0.205845390625 0.432304169921875 0.172476931640625 0.56667403515625 0.24531591015625 0.577725337890625
1 0.172378849609375 0.565018923828125 0.205251158203125 0.428168984375 0.138905033203125 0.424520845703125 0.102014490234375 0.556433046875 0.172378849609375 0.565018923828125
1 0.10422551953125 0.55641666796875 0.139106943359375 0.42203559765625 0.0737898984375 0.420035673828125 0.038932611328125 0.546965306640625 0.10422551953125 0.55641666796875