1 1 0.587264857421875 0.9301855859375 0.58942869921875 0.951338314453125 0.705333591796875 1 0.69891931640625 1 0.587264857421875
1 0.94928128125 0.70548596484375 0.930248791015625 0.5906476796875 0.843790220703125 0.59582835546875 0.863887626953125 0.7179297421875 0.94928128125 0.70548596484375
1 0.877677927734375 0.8245906875 0.845161576171875 0.5957267734375 0.758080533203125 0.602177220703125 0.786988470703125 0.841097736328125 0.877677927734375 0.8245906875
1 0.78705167578125 0.84231671875 0.756898796875 0.605935748046875 0.669934572265625 0.60136456640625 0.691679298828125 0.84815767578125 0.78705167578125 0.84231671875
1 0.691552884765625 0.8457197109375 0.668752837890625 0.60512309375 0.579109111328125 0.601974056640625 0.5950331953125 0.81615939453125 0.691552884765625 0.8457197109375
1 1 0.02271693359375 0.954719861328125 0.02717314453125 0.989741333984375 0.184878970703125 1 0.1841190703125 1 0.02271693359375
1 0.953538125 0.030931673828125 0.952789240234375 0.029763482421875 0.886521755859375 0.02610653515625 0.887397052734375 0.02971269140625 0.9148128671875 0.186758234375 0.98781071484375 0.18746930859375 0.953538125 0.030931673828125
1 0.914623248046875 0.1831012890625 0.8845279296875 0.027477892578125 0.812342173828125 0.0291539921875 0.83826021875 0.18386315234375 0.914623248046875 0.1831012890625
1 0.8387022734375 0.1861529921875 0.812155732421875 0.02724943359375 0.73996146484375 0.027017849609375 0.76129741796875 0.18630737890625 0.8387022734375 0.1861529921875
1 0.761201353515625 0.1844547265625 0.74105161328125 0.027866982421875 0.66525796484375 0.02883190625 0.68346756640625 0.188353015625 0.761201353515625 0.1844547265625
1 0.682754380859375 0.184686306640625 0.6658270546875 0.02971963671875 0.591877482421875 0.0258985390625 0.60411528125 0.181212583984375 0.682754380859375 0.184686306640625
1 0.604163314453125 0.18213891015625 0.592494603515625 0.027712595703125 0.516604890625 0.0268248671875 0.526477556640625 0.18696352734375 0.604163314453125 0.18213891015625
1 0.523680138671875 0.18345120703125 0.517222013671875 0.028638921875 0.44014608984375 0.02504940625 0.444664076171875 0.182795060546875 0.523680138671875 0.18345120703125
1 0.442202876953125 0.1857670234375 0.438302015625 0.029835427734375 0.361843212890625 0.028059966796875 0.36351574609375 0.18136697265625 0.442202876953125 0.1857670234375
1 0.3620006015625 0.18240908984375 0.36018397265625 0.02632310546875 0.282394865234375 0.0190668828125 0.27720486328125 0.18125118359375 0.3620006015625 0.18240908984375
1 0.18378399609375 0.175152865234375 0.189543087890625 0.013856296875 0.1204824609375 0.0236213203125 0.107469291015625 0.17615638671875 0.18378399609375 0.175152865234375
0 0.0248896875 0 0.013342529296875 0.176619548828125 0.1018337109375 0.17843360546875 0.11652323828125 0 0.0248896875 0
0 0.1933488125 0 0.18599345703125 0.217763876953125 0.264762072265625 0.20356020703125 0.26802639453125 0 0.1933488125 0
0 0.25659925 0.913666515625 0.28105512109375 0.598483990234375 0.2006126875 0.59049442578125 0.179708162109375 0.90355412109375 0.25659925 0.913666515625
0 0.394809279296875 0.885760935546875 0.39147879296875 0.599603298828125 0.30928834765625 0.598252408203125 0.314621583984375 0.902859376953125 0.394809279296875 0.885760935546875
0 0.487298673828125 0.914245470703125 0.47978513671875 0.607940236328125 0.407165873046875 0.609599904296875 0.40875563671875 0.9126243984375 0.487298673828125 0.914245470703125
0 0.6067797578125 0.928642125 0.57670202734375 0.60076120703125 0.50100444140625 0.603578783203125 0.52720918359375 0.94755462109375 0.6067797578125 0.928642125