0 0.0071953203125 0.3237894453125 0.096481724609375 0.313984390625 0.03809438671875 0.00033539453125 0 0 0.0071953203125 0.3237894453125
1 0.05088290625 0.06164515234375 0.0963565 0.308349302734375 0.184933822265625 0.295200763671875 0.146967416015625 0.043537736328125 0.05088290625 0.06164515234375
1 0.14633346875 0.0435753046875 0.183565748046875 0.290767830078125 0.2695071015625 0.27326148828125 0.233059037109375 0.032793501953125 0.14633346875 0.0435753046875
1 0.25899453125 0.14297825390625 0.276480521484375 0.272848248046875 0.367009775390625 0.26184104296875 0.35459536328125 0.131670513671875 0.25899453125 0.14297825390625
1 0.354061595703125 0.1362161484375 0.3676938125 0.26405751171875 0.458907103515625 0.2552667734375 0.449003435546875 0.123818955078125 0.354061595703125 0.1362161484375
1 0.4413788828125 0 0.45883196875 0.251885720703125 0.549945078125 0.2385869140625 0.5428345078125 0 0.4413788828125 0
1 0.543559474609375 0 0.553114814453125 0.238399078125 0.64537059765625 0.219390048828125 0.641072599609375 0 0.543559474609375 0
1 0.644042833984375 0 0.64668858203125 0.22156894921875 0.7403124375 0.206992853515625 0.746279375 0 0.644042833984375 0
1 0.629629919921875 0.653667494140625 0.63338664453125 0.8227201328125 0.711236951171875 0.8124642734375 0.7114091328125 0.648821318359375 0.629629919921875 0.653667494140625
1 0.546783169921875 0.6676049453125 0.5560450625 0.827303337890625 0.632043615234375 0.81941421484375 0.629046060546875 0.655959095703125 0.546783169921875 0.6676049453125
1 0.465763125 0.678048640625 0.4789288828125 0.842029701171875 0.555486248046875 0.83072195703125 0.546833259765625 0.66985898046875 0.465763125 0.678048640625
1 0.38674510546875 0.692887705078125 0.403639412109375 0.85326230859375 0.481464673828125 0.841879431640625 0.46969203515625 0.683458326171875 0.38674510546875 0.692887705078125
1 0.306359009765625 0.703293833984375 0.329517658203125 0.859911712890625 0.403589322265625 0.8510082734375 0.387328962890625 0.690596103515625 0.306359009765625 0.703293833984375
1 0.227391078125 0.720386935546875 0.253644328125 0.873435923828125 0.328249763671875 0.85998684765625 0.30899498046875 0.70765163671875 0.227391078125 0.720386935546875
1 0.150683443359375 0.724932572265625 0.18208340625 0.881062076171875 0.254203140625 0.8700173046875 0.2286088828125 0.718057765625 0.150683443359375 0.724932572265625
1 0.07164037890625 0.738644619140625 0.10737779296875 0.89000308203125 0.181399369140625 0.878845607421875 0.147638931640625 0.73075549609375 0.07164037890625 0.738644619140625
1 0.018440451171875 0.82982034375 0.03705972265625 0.89642708203125 0.104867048828125 0.89128037109375 0.069154677734375 0.74104892578125 0.01788007421875 0.74747292578125 0.018440451171875 0.82982034375