0 0.2523798984375 1 0.267425623046875 0.956886521484375 0.200447880859375 0.89735075 0.144633095703125 0.998302708984375 0.2523798984375 1
0 0.14657448046875 1 0.195594421875 0.91547033203125 0.131043408203125 0.865425771484375 0.052902708984375 0.998302708984375 0.14657448046875 1
0 0.051932017578125 1 0.12618994921875 0.85507172265625 0.07280189453125 0.811929861328125 0 0.97241758984375 0.000485345703125 1 0.051932017578125 1
0 0 0.93100140234375 0.0635803203125 0.80761567578125 0.01795780078125 0.759296787109375 0 0.778279208984375 0 0.93100140234375
0 0.071348009765625 0.331860484375 0.041283125 0.42599398828125 0.091989572265625 0.452319458984375 0.1673761484375 0.311119205078125 0.12205445703125 0.252086330078125 0.071348009765625 0.331860484375
0 0.147632044921875 0.41003915625 0.124746833984375 0.49220653515625 0.188915169921875 0.505768142578125 0.25398096484375 0.349410798828125 0.20237705859375 0.299153080078125 0.147632044921875 0.41003915625
1 0 0.402061740234375 0.00852586328125 0.41402786328125 0.061027228515625 0.323085328125 0.021539021484375 0.30553501171875 0 0.34462434765625 0 0.402061740234375
1 0.03141107421875 0.42360076171875 0.07852768359375 0.32627629296875 0.06237341796875 0.3222875859375 0.0080771328125 0.410836896484375 0.03141107421875 0.42360076171875
1 0.125195564453125 0.46269009765625 0.16917106640625 0.36456788671875 0.150324423828125 0.358185955078125 0.09916924609375 0.45311719921875 0.125195564453125 0.46269009765625
1 0.013164328125 0.15602165234375 0.041886494140625 0.0992865078125 0.0359027109375 0.09503137109375 0 0.14963894921875 0.013164328125 0.15602165234375
1 0.08177839453125 0.177297333984375 0.11927678125 0.103541642578125 0.1136919140625 0.102123263671875 0.067417310546875 0.171623818359375 0.08177839453125 0.177297333984375
0 0.03749838671875 0.100704884765625 0.01675459765625 0.168077873046875 0.058242173828125 0.1787157109375 0.112894076171875 0.087939478515625 0.074597853515625 0.04680649609375 0.03749838671875 0.100704884765625
0 0.142813001953125 0.06028109375 0.11010164453125 0.11347029296875 0.08816109765625 0.1907719296875 0.12845191796875 0.200700580078125 0.15557841015625 0.129072458984375 0.17392868359375 0.090776234375 0.142813001953125 0.06028109375
0 0.1527859765625 0.12552651171875 0.134036783203125 0.1907719296875 0.169939494140625 0.206374095703125 0.2158151796875 0.097868126953125 0.1819070625 0.080847583984375 0.1527859765625 0.12552651171875
0 0.1962681484375 0.13261840625 0.170338412109375 0.2205578828125 0.2158151796875 0.22977734375 0.255707078125 0.109924345703125 0.225788154296875 0.090067044921875 0.1962681484375 0.13261840625
0 0.236957884765625 0.14963894921875 0.21741085546875 0.23190491015625 0.26807356640625 0.238287615234375 0.31275249609375 0.129072458984375 0.274456271484375 0.08581191015625 0.236957884765625 0.14963894921875
0 0.3761806171875 0.1964454453125 0.35703250390625 0.290058435546875 0.4096898125 0.297150330078125 0.45037955078125 0.15744003125 0.405301703125 0.129781646484375 0.3761806171875 0.1964454453125
0 0.463543876953125 0.31275249609375 0.50291494921875 0.16524111328125 0.46115036328125 0.154603275390625 0.409290892578125 0.30069627734375 0.463543876953125 0.31275249609375
0 0.517674951171875 0.344666015625 0.557167931640625 0.183680037109375 0.511292248046875 0.162404357421875 0.46062953515625 0.31913519921875 0.517674951171875 0.344666015625
0 0.57883146875 0.35246709765625 0.6187233671875 0.199991392578125 0.57165092578125 0.177297333984375 0.52737091796875 0.3361557421875 0.57883146875 0.35246709765625
1 0.3219276328125 0.24963464453125 0.35703250390625 0.173042197265625 0.31474708984375 0.14963894921875 0.272860595703125 0.236160046875 0.3219276328125 0.24963464453125
1 0.353442234375 0.260272484375 0.38535575390625 0.177297333984375 0.35703250390625 0.173042197265625 0.321129794921875 0.2510530234375 0.353442234375 0.260272484375
1 0.25291464453125 0.52480010546875 0.300386005859375 0.414875759765625 0.24772869921875 0.3900541328125 0.19786382421875 0.499978478515625 0.25291464453125 0.52480010546875
1 0.3099600625 0.550330921875 0.35503791015625 0.437569818359375 0.300386005859375 0.4141665703125 0.2525157265625 0.524090916015625 0.3099600625 0.550330921875
1 0.369797912109375 0.579407685546875 0.41447683984375 0.45813630859375 0.35503791015625 0.4382790078125 0.3111568203125 0.550330921875 0.369797912109375 0.579407685546875
1 0.4344227890625 0.60919363671875 0.474713609375 0.48224874609375 0.416072515625 0.457427119140625 0.3717925078125 0.578698494140625 0.4344227890625 0.60919363671875
1 0.50463253515625 0.640397966796875 0.538939568359375 0.504233615234375 0.4759103671875 0.481539556640625 0.436417384765625 0.60919363671875 0.50463253515625 0.640397966796875
1 0.54133308203125 0.507779560546875 0.50543037109375 0.638979587890625 0.57603903515625 0.6772758125 0.6079525546875 0.532601189453125 0.540535244140625 0.504233615234375 0.54133308203125 0.507779560546875
1 0.655423916015625 0.7106077109375 0.6817525703125 0.557422814453125 0.607154716796875 0.531182810546875 0.57723579296875 0.677985001953125 0.655423916015625 0.7106077109375
1 0.739994744140625 0.75174069140625 0.7595417734375 0.588627146484375 0.68215148828125 0.55813200390625 0.657019591796875 0.711316900390625 0.739994744140625 0.75174069140625
1 0.83214503125 0.791455294921875 0.8465061171875 0.6198314765625 0.761536369140625 0.587917955078125 0.74079258203125 0.748903935546875 0.83214503125 0.791455294921875
1 0.929481267578125 0.838261791015625 0.934268296875 0.653163375 0.84491044140625 0.620540666015625 0.832543951171875 0.7950012421875 0.929481267578125 0.838261791015625
1 0.65622175390625 0.34892115234375 0.68015689453125 0.248216267578125 0.620717962890625 0.22835896484375 0.59438930859375 0.3297730390625 0.65622175390625 0.34892115234375
1 0.726032578125 0.368778453125 0.744781771484375 0.262400052734375 0.68015689453125 0.24608869921875 0.65622175390625 0.351757908203125 0.726032578125 0.368778453125
1 0.79584340234375 0.39218169921875 0.81060340625 0.28580330078125 0.745978529296875 0.265236810546875 0.725234740234375 0.370906021484375 0.79584340234375 0.39218169921875
1 0.87084017578125 0.413457380859375 0.8800153125 0.299987087890625 0.81020448828125 0.285094111328125 0.7942477265625 0.39147251171875 0.87084017578125 0.413457380859375
1 0.950225056640625 0.434733060546875 0.956208841796875 0.32197195703125 0.8812120703125 0.297150330078125 0.86964341796875 0.412039001953125 0.950225056640625 0.434733060546875
0 1 0.301405466796875 0.96019803125 0.299987087890625 0.943044513671875 0.4928865859375 1 0.51274388671875 1 0.301405466796875