1 0.153332083984375 0.998671041015625 0.18023150390625 0.903941794921875 0.1157748828125 0.883069248046875 0.078371546875 0.998671041015625 0.153332083984375 0.998671041015625
1 0.231983931640625 1 0.24849097265625 0.928025501953125 0.179518658203125 0.907152955078125 0.155090791015625 0.99786825 0.231983931640625 1
1 0.313266443359375 1 0.322359568359375 0.9553203671875 0.249275552734375 0.93364503125 0.2337902109375 1 0.313266443359375 1
1 0.2880948515625 0.564766013671875 0.321874130859375 0.437813751953125 0.2658423046875 0.43026523828125 0.22915767578125 0.553786357421875 0.2880948515625 0.564766013671875
1 0.350546724609375 0.576431896484375 0.3797953046875 0.44467603515625 0.3233368125 0.436441294921875 0.289252861328125 0.564766013671875 0.350546724609375 0.576431896484375
1 0.414765953125 0.5853528671875 0.440235830078125 0.454969462890625 0.380485982421875 0.443303578125 0.350810732421875 0.574373212890625 0.414765953125 0.5853528671875
1 0.483556541015625 0.599763666015625 0.505145734375 0.462517974609375 0.4418205078125 0.455655689453125 0.41677730078125 0.58672532421875 0.483556541015625 0.599763666015625
1 0.55454115625 0.61211577734375 0.570340294921875 0.474870087890625 0.504800396484375 0.463204203125 0.4834752109375 0.598391208984375 0.55454115625 0.61211577734375
1 0.631397154296875 0.625840345703125 0.639963572265625 0.483791056640625 0.5706856328125 0.474183857421875 0.55454115625 0.61211577734375 0.631397154296875 0.625840345703125
1 0.712702517578125 0.642996056640625 0.715072228515625 0.494084482421875 0.641162248046875 0.48447728515625 0.6325551640625 0.625840345703125 0.712702517578125 0.642996056640625
1 0.798985259765625 0.659465541015625 0.795625599609375 0.505064138671875 0.71673823828125 0.496143169921875 0.71467319921875 0.64368228515625 0.798985259765625 0.659465541015625
1 0.89185071484375 0.682797306640625 0.88127834765625 0.517416251953125 0.79741360546875 0.509181509765625 0.802540623046875 0.660837998046875 0.89185071484375 0.682797306640625
1 0.989002236328125 0.693776962890625 0.970486458984375 0.5311408203125 0.88259901953125 0.520161166015625 0.8928053984375 0.679366166015625 0.989002236328125 0.693776962890625
1 1 0.227187302734375 0.996728318359375 0.207848041015625 0.9230244375 0.210487380859375 0.936860201171875 0.318700328125 1 0.321852904296875 1 0.227187302734375
1 0.935590326171875 0.31606098828125 0.9230244375 0.210487380859375 0.852191755859375 0.20520869921875 0.86008900390625 0.313421646484375 0.935590326171875 0.31606098828125
1 0.582189087890625 0.296265935546875 0.5918342890625 0.195971009765625 0.535203638671875 0.198610349609375 0.522198169921875 0.29230692578125 0.582189087890625 0.296265935546875
1 0.520850087890625 0.288347916015625 0.53442222265625 0.197950513671875 0.481151234375 0.19465133984375 0.46398483203125 0.28702824609375 0.520850087890625 0.288347916015625
1 0.465059203125 0.28636841015625 0.47966660546875 0.19465133984375 0.42848601171875 0.195311173828125 0.40911191015625 0.281749564453125 0.465059203125 0.28636841015625
1 0.410303583984375 0.283069234375 0.427333439453125 0.19465133984375 0.377441966796875 0.192011998046875 0.358106966796875 0.279110224609375 0.410303583984375 0.283069234375
1 0.356172978515625 0.2777905546875 0.377774021484375 0.1913521640625 0.3298947421875 0.1913521640625 0.30772703515625 0.27449137890625 0.356172978515625 0.2777905546875
1 0.24378201953125 0.27911096875 0.268470220703125 0.184441751953125 0.239879283203125 0.182265447265625 0.20878005078125 0.27203798046875 0.24378201953125 0.27911096875
0 0.194460525390625 0.2731261328125 0.231100263671875 0.173560232421875 0.183629888671875 0.142003826171875 0.14909919921875 0.220350763671875 0.150260904296875 0.26061238671875 0.165112666015625 0.273670208984375 0.194460525390625 0.2731261328125
0 0.147697953125 0.222527068359375 0.181906728515625 0.149076814453125 0.14474608984375 0.13656306640625 0.104014193359375 0.21871853515625 0.10707663671875 0.260068310546875 0.1400652734375 0.2693176015625 0.15618830859375 0.2573479296875 0.147697953125 0.222527068359375
0 0.29292794921875 0.3182844375 0.325523640625 0.196955498046875 0.304792080078125 0.172472080078125 0.2774892890625 0.161046484375 0.257277623046875 0.227967828125 0.246006181640625 0.306314767578125 0.29292794921875 0.3182844375
0 0.638192255859375 0.313931830078125 0.646577322265625 0.171383927734375 0.594324369140625 0.167575396484375 0.584441328125 0.310667373046875 0.638224498046875 0.31447590625 0.638192255859375 0.313931830078125
0 0.708599462890625 0.3400474765625 0.708864197265625 0.153429419921875 0.66034823828125 0.150709041015625 0.653157115234375 0.334062640625 0.708599462890625 0.3400474765625
0 0.780680208984375 0.332430412109375 0.775324083984375 0.1594142578125 0.725326525390625 0.162678712890625 0.7247225 0.3280778046875 0.780680208984375 0.332430412109375
0 0.86099237109375 0.334606716796875 0.849256953125 0.146900509765625 0.79176953515625 0.152885345703125 0.79776998828125 0.326445578125 0.86099237109375 0.334606716796875