0 0.973377576171875 0.3746925703125 0.983034767578125 0.1840183203125 0.925614189453125 0.175923869140625 0.903399169921875 0.369467701171875 0.973377576171875 0.3746925703125
0 0.747236892578125 0.344945837890625 0.774231646484375 0.185322671875 0.7257676328125 0.16367784375 0.68738027734375 0.347621626953125 0.747236892578125 0.344945837890625
0 0.668486185546875 0.17436609765625 0.645390001953125 0.24895280859375 0.631409392578125 0.331455087890625 0.68175995703125 0.336076228515625 0.711978744140625 0.204135189453125 0.668486185546875 0.17436609765625
0 0.610436716796875 0.179928677734375 0.586446478515625 0.244860912109375 0.573593890625 0.31642570703125 0.618370740234375 0.32188015234375 0.651118798828125 0.20039841796875 0.610436716796875 0.179928677734375
0 0.556458994140625 0.17121176171875 0.535542427734375 0.23813773046875 0.52200575390625 0.3205887578125 0.5667624609375 0.323324474609375 0.598283005859375 0.190984830078125 0.556458994140625 0.17121176171875
0 0.4723518125 0.165227884765625 0.447317208984375 0.227237435546875 0.430292345703125 0.31511325 0.47278205078125 0.31508807421875 0.510687125 0.2009179921875 0.4723518125 0.165227884765625
0 0.354681927734375 0.295082880859375 0.3957981171875 0.201411451171875 0.3567517109375 0.16150176953125 0.32593911328125 0.223596921875 0.318623123046875 0.29138698046875 0.332629892578125 0.300848283203125 0.354681927734375 0.295082880859375
0 0.290386078125 0.28817950390625 0.315412009765625 0.270888330078125 0.32700351953125 0.229624158203125 0.340321291015625 0.19196021875 0.31599274609375 0.165731412109375 0.2763253203125 0.22554054296875 0.271607537109375 0.276975990234375 0.290386078125 0.28817950390625
0 0.13573565234375 0.335793169921875 0.117686388671875 0.37715301171875 0.118826880859375 0.393452232421875 0.1326948984375 0.384182271484375 0.145744681640625 0.4021179609375 0.18304636328125 0.34415678125 0.19459339453125 0.342777111328125 0.197898220703125 0.330037837890625 0.173149228515625 0.292937849609375 0.13573565234375 0.335793169921875
0 0.047381935546875 0.46420616796875 0.051705625 0.499806298828125 0.06505621484375 0.49663649609375 0.0656971328125 0.486437234375 0.08657266015625 0.435179130859375 0.111394716796875 0.4008455078125 0.103102681640625 0.377616802734375 0.066629912109375 0.41891620703125 0.047381935546875 0.46420616796875
0 0.08608248828125 0.433488099609375 0.06194871484375 0.496257958984375 0.072886380859375 0.521994912109375 0.08836726953125 0.516246107421875 0.138303638671875 0.45479228125 0.149441970703125 0.410896185546875 0.135151720703125 0.3839351796875 0.10949377734375 0.402147388671875 0.08608248828125 0.433488099609375
0 0.134806595703125 0.466307578125 0.16115596875 0.476956130859375 0.170641787109375 0.467899552734375 0.18523942578125 0.4073938359375 0.2106520859375 0.356068517578125 0.194310154296875 0.342299689453125 0.182605982421875 0.34204851171875 0.151031783203125 0.399833716796875 0.134806595703125 0.466307578125
0 0.16785484765625 0.478555181640625 0.190628560546875 0.49010585546875 0.20656817578125 0.481802814453125 0.220443134765625 0.42045865625 0.246763810546875 0.36275128125 0.218928203125 0.344906994140625 0.21868940625 0.344910533203125 0.1849911953125 0.406123794921875 0.16785484765625 0.478555181640625
0 0.21559232421875 0.5071435390625 0.24060305859375 0.4982815390625 0.255474083984375 0.44244208203125 0.285298091796875 0.37406846484375 0.25386166796875 0.353730080078125 0.22089871484375 0.417479890625 0.20493119140625 0.486497375 0.21559232421875 0.5071435390625
0 0.2388090390625 0.514017341796875 0.23881218359375 0.5144418671875 0.264976216796875 0.53231091796875 0.285641447265625 0.517144689453125 0.2963523046875 0.447780509765625 0.316706212890625 0.39058610546875 0.28600190234375 0.3723597421875 0.2545188984375 0.442456232421875 0.2388090390625 0.514017341796875
0 0.3201350546875 0.53106917578125 0.332439263671875 0.5156022421875 0.34828748828125 0.46272032421875 0.374523259765625 0.393550716796875 0.331558568359375 0.364467078125 0.294903802734375 0.445679099609375 0.285393216796875 0.515874646484375 0.3201350546875 0.53106917578125
0 0.38094875 0.390483509765625 0.3478004609375 0.461453818359375 0.323318025390625 0.541636361328125 0.36496609375 0.554181134765625 0.4150685390625 0.41842446484375 0.38094875 0.390483509765625
0 0.574912599609375 0.6215500390625 0.60941230078125 0.60405598828125 0.6489729140625 0.4315175859375 0.628012087890625 0.4067782734375 0.5961578203125 0.39451298046875 0.571197791015625 0.47470259765625 0.545065990234375 0.590149189453125 0.574912599609375 0.6215500390625
0 0.72808687109375 0.440110720703125 0.70000381640625 0.55006676171875 0.67414540234375 0.67017961328125 0.753321048828125 0.68710094921875 0.78888896875 0.45916491015625 0.72808687109375 0.440110720703125
1 1 0.582761875 0.96513848046875 0.578560572265625 0.952928220703125 0.744716130859375 1 0.753811474609375 1 0.582761875
1 0.948550310546875 0.7421977265625 0.961864615234375 0.577963259765625 0.873054353515625 0.55473796484375 0.852786033203125 0.711971482421875 0.948550310546875 0.7421977265625
1 0.8523941015625 0.708102392578125 0.870879748046875 0.555415998046875 0.78864113671875 0.53661405859375 0.763550359375 0.6803568828125 0.8523941015625 0.708102392578125
1 0.6801455234375 0.65123916796875 0.708189986328125 0.513910740234375 0.64452401953125 0.501291806640625 0.613138720703125 0.6289824921875 0.6801455234375 0.65123916796875
1 0.5424565546875 0.600967923828125 0.57064930078125 0.48365758984375 0.524059998046875 0.471431484375 0.48925255078125 0.57850676171875 0.5424565546875 0.600967923828125
1 0.488526087890625 0.5785175234375 0.5215317265625 0.473406388671875 0.469140287109375 0.462557873046875 0.433902642578125 0.5605981015625 0.488526087890625 0.5785175234375
1 0.434308923828125 0.56640442578125 0.470234765625 0.463187474609375 0.420739609375 0.451004419921875 0.384072955078125 0.552294896484375 0.434308923828125 0.56640442578125
1 0.3963208828125 0.293141302734375 0.42775909765625 0.2216358125 0.39099139453125 0.211201650390625 0.357431193359375 0.2904883671875 0.3963208828125 0.293141302734375
1 0.4312054609375 0.29456194140625 0.451737162109375 0.2219263984375 0.42702306640625 0.220355083984375 0.3963208828125 0.293141302734375 0.4312054609375 0.29456194140625
1 0.5206608671875 0.30679880859375 0.53932379296875 0.2270869765625 0.51133583203125 0.224918349609375 0.482497640625 0.304135111328125 0.5206608671875 0.30679880859375
1 0.829307525390625 0.33774613671875 0.845308248046875 0.24192834765625 0.782019861328125 0.23124126953125 0.759528802734375 0.3336133671875 0.829307525390625 0.33774613671875
1 0.905681814453125 0.34953098046875 0.91794498828125 0.239560615234375 0.846727689453125 0.237386607421875 0.830435484375 0.342895951171875 0.905681814453125 0.34953098046875