0 1 0.806823837890625 0.9756493046875 0.8073886640625 0.974003501953125 1 1 1 1 0.806823837890625
0 0.61676545703125 0.758766392578125 0.640536064453125 0.983329384765625 0.696581474609375 0.97842626171875 0.6803889140625 0.7754370078125 0.61676545703125 0.758766392578125
0 0.543504642578125 0.773475759765625 0.5645172421875 0.998038751953125 0.6242059453125 0.9882325078125 0.599550048828125 0.76857263671875 0.543504642578125 0.773475759765625
0 0.465568154296875 0.74503765234375 0.490732064453125 0.963716896484375 0.55063868359375 0.958813775390625 0.526069955078125 0.741115154296875 0.465568154296875 0.74503765234375
0 0.394658111328125 0.73817328125 0.421999828125 0.968620017578125 0.483648416015625 0.965678146484375 0.460313640625 0.750921396484375 0.394658111328125 0.73817328125
0 0.343624783203125 0.8558482109375 0.364546130859375 0.96665876953125 0.421346078125 0.95391065234375 0.388721248046875 0.741115154296875 0.330367287109375 0.73130891015625 0.343624783203125 0.8558482109375
0 0.2804807421875 0.84996446484375 0.303085498046875 0.94900753125 0.329823857421875 0.95489127734375 0.357127435546875 0.936259412109375 0.323763052734375 0.74405702734375 0.27372669140625 0.73523140625 0.2804807421875 0.84996446484375
0 0.192294005859375 0.764650138671875 0.24133203515625 0.86271258203125 0.28434058984375 0.812700736328125 0.228667 0.66462644921875 0.204656681640625 0.63324646875 0.165522958984375 0.658742703125 0.192294005859375 0.764650138671875
0 0.1436659296875 0.762688890625 0.187811734375 0.84996446484375 0.21666796875 0.816623232421875 0.193571541015625 0.76857263671875 0.172056369140625 0.694045181640625 0.17220073828125 0.6724714453125 0.14909069140625 0.648936458984375 0.1234133125 0.679335814453125 0.1436659296875 0.762688890625
0 0.220053849609375 0.917627548828125 0.264446169921875 0.998038751953125 0.309806859375 0.963716896484375 0.257095572265625 0.845061341796875 0.238951296875 0.858790083984375 0.219092291015625 0.82152635546875 0.19938037890625 0.83721634765625 0.220053849609375 0.917627548828125
0 0.04019234765625 0.234132330078125 0.07896787109375 0.337097892578125 0.127886048828125 0.333175396484375 0.07525648046875 0.067426177734375 0.040069771484375 0.05761993359375 0.00733734375 0.078213046875 0.04019234765625 0.234132330078125
0 0.109665501953125 0.245899822265625 0.1422276796875 0.333175396484375 0.19611026953125 0.329252896484375 0.159827166015625 0.108612404296875 0.137151587890625 0.05761993359375 0.075851666015625 0.068406802734375 0.109665501953125 0.245899822265625
0 0.410832966796875 0.05958118359375 0.44749469921875 0.31356290625 0.51206064453125 0.3017954140625 0.481220009765625 0.054678060546875 0.410832966796875 0.05958118359375
0 0.506332166015625 0.048794314453125 0.544519314453125 0.337097892578125 0.60975262890625 0.31552415625 0.5772122421875 0.03016244921875 0.506332166015625 0.048794314453125
0 0.61446098828125 0.061542431640625 0.6364188046875 0.332194771484375 0.71088497265625 0.332194771484375 0.68751887109375 0.054678060546875 0.61446098828125 0.061542431640625
1 0.7253328359375 0.061542431640625 0.733544205078125 0.333175396484375 0.81924533203125 0.325330400390625 0.81935156640625 0.054678060546875 0.7253328359375 0.061542431640625
1 0.322505947265625 0.107631779296875 0.356466875 0.338078517578125 0.43911989453125 0.336117267578125 0.40811990625 0.09782553515625 0.322505947265625 0.107631779296875
1 0.24118902734375 0.127244267578125 0.276281763671875 0.34592351171875 0.35399897265625 0.332194771484375 0.318688322265625 0.108612404296875 0.24118902734375 0.127244267578125
1 0.161729849609375 0.13901176171875 0.20329606640625 0.342001015625 0.273218673828125 0.339059142578125 0.236819802734375 0.128224892578125 0.161729849609375 0.13901176171875
1 0.87623731640625 0.8009332421875 0.878376982421875 0.9607750234375 0.966473830078125 0.969600642578125 0.96916782421875 0.80681698828125 0.87623731640625 0.8009332421875
1 0.78223220703125 0.78328200390625 0.789641369140625 0.949988154296875 0.8738770078125 0.958813775390625 0.8697488515625 0.8038751171875 0.78223220703125 0.78328200390625
1 0.69731421875 0.77151451171875 0.71158911328125 0.931356291015625 0.79026515625 0.93920128515625 0.782827392578125 0.784262626953125 0.69731421875 0.77151451171875