0 0.21970748828125 0.373992615234375 0.195785931640625 0.496430865234375 0.1740279453125 0.625626294921875 0.244264578125 0.623024939453125 0.28399272265625 0.385286310546875 0.21970748828125 0.373992615234375
0 0.0742539296875 0.35506933203125 0.04460798046875 0.458727052734375 0.012435400390625 0.605021646484375 0.08882540625 0.60675059765625 0.146044677734375 0.3767208671875 0.0742539296875 0.35506933203125
0 0 0.28769192578125 0.033710953125 0.283758431640625 0.078744857421875 0.132833294921875 0.056883923828125 0.1106803125 0.0198128125 0.108001083984375 0 0.1708813203125 0 0.28769192578125
0 0.138880203125 0.13735978125 0.115776486328125 0.123357291015625 0.0844768359375 0.113035212890625 0.0644750703125 0.181313220703125 0.04308919140625 0.279358857421875 0.099778205078125 0.27793463671875 0.138880203125 0.13735978125
0 0.156595697265625 0.10766265625 0.12998078125 0.1849654296875 0.113383982421875 0.285535181640625 0.173239185546875 0.281967578125 0.20394533203125 0.135625333984375 0.156595697265625 0.10766265625
0 0.272417931640625 0.114854267578125 0.254223626953125 0.101345318359375 0.2176936875 0.09594455859375 0.199474623046875 0.17901472265625 0.182917935546875 0.278907619140625 0.2378229921875 0.288355421875 0.272417931640625 0.114854267578125
0 0.440272654296875 0.27612968359375 0.44931841796875 0.1042501640625 0.401626908203125 0.1012889140625 0.382340853515625 0.2857043984375 0.440272654296875 0.27612968359375
0 0.505016900390625 0.27981009375 0.51189797265625 0.118816705078125 0.46402628125 0.112485265625 0.4532570390625 0.287805474609375 0.505016900390625 0.27981009375
0 0.57384861328125 0.291443583984375 0.57622200390625 0.110355984375 0.52472316796875 0.107535744140625 0.517179341796875 0.298945421875 0.57384861328125 0.291443583984375
0 0.644505650390625 0.2658640078125 0.638761447265625 0.125599380859375 0.590949609375 0.124668701171875 0.591222857421875 0.27391579296875 0.644505650390625 0.2658640078125
0 0.97971076171875 0.305343865234375 0.990034171875 0.11703530078125 0.939422228515625 0.156134818359375 0.97971076171875 0.305343865234375
1 0.95839510546875 0.242590919921875 0.935151390625 0.148443173828125 0.877727607421875 0.1446986640625 0.89848463671875 0.24534358203125 0.95839510546875 0.242590919921875
1 0.8977087421875 0.24323729296875 0.878376705078125 0.148944673828125 0.8191631328125 0.150070255859375 0.835660287109375 0.2466028984375 0.8977087421875 0.24323729296875
1 0.836357181640625 0.244975818359375 0.81883053515625 0.150616330078125 0.760487958984375 0.15224341015625 0.773073435546875 0.2489209296875 0.836357181640625 0.244975818359375
1 0.772899333984375 0.2467923515625 0.759474564453125 0.14907840625 0.700466791015625 0.151797634765625 0.709948185546875 0.250191388671875 0.772899333984375 0.2467923515625
1 0.70974238671875 0.2485977421875 0.699595794921875 0.151296138671875 0.6409523203125 0.152934361328125 0.645555943359375 0.25257628515625 0.70974238671875 0.2485977421875
1 0.38296194140625 0.260392783203125 0.394509236328125 0.1629651640625 0.337238302734375 0.159954037109375 0.321335650390625 0.26267523828125 0.38296194140625 0.260392783203125
1 0.321427091796875 0.261132171875 0.33609600390625 0.164615390625 0.273982501953125 0.16537620703125 0.25433409765625 0.263103869140625 0.321427091796875 0.261132171875
1 0 0.6011748984375 0.0096096484375 0.602686064453125 0.03997999609375 0.4701750703125 0 0.466098423828125 0 0.6011748984375
1 0.1742202734375 0.601721646484375 0.200098818359375 0.462191833984375 0.132259771484375 0.462138255859375 0.099315498046875 0.603982669921875 0.1742202734375 0.601721646484375
1 0.341341048828125 0.59486463671875 0.357874333984375 0.450985361328125 0.284643689453125 0.45323841796875 0.2627695390625 0.600070638671875 0.341341048828125 0.59486463671875
1 0.421642779296875 0.590972123046875 0.43102316796875 0.450112900390625 0.36014955078125 0.45181947265625 0.343875125 0.595689162109375 0.421642779296875 0.590972123046875
1 0.498878861328125 0.59086666015625 0.504567216796875 0.446929859375 0.43410223828125 0.450458048828125 0.4240677734375 0.59363744140625 0.498878861328125 0.59086666015625
1 0.577940822265625 0.58610168359375 0.573506294921875 0.4429989921875 0.507387427734375 0.44728459375 0.502502927734375 0.590732435546875 0.577940822265625 0.58610168359375
1 0.65577644140625 0.58459644921875 0.646968533203125 0.441196546875 0.57767535546875 0.442385392578125 0.58110170703125 0.585066236328125 0.65577644140625 0.58459644921875
1 0.735328857421875 0.58027249609375 0.71915030859375 0.43484963671875 0.649352830078125 0.440189861328125 0.658855513671875 0.584941599609375 0.735328857421875 0.58027249609375
1 0.81166584375 0.577904390625 0.79082778125 0.432654103515625 0.721793466796875 0.43383336328125 0.738871111328125 0.581518869140625 0.81166584375 0.577904390625
1 0.88955600390625 0.575478759765625 0.861919568359375 0.42726594140625 0.79375707421875 0.431168044921875 0.81642059375 0.580483421875 0.88955600390625 0.575478759765625
1 0.963420033203125 0.56585521875 0.931028419921875 0.4237879765625 0.866402033203125 0.425722357421875 0.893357119140625 0.57671554296875 0.963420033203125 0.56585521875