0 0 0.9942618203125 0.02154233984375 0.99278883984375 0.08036949609375 0.656949291015625 0.00082855078125 0.63927352734375 0 0.9942618203125
1 0 0.1178384375 0.001657103515625 0.218001111328125 0.045570333984375 0.22831197265625 0.07871239453125 0.08101392578125 0.00911406640625 0.07217604296875 0 0.1178384375
1 0.125403224609375 0.23442090625 0.1533902109375 0.0803728828125 0.0769642109375 0.077502421875 0.048977224609375 0.22676634765625 0.125403224609375 0.23442090625
1 0.207211337890625 0.24207546875 0.226586943359375 0.08324334375 0.151775578125 0.0803728828125 0.124326802734375 0.231550447265625 0.207211337890625 0.24207546875
1 0.284175548828125 0.246859568359375 0.30032188671875 0.088027443359375 0.227125154296875 0.081329703125 0.20452028125 0.2372913671875 0.284175548828125 0.246859568359375
1 0.36490723828125 0.25068684765625 0.37620967578125 0.089941083984375 0.303012943359375 0.084200162109375 0.28579018359375 0.244945927734375 0.36490723828125 0.25068684765625
1 0.444024294921875 0.258341408203125 0.45209746484375 0.09376836328125 0.37728609765625 0.087070623046875 0.36490723828125 0.25164366796875 0.444024294921875 0.258341408203125
1 0.524755984375 0.264082328125 0.52959988671875 0.099509283203125 0.45532673046875 0.09472518359375 0.445100716796875 0.25547094921875 0.524755984375 0.264082328125
1 0.60764051953125 0.267909607421875 0.609793365234375 0.101422923828125 0.53067630859375 0.097595642578125 0.5242177734375 0.26599596875 0.60764051953125 0.267909607421875
1 0.6894486328125 0.273650529296875 0.68514294140625 0.1062070234375 0.609255154296875 0.101422923828125 0.60764051953125 0.273650529296875 0.6894486328125 0.273650529296875
1 0.731694888671875 0.948115939453125 0.724901064453125 0.717427857421875 0.630466904296875 0.705349947265625 0.630466904296875 0.950531521484375 0.731694888671875 0.948115939453125
1 0.63318443359375 0.946908146484375 0.629108140625 0.702934365234375 0.53671212890625 0.69206424609375 0.530597685546875 0.9372458203125 0.63318443359375 0.946908146484375
1 0.529238921875 0.93966140234375 0.53535336328125 0.698103201171875 0.443636734375 0.686025291015625 0.430728466796875 0.936038029296875 0.529238921875 0.93966140234375
1 0.43684291015625 0.81405113671875 0.4429573515625 0.683609708984375 0.355317015625 0.6799863359375 0.344446896484375 0.81405113671875 0.43684291015625 0.81405113671875
1 0.339691220703125 0.810427763671875 0.351920103515625 0.681194126953125 0.261562240234375 0.676362962890625 0.244577677734375 0.808012181640625 0.339691220703125 0.810427763671875
1 0.22215805859375 0.931206865234375 0.247295208984375 0.67757075390625 0.169845609375 0.66307726171875 0.13383833984375 0.9179211640625 0.22215805859375 0.931206865234375
1 0.13587648828125 0.916713373046875 0.169845609375 0.66549284375 0.0835640390625 0.649791560546875 0.0421217109375 0.91067441796875 0.13587648828125 0.916713373046875