0 0.556640625 0.8525390625 0.08984375 0.294921875
0 0.6640625 0.849609375 0.09765625 0.2958984375
0 0.7705078125 0.8505859375 0.0947265625 0.2978515625
0 0.6875 0.158203125 0.0712890625 0.234375
0 0.6103515625 0.134765625 0.0751953125 0.2646484375
0 0.5302734375 0.1513671875 0.07421875 0.255859375
0 0.447265625 0.12890625 0.0703125 0.2578125
0 0.3720703125 0.125 0.0859375 0.25
0 0.2958984375 0.1259765625 0.0732421875 0.2431640625
0 0.9814453125 0.142578125 0.037109375 0.275390625
0 0.180608392578125 0 0.14831417578125 0.0968826484375 0.179412310546875 0.1334827578125 0.27629495703125 0 0.180608392578125 0
0 0.194961376953125 0.3423186875 0.26553021875 0.14209455078125 0.211706525390625 0.071047275390625 0.116019958984375 0.303565626953125 0.194961376953125 0.3423186875
0 0.1208042890625 0.310024470703125 0.179412310546875 0.12917686328125 0.1399416015625 0.08181201171875 0.057411939453125 0.258353724609375 0.1208042890625 0.310024470703125
0 0.185565421875 1 0.2122335078125 0.7060375390625 0.132229251953125 0.69803711328125 0.096671806640625 0.998053064453125 0.185565421875 1
0 0.088893615234375 0.992052744140625 0.124451060546875 0.7060375390625 0.031112765625 0.684036369140625 0 1 0.088893615234375 0.992052744140625
1 0.27886098046875 0.92697236328125 0.3012980703125 0.68657496484375 0.20513911328125 0.68657496484375 0.18163358984375 0.903894212890625 0.27886098046875 0.92697236328125
1 0.389978 0.9365882578125 0.4027991953125 0.68657496484375 0.30236650390625 0.68849814453125 0.285271578125 0.932741900390625 0.389978 0.9365882578125
1 0.501095017578125 0.946204154296875 0.50430031640625 0.68849814453125 0.4060044921875 0.68657496484375 0.39425173046875 0.9385114375 0.501095017578125 0.946204154296875
1 0.95731585546875 0.971205482421875 0.91778383984375 0.694267681640625 0.81841958203125 0.700037220703125 0.840856671875 0.967359125 0.95731585546875 0.971205482421875
1 0.812008984375 0.2596291875 0.80239308984375 0.10577485546875 0.72439748828125 0.10769803515625 0.729739654296875 0.255782830078125 0.812008984375 0.2596291875
1 0.897483615234375 0.255782830078125 0.880388689453125 0.11539075 0.80239308984375 0.101928498046875 0.809872119140625 0.2615523671875 0.897483615234375 0.255782830078125
1 0.97547921484375 0.2692450859375 0.95945272265625 0.113467572265625 0.881457123046875 0.11539075 0.896415181640625 0.255782830078125 0.97547921484375 0.2692450859375