0 0.5830078125 0.8076171875 0.0869140625 0.27734375
0 0.6923828125 0.810546875 0.08984375 0.3330078125
0 0.796875 0.7958984375 0.0908203125 0.2880859375
0 0.70703125 0.111328125 0.0693359375 0.22265625
0 0.62890625 0.1083984375 0.0751953125 0.216796875
0 0.5478515625 0.111328125 0.072265625 0.22265625
0 0.4677734375 0.10546875 0.068359375 0.2109375
0 0.3896484375 0.1025390625 0.080078125 0.205078125
0 0.3115234375 0.10546875 0.072265625 0.2109375
0 0.214172232421875 0.974353068359375 0.23767894140625 0.65583716796875 0.161282138671875 0.65466183203125 0.126675041015625 0.9708270625 0.214172232421875 0.974353068359375
0 0.12732800390625 0.9720023984375 0.159323248046875 0.65583716796875 0.065949376953125 0.65583716796875 0.0352600625 0.976703740234375 0.12732800390625 0.9720023984375
0 0.21025444921875 0.31263922265625 0.28730421484375 0.102254181640625 0.23114930078125 0.044662744140625 0.14169321484375 0.266801142578125 0.21025444921875 0.31263922265625
0 0.192624416015625 0 0.16715881640625 0.075221466796875 0.2063366640625 0.106955525390625 0.28077457421875 0 0.192624416015625 0
0 0.13516357421875 0.290307849609375 0.203724806640625 0.10107884765625 0.15867028125 0.059942107421875 0.079661623046875 0.238593091796875 0.13516357421875 0.290307849609375
1 0.31329117578125 0.886166466796875 0.332007271484375 0.65180839453125 0.23924053515625 0.645949443359375 0.215641978515625 0.86566013671875 0.31329117578125 0.886166466796875
1 0.42151903515625 0.89495489453125 0.431283955078125 0.65180839453125 0.3336347578125 0.644484705078125 0.3165461484375 0.881772255859375 0.42151903515625 0.89495489453125
1 0.52811941015625 0.9154612265625 0.52811941015625 0.64887891796875 0.42965646875 0.64887891796875 0.423146521484375 0.897884373046875 0.52811941015625 0.9154612265625
1 0.836047107421875 0.20466433203125 0.828021056640625 0.051768037109375 0.749098208984375 0.0541758515625 0.75378007421875 0.2082760546875 0.836047107421875 0.20466433203125
1 0.9229960078125 0.197440884765625 0.906275064453125 0.050564130859375 0.829358732421875 0.04936022265625 0.838722458984375 0.20346042578125 0.9229960078125 0.197440884765625
1 1 0.19984869921875 0.985197912109375 0.0541758515625 0.9109569296875 0.050564130859375 0.9263401953125 0.1962369765625 1 0.19984869921875
1 0.985984072265625 0.921590349609375 0.948695947265625 0.646662134765625 0.841134048828125 0.6556973359375 0.869100142578125 0.922881091796875 0.985984072265625 0.921590349609375