0 0.95660916796875 0.58903148828125 0.909629208984375 0.3674156796875 0.838349271484375 0.3674156796875 0.881279232421875 0.625481455078125 0.95660916796875 0.58903148828125
0 0.94688917578125 0.291599748046875 0.912869205078125 0.107891904296875 0.8545492578125 0.138509880859375 0.888569228515625 0.298889740234375 0.94688917578125 0.291599748046875
0 0.879659234375 0.28722575 0.84968926171875 0.122471892578125 0.7913693125 0.1341358828125 0.8180992890625 0.304721734375 0.879659234375 0.28722575
0 0.806759298828125 0.282851755859375 0.784079318359375 0.131219884765625 0.73223936328125 0.131219884765625 0.75005934765625 0.28868375 0.806759298828125 0.282851755859375
0 0.746819349609375 0.291599748046875 0.7265693671875 0.125387890625 0.672299416015625 0.122471892578125 0.693359396484375 0.2959737421875 0.746819349609375 0.291599748046875
0 0.6204594609375 0.2959737421875 0.60668947265625 0.123929892578125 0.557279515625 0.12976188671875 0.568619505859375 0.298889740234375 0.6204594609375 0.2959737421875
0 0.5927734375 0.515625 0.060546875 0.208984375
0 0.51953125 0.4931640625 0.0634765625 0.21875
0 0.4423828125 0.5146484375 0.0625 0.2216796875
0 0.3642578125 0.5 0.0625 0.2275390625
0 0.408203125 0.2080078125 0.052734375 0.173828125
0 0.326171875 0.21484375 0.0615234375 0.1591796875
0 0.2841796875 0.4912109375 0.078125 0.2216796875
0 0.2109375 0.4931640625 0.076171875 0.2255859375
0 0.142559876953125 0.3120117265625 0.051839955078125 0.465101595703125 0.08504992578125 0.520505546875 0.1158298984375 0.473849587890625 0.137699880859375 0.47239158984375 0.191969833984375 0.370331677734375 0.142559876953125 0.3120117265625
0 0 0.69692339453125 0.0809999296875 0.520505546875 0.051029955078125 0.46364359765625 0 0.55112351953125 0 0.69692339453125
0 0.01457998828125 0.691091400390625 0.087479923828125 0.7115033828125 0.172529849609375 0.51758955078125 0.13121988671875 0.46218559765625 0.11177990234375 0.460727599609375 0.01457998828125 0.691091400390625
1 0.4932895703125 0.284309751953125 0.4932895703125 0.179333845703125 0.437399619140625 0.172043849609375 0.431729625 0.28722575 0.4932895703125 0.284309751953125
1 0.558089515625 0.284309751953125 0.554039517578125 0.18370783984375 0.4932895703125 0.172043849609375 0.496529568359375 0.284309751953125 0.558089515625 0.284309751953125
1 0.68606940234375 0.2784777578125 0.66905941796875 0.172043849609375 0.60992946875 0.1705858515625 0.621269458984375 0.281393755859375 0.68606940234375 0.2784777578125
1 0.718469375 0.609443470703125 0.702269388671875 0.466559595703125 0.629369453125 0.469475591796875 0.639899443359375 0.612359466796875 0.718469375 0.609443470703125
1 0.79541930859375 0.594863482421875 0.772739328125 0.468017591796875 0.701459390625 0.465101595703125 0.719279375 0.60798547265625 0.79541930859375 0.594863482421875
1 0.8723692421875 0.59923748046875 0.844829265625 0.469475591796875 0.774359326171875 0.466559595703125 0.794609310546875 0.59777948046875 0.8723692421875 0.59923748046875
1 0.9962991328125 0.281393755859375 0.96632916015625 0.180791841796875 0.9250191953125 0.17641784765625 0.9436491796875 0.2784777578125 0.9962991328125 0.281393755859375
1 1 0.5277955390625 0.98333914453125 0.46218559765625 0.931499189453125 0.46364359765625 0.953369169921875 0.596321482421875 1 0.5831994921875 1 0.5277955390625