0 1 0.044850732421875 0.98152372265625 0.042118310546875 0.962694361328125 0.049608568359375 1 0.142299119140625 1 0.044850732421875
0 1 0.14314277734375 0.96141525390625 0.035665162109375 0.91193344140625 0.060786341796875 0.96329358203125 0.186737955078125 1 0.16586903515625 1 0.14314277734375
0 0.96346643359375 0.163345294921875 0.9080154609375 0.04546012109375 0.866035431640625 0.060728728515625 0.91676177734375 0.19451630078125 0.96346643359375 0.163345294921875
0 0.91184125390625 0.174580685546875 0.8566553203125 0.036414189453125 0.80649362109375 0.0678156640625 0.8676371953125 0.2024675 0.91184125390625 0.174580685546875
0 0.925600287109375 0.4635895 0.851423662109375 0.269015583984375 0.793391427734375 0.29782427734375 0.860746154296875 0.49597047265625 0.925600287109375 0.4635895
0 0.790326181640625 0.486636455078125 0.73152187890625 0.28480274609375 0.66694430859375 0.326517734375 0.72638240625 0.52051548046875 0.790326181640625 0.486636455078125
0 0.76006553125 0.2252263671875 0.712830796875 0.063148658203125 0.661758744140625 0.093052080078125 0.713948572265625 0.247005740234375 0.76006553125 0.2252263671875
0 0.6995211796875 0.22770391796875 0.657068689453125 0.0808948125 0.6074025 0.099793314453125 0.651860078125 0.255821201171875 0.6995211796875 0.22770391796875
0 0.63269653515625 0.222806439453125 0.602170841796875 0.098583349609375 0.555915603515625 0.11569571484375 0.588492474609375 0.250693251953125 0.63269653515625 0.222806439453125
0 0.579757677734375 0.248158087890625 0.5413960234375 0.093282548828125 0.494184333984375 0.107341193359375 0.52941160546875 0.27333688671875 0.579757677734375 0.248158087890625
1 0.84692950390625 0.1757906484375 0.81269325390625 0.101694689453125 0.764479025390625 0.11114394140625 0.80167680859375 0.19751240625 0.84692950390625 0.1757906484375
1 0.799763912109375 0.191404962890625 0.76534328515625 0.11108632421875 0.72754627734375 0.1213998359375 0.755145005859375 0.205290751953125 0.799763912109375 0.191404962890625
1 1 0.3881717734375 0.966347302734375 0.3190274765625 0.91476821875 0.33181853515625 0.96325901171875 0.448608982421875 1 0.424447283203125 1 0.3881717734375
1 0.96312073046875 0.443941974609375 0.913224072265625 0.33815644921875 0.8767868359375 0.335909369140625 0.92118679296875 0.460766251953125 0.96312073046875 0.443941974609375
1 0.844590240234375 0.4767838828125 0.80401607421875 0.364141890625 0.75421160546875 0.3783733828125 0.78537108984375 0.4947605078125 0.844590240234375 0.4767838828125
1 0.715008734375 0.516597498046875 0.68125646875 0.4003832265625 0.620078328125 0.41069673828125 0.6522403515625 0.53169325390625 0.715008734375 0.516597498046875
1 0.64887549609375 0.5350350625 0.616575189453125 0.4093715390625 0.552262662109375 0.43080520703125 0.5795156875 0.56148144140625 0.64887549609375 0.5350350625
1 0.57869751953125 0.563094728515625 0.5548093515625 0.429076685546875 0.487904037109375 0.45068320703125 0.51125060546875 0.5956485546875 0.57869751953125 0.563094728515625
1 0.524583267578125 0.256512609375 0.50257342578125 0.156661677734375 0.446673037109375 0.169740826171875 0.4652719296875 0.271377896484375 0.524583267578125 0.256512609375
1 0.40154709765625 0.2834199296875 0.386313060546875 0.178441048828125 0.32235776171875 0.182704734375 0.337960548828125 0.30012897265625 0.40154709765625 0.2834199296875
1 0.336139841796875 0.2971328671875 0.32235776171875 0.182704734375 0.26463666015625 0.19278777734375 0.2699605078125 0.314014763671875 0.336139841796875 0.2971328671875
0 0.42606336805555556 0.2123046875 0.0796006944444444 0.18658854166666666
0 0.45634403935185186 0.5077473958333334 0.0771339699074074 0.20201822916666679
0 0.3827835648148148 0.5018880208333334 0.08081597222222214 0.2276041666666666
0 0.30010127314814816 0.5514322916666666 0.08294270833333339 0.23359375000000004
0 0.23799189814814817 0.23854166666666665 0.07095630787037038 0.1908854166666667
0 0.2141059027777778 0.5552083333333333 0.07881221064814814 0.2586588541666668
0 0.12360387731481481 0.5720052083333333 0.08851996527777778 0.2573567708333333
0 0.04789496527777777 0.5927083333333334 0.06720920138888889 0.2617838541666666
0 0.1466579861111111 0.2602864583333333 0.08456307870370372 0.1567057291666667