0 1 0.7378666640625 0.98577865625 0.733193083984375 0.94420194921875 0.84875435546875 0.9956081796875 0.86048909765625 1 0.84229623828125 1 0.7378666640625
0 0.94000740234375 0.70718843359375 0.895941625 0.8555724140625 0.936204654296875 0.870917845703125 0.98841753125 0.734633517578125 0.94000740234375 0.70718843359375
0 0.89088281640625 0.714044904296875 0.851541666015625 0.84664171875 0.8960338125 0.85868375390625 0.93319702734375 0.74020319921875 0.89088281640625 0.714044904296875
0 0.840663501953125 0.7131614375 0.7883584375 0.84633442578125 0.844593009765625 0.874989474609375 0.88202126171875 0.7362468046875 0.840663501953125 0.7131614375
0 0.82526813671875 0.427225548828125 0.76438960546875 0.621530583984375 0.825671458984375 0.64528815625 0.8892810546875 0.455534890625 0.82526813671875 0.427225548828125
0 0.68897996875 0.41303246484375 0.64343918359375 0.628463876953125 0.704721037109375 0.652221447265625 0.754767501953125 0.44282065625 0.68897996875 0.41303246484375
0 0.685131126953125 0.6920350625 0.651620853515625 0.84618078125 0.69748429296875 0.875296767578125 0.7384502578125 0.709915658203125 0.685131126953125 0.6920350625
0 0.630544412109375 0.689787986328125 0.59862437890625 0.839189873046875 0.644072974609375 0.854304830078125 0.682181115234375 0.709301072265625 0.630544412109375 0.689787986328125
0 0.56476840234375 0.689595927734375 0.541260509765625 0.830835349609375 0.59116869140625 0.85042526171875 0.617177177734375 0.705959265625 0.56476840234375 0.689595927734375
0 0.507946134765625 0.670313306640625 0.489865798828125 0.848696740234375 0.532537236328125 0.857704255859375 0.5655865703125 0.688001845703125 0.507946134765625 0.670313306640625
1 0.7787132890625 0.72526108984375 0.749132521484375 0.807577130859375 0.796079166015625 0.814836921875 0.82570602734375 0.734076548828125 0.7787132890625 0.72526108984375
1 0.734451609375 0.72099740234375 0.710056408203125 0.803082974609375 0.750676666015625 0.801277630859375 0.77798730859375 0.729966509765625 0.734451609375 0.72099740234375
1 1 0.496664482421875 0.98062766015625 0.471725376953125 0.93545562890625 0.5827732890625 0.98504115234375 0.591473515625 1 0.555106619140625 1 0.496664482421875
1 0.92258390625 0.4696319453125 0.883369509765625 0.577299638671875 0.934775744140625 0.589034380859375 0.9749465859375 0.484439615234375 0.92258390625 0.4696319453125
1 0.881318330078125 0.44965791796875 0.849386775390625 0.569463673828125 0.882459154296875 0.575782380859375 0.9234020703125 0.468037865234375 0.881318330078125 0.44965791796875
1 0.755447384765625 0.43655956640625 0.729335185546875 0.54831808984375 0.7746455 0.558766044921875 0.806853619140625 0.44829430859375 0.755447384765625 0.43655956640625
1 0.614423068359375 0.408557513671875 0.590223765625 0.526461896484375 0.655458169921875 0.53758205078125 0.680475640625 0.418083591796875 0.614423068359375 0.408557513671875
1 0.543634345703125 0.38522247265625 0.526810068359375 0.5183762578125 0.591998380859375 0.5279407421875 0.614376974609375 0.40700184375 0.543634345703125 0.38522247265625
1 0.47034502734375 0.365114005859375 0.45889069140625 0.50425999609375 0.52426337890625 0.520047162109375 0.5454089609375 0.3867013203125 0.47034502734375 0.365114005859375
1 0.446226388671875 0.690191306640625 0.434622248046875 0.795074158203125 0.49007322265625 0.79728282421875 0.504454521484375 0.6985074140625 0.446226388671875 0.690191306640625
1 0.313303076171875 0.67273323828125 0.30661945703125 0.797647734375 0.366207361328125 0.7934416640625 0.377534939453125 0.679224796875 0.313303076171875 0.67273323828125
1 0.242157125 0.666548970703125 0.24561416796875 0.783224181640625 0.3087973984375 0.783531474609375 0.313303076171875 0.67273323828125 0.242157125 0.666548970703125
0 0.42421875 0.4563802083333333 0.07768373842592591 0.21898871527777775
0 0.3462094907407407 0.4637586805555556 0.08024450231481484 0.23958333333333326
0 0.2675853587962963 0.4173828125 0.08843315972222221 0.25262586805555554
0 0.17699652777777777 0.42923177083333336 0.08650896990740742 0.253515625
0 0.08097511574074073 0.4227430555555556 0.09348958333333335 0.2587022569444444
0 0.024819155092592592 0.4086154513888889 0.032421874999999996 0.23843315972222223
0 0.11763599537037037 0.7359809027777777 0.09031394675925924 0.18444010416666679
0 0.21256510416666669 0.7386067708333333 0.07147714120370374 0.20700954861111098