1 0 0.251712609375 0.047816373046875 0.2403449453125 0.044207591796875 0.1120527109375 0 0.1088048046875 0 0.251712609375
1 0.128111794921875 0.235473087890625 0.11638325 0.123420376953125 0.045109787109375 0.113676662109375 0.0505229609375 0.243592849609375 0.128111794921875 0.235473087890625
1 0.271560916015625 0.235473087890625 0.251712611328125 0.128292234375 0.18765671484375 0.123420376953125 0.202091845703125 0.235473087890625 0.271560916015625 0.235473087890625
1 0.319377291015625 0.56513541015625 0.294115810546875 0.423851556640625 0.22284234765625 0.435219224609375 0.23998406640625 0.581374931640625 0.319377291015625 0.56513541015625
1 0.38884636328125 0.545647982421875 0.3635848828125 0.42222760546875 0.296822396484375 0.42060365234375 0.316670705078125 0.560263552734375 0.38884636328125 0.545647982421875
1 0.45741323828125 0.535904267578125 0.424031998046875 0.410859939453125 0.362682685546875 0.42060365234375 0.38794416796875 0.55051983984375 0.45741323828125 0.535904267578125
1 0.569468986328125 0.515935650390625 0.53641702734375 0.40572633203125 0.49794671484375 0.414504068359375 0.519078294921875 0.522762775390625 0.569468986328125 0.515935650390625
1 0.54454455859375 0.244801224609375 0.5174527890625 0.157023892578125 0.48331716015625 0.153122677734375 0.5022813984375 0.247727134765625 0.54454455859375 0.244801224609375
1 0.58843322265625 0.245776529296875 0.55917411328125 0.15604858984375 0.518536458984375 0.15507328515625 0.545628228515625 0.247727134765625 0.58843322265625 0.245776529296875
1 0.668865919921875 0.496795689453125 0.633842775390625 0.395380845703125 0.60452992578125 0.4001774921875 0.6342234609375 0.506388984375 0.668865919921875 0.496795689453125
1 0.7122641640625 0.4906285703125 0.67724101953125 0.389898962890625 0.633842775390625 0.39332513671875 0.670007978515625 0.500221865234375 0.7122641640625 0.4906285703125
1 0.75756583984375 0.486517158203125 0.71873583203125 0.38715801953125 0.679144451171875 0.388528490234375 0.71378691015625 0.495425216796875 0.75756583984375 0.486517158203125
1 0.794873103515625 0.476238625 0.75794652734375 0.383046607421875 0.719877890625 0.3851023125 0.7587078984375 0.4851466875 0.794873103515625 0.476238625
1 0.83256105078125 0.4700715078125 0.792208296875 0.3782499609375 0.75794652734375 0.384417078125 0.794492416015625 0.475553390625 0.83256105078125 0.4700715078125
1 0.868345568359375 0.46253391796875 0.82723144140625 0.373453310546875 0.793350357421875 0.3782499609375 0.83294173828125 0.4714419765625 0.868345568359375 0.46253391796875
1 0.89994253515625 0.459107740234375 0.85806703515625 0.370712369140625 0.827612126953125 0.37208283984375 0.869487626953125 0.465960095703125 0.89994253515625 0.459107740234375
1 0.931158814453125 0.4508849140625 0.888902630859375 0.36454525 0.85806703515625 0.3693418984375 0.90108459375 0.461163447265625 0.931158814453125 0.4508849140625
1 0.957806861328125 0.44814397265625 0.91783479296875 0.36454525 0.8881412578125 0.365915720703125 0.931539501953125 0.453625857421875 0.957806861328125 0.44814397265625
1 0.985977650390625 0.44197685546875 0.943340779296875 0.3590633671875 0.91783479296875 0.36454525 0.958568232421875 0.446088267578125 0.985977650390625 0.44197685546875
1 0.776219470703125 0.2473699921875 0.7430997578125 0.16856791796875 0.72673024609375 0.1671974453125 0.75642378125 0.251481404296875 0.776219470703125 0.2473699921875
1 0.80362888671875 0.242573341796875 0.771270548828125 0.16856791796875 0.7434804453125 0.170623623046875 0.77279329296875 0.2473699921875 0.80362888671875 0.242573341796875
1 0.834083794921875 0.246684755859375 0.80172545703125 0.170623623046875 0.771651234375 0.16925315234375 0.803248201171875 0.24599951953125 0.834083794921875 0.246684755859375
1 0.863396646484375 0.2473699921875 0.826850755859375 0.1774759765625 0.803248201171875 0.182957859375 0.8367486015625 0.252851875 0.863396646484375 0.2473699921875
1 0.8885219453125 0.24599951953125 0.852737427734375 0.1774759765625 0.8287541875 0.180216919921875 0.865300078125 0.249425697265625 0.8885219453125 0.24599951953125
0 0.9399146015625 0.256278052734375 0.899181162109375 0.165141740234375 0.865300078125 0.192551158203125 0.914789302734375 0.290539822265625 0.9399146015625 0.256278052734375
0 0.982170787109375 0.227498162109375 0.939153228515625 0.152807501953125 0.906033517578125 0.176105505859375 0.958948919921875 0.269982759765625 0.982170787109375 0.227498162109375
0 0.756006220703125 0.249391693359375 0.72244419140625 0.143284046875 0.6841490546875 0.14715658984375 0.7207230625 0.259460302734375 0.756006220703125 0.249391693359375
0 0.7233047578125 0.2641073515625 0.68543990234375 0.1324409296875 0.647144767578125 0.143284046875 0.681997642578125 0.2757249765625 0.7233047578125 0.2641073515625
0 0.678555384765625 0.260234810546875 0.64843561328125 0.1324409296875 0.6092799140625 0.133989947265625 0.642841943359375 0.267205384765625 0.678555384765625 0.260234810546875
0 0.640260248046875 0.249391693359375 0.604116525390625 0.111529205078125 0.558506587890625 0.133989947265625 0.598522853515625 0.26797989453125 0.640260248046875 0.249391693359375
0 0.633695994140625 0.50669655078125 0.5903218671875 0.3294698671875 0.532634279296875 0.3497689609375 0.578610853515625 0.545733265625 0.633695994140625 0.50669655078125
0 0.517453333984375 0.524653439453125 0.478416619140625 0.310732244140625 0.418126583984375 0.3372772109375 0.46323567578125 0.5433910625 0.517453333984375 0.524653439453125
0 0.506609802734375 0.259203783203125 0.471476759765625 0.092907380859375 0.4241989609375 0.11242573828125 0.45803078125 0.2701340625 0.506609802734375 0.259203783203125
0 0.452825884765625 0.247492767578125 0.42072903125 0.096811052734375 0.367812595703125 0.10383766015625 0.401644416015625 0.265449658203125 0.452825884765625 0.247492767578125
0 0.387330953125 0.24280836328125 0.360005251953125 0.091345912109375 0.31142623046875 0.096030318359375 0.335282001953125 0.249834970703125 0.387330953125 0.24280836328125
0 0.32964336328125 0.24671203515625 0.303185146484375 0.084319302734375 0.255473607421875 0.08900370703125 0.27889563671875 0.254519376953125 0.32964336328125 0.24671203515625
0 0.1611328125 0.154296875 0.078125 0.22265625
0 0.177734375 0.4873046875 0.07421875 0.2353515625
0 0.08984375 0.478515625 0.0869140625 0.2529296875
0 0.017578125 0.5009765625 0.03515625 0.29296875
0 0.8863843515625 0.821948796875 0.8378731328125 0.754560384765625 0.80939915625 0.776390435546875 0.839982314453125 0.887438943359375 0.8863843515625 0.821948796875
0 0.918549400390625 0.78208523046875 0.881111392578125 0.733679470703125 0.844200681640625 0.77164476953125 0.88796623828125 0.827643591796875 0.918549400390625 0.78208523046875
1 0.92962261328125 0.765949974609375 0.911694552734375 0.726086408203125 0.88849353515625 0.741272529296875 0.916440216796875 0.784932626953125 0.92962261328125 0.765949974609375
1 0.957041998046875 0.7289338046875 0.94807796875 0.71564594921875 0.9111672578125 0.725137275390625 0.928568021484375 0.766899107421875 0.957041998046875 0.7289338046875