0 0.4248046875 0.21082899305555555 0.08203125 0.29539930555555555
0 0.310546875 0.20549045138888888 0.0986328125 0.3320240162037037
0 0.2060546875 0.21801938657407408 0.099609375 0.31154513888888885
0 0.296875 0.8876591435185186 0.0712890625 0.2246817129629628
0 0.37109375 0.9033564814814814 0.078125 0.1932870370370372
0 0.4560546875 0.8970829716435185 0.0732421875 0.20583405671296306
0 0.5380859375 0.9068793402777777 0.068359375 0.18624131944444455
0 0.619140625 0.9109736689814815 0.0732421875 0.17805266203703707
0 0.689453125 0.9120153356481482 0.0732421875 0.17596932870370363
0 0.8237614453125 1 0.836454853515625 0.97163167578125 0.800868640625 0.93650536328125 0.7523959453125 1 0.8237614453125 1
0 0.7811749921875 1 0.860683763671875 0.763829505859375 0.80465440625 0.7199202109375 0.716067453125 0.932629857421875 0.773207900390625 1 0.7811749921875 1
0 0.84629784765625 0.988277833984375 0.919741732421875 0.8132800390625 0.861440916015625 0.74749742578125 0.7985971796875 0.94325244140625 0.84629784765625 0.988277833984375
0 0.85235507421875 0.390154642578125 0.8833983671875 0.083064416015625 0.7857255703125 0.0679045234375 0.76376812109375 0.39161847265625 0.85235507421875 0.390154642578125
0 0.9341276484375 0.383037400390625 0.970471015625 0.070652708984375 0.8833983671875 0.06807277734375 0.850840767578125 0.3860211484375 0.9341276484375 0.383037400390625
1 0.767643056640625 0.385974396484375 0.7901551484375 0.16232451171875 0.69447876171875 0.14501759765625 0.671966669921875 0.3903755703125 0.767643056640625 0.385974396484375
1 0.672770671875 0.393293802734375 0.691262748046875 0.1434751015625 0.5859383203125 0.137459966796875 0.57629028125 0.380304685546875 0.672770671875 0.393293802734375
1 0.573878271484375 0.383127630859375 0.58674232421875 0.14182540625 0.479809890625 0.12852659765625 0.475789873046875 0.3787741015625 0.573878271484375 0.383127630859375
1 0.25388497265625 0.959764724609375 0.249864958984375 0.813477818359375 0.167856625 0.81104794140625 0.175092654296875 0.960324546875 0.25388497265625 0.959764724609375
1 0.171876642578125 0.964570875 0.16303260546875 0.81235221484375 0.07861226171875 0.8156396953125 0.093084322265625 0.95500026171875 0.171876642578125 0.964570875
1 0.09388832421875 0.9564712890625 0.08182827734375 0.82441821875 0 0.82488808984375 0.014292001953125 0.96134891015625 0.09388832421875 0.9564712890625
1 0.16184532421875 0.3643638203125 0.141488875 0.097710724609375 0.024660556640625 0.09265603125 0.060063078125 0.367720501953125 0.16184532421875 0.3643638203125