0 0.7392578125 0.89453125 0.0830078125 0.2099609375
0 0.630859375 0.900390625 0.080078125 0.19921875
0 0.5224609375 0.916015625 0.078125 0.16796875
0 1 0.285429751953125 0.979492583984375 0.108063939453125 0.899880263671875 0.1162861953125 0.936423623046875 0.3606046640625 1 0.3488585859375 1 0.285429751953125
0 0.642578125 0.26171875 0.0634765625 0.21484375
0 0.5654296875 0.2333984375 0.06640625 0.23828125
0 0.4892578125 0.2509765625 0.0673828125 0.236328125
0 0.41015625 0.23828125 0.0673828125 0.2333984375
0 0.33203125 0.2314453125 0.078125 0.2373046875
0 0.255859375 0.232421875 0.07421875 0.2353515625
0 0.13638504296875 0.997242216796875 0.15922464453125 0.816352580078125 0.081570001953125 0.8104795390625 0.045679201171875 1 0.13638504296875 0.997242216796875
0 0.04633176171875 1 0.076349521484375 0.8386701328125 0.007830720703125 0.799908068359375 0 0.84219395703125 0 1 0.04633176171875 1
0 0.180759125 0.041111279296875 0.105062162109375 0.20908023046875 0.131164564453125 0.247842294921875 0.1664028046875 0.19381032421875 0.18793728515625 0.203207189453125 0.233616486328125 0.099841681640625 0.180759125 0.041111279296875
0 0.054162482421875 0.4299065390625 0.133774802734375 0.2513661171875 0.092663521484375 0.1985087578125 0.016314 0.3629538828125 0.054162482421875 0.4299065390625
0 0.142910642578125 0.454573306640625 0.21860760546875 0.250191509765625 0.1664028046875 0.1844134609375 0.074391841796875 0.4158112421875 0.142910642578125 0.454573306640625
1 0.24536256640625 0.997242216796875 0.26167656640625 0.80813032421875 0.164445123046875 0.81517797265625 0.1376901640625 0.996067609375 0.24536256640625 0.997242216796875
1 0.35825544921875 1 0.36478105078125 0.805781109375 0.263634248046875 0.805781109375 0.246667685546875 0.994893001953125 0.35825544921875 1
1 0.468538091796875 0.99371839453125 0.46723297265625 0.80225728515625 0.3634759296875 0.805781109375 0.35825544921875 0.997242216796875 0.468538091796875 0.99371839453125
1 0.91684682421875 0.997242216796875 0.882913703125 0.78816198828125 0.77915666015625 0.790511205078125 0.8026488203125 0.997242216796875 0.91684682421875 0.997242216796875
1 0.767410580078125 0.353557017578125 0.755011939453125 0.2114294453125 0.68062009765625 0.21495326953125 0.689103376953125 0.35825544921875 0.767410580078125 0.353557017578125
1 0.844412662109375 0.35120780078125 0.8274461015625 0.21495326953125 0.753054259765625 0.207905623046875 0.76675801953125 0.354731625 0.844412662109375 0.35120780078125
1 0.924677544921875 0.354731625 0.899880263671875 0.21495326953125 0.82940378125 0.212604052734375 0.846370341796875 0.3488585859375 0.924677544921875 0.354731625