0 0.999949763671875 0.210015376953125 0.968836373046875 0.0964515078125 0.917844986328125 0.110452533203125 0.962786548828125 0.22401640234375 0.999949763671875 0.210015376953125
0 0.965379330078125 0.222460734375 0.909202376953125 0.08867316015625 0.869446380859375 0.105785525390625 0.917844986328125 0.252018455078125 0.965379330078125 0.222460734375
0 0.910066638671875 0.21934939453125 0.869446380859375 0.102674185546875 0.825369080078125 0.1166752109375 0.868582119140625 0.2473514453125 0.910066638671875 0.21934939453125
0 0.85907525 0.225572072265625 0.817590732421875 0.08867316015625 0.7622780390625 0.11978655078125 0.8184549921875 0.25046278515625 0.85907525 0.225572072265625
0 0.8746319453125 0.505592578125 0.805491080078125 0.318912240234375 0.74499282421875 0.345358623046875 0.81154090625 0.536705966796875 0.8746319453125 0.505592578125
0 0.74067151953125 0.524260609375 0.684494564453125 0.317356572265625 0.62399630859375 0.343802953125 0.675851958984375 0.556929669921875 0.74067151953125 0.524260609375
0 0.716472216796875 0.2582411328125 0.670666392578125 0.094895837890625 0.625724830078125 0.1260092265625 0.663752306640625 0.2784648359375 0.716472216796875 0.2582411328125
0 0.66029526171875 0.261352470703125 0.617946482421875 0.118230880859375 0.573004919921875 0.1353432421875 0.609303875 0.283131841796875 0.66029526171875 0.261352470703125
0 0.595475701171875 0.2675751484375 0.56522657421875 0.124453556640625 0.51596370703125 0.1462329296875 0.543620052734375 0.286243181640625 0.595475701171875 0.2675751484375
0 0.544484314453125 0.2877988515625 0.506456837890625 0.11978655078125 0.46410805859375 0.130676234375 0.487443099609375 0.3080225546875 0.544484314453125 0.2877988515625
1 0.802898296875 0.23023908203125 0.770920646484375 0.1508999375 0.724250564453125 0.160233955078125 0.75622821484375 0.241128767578125 0.802898296875 0.23023908203125
1 0.755363953125 0.236461759765625 0.725979083984375 0.1664566328125 0.685358826171875 0.1664566328125 0.712150912109375 0.2473514453125 0.755363953125 0.236461759765625
1 0.999085501953125 0.4386987890625 0.966243591796875 0.36558232421875 0.916980724609375 0.37647201171875 0.965379330078125 0.485368875 0.999085501953125 0.4386987890625
1 0.959329505859375 0.472923517578125 0.91611646484375 0.37024933203125 0.865125076171875 0.384250357421875 0.907473857421875 0.4900358828125 0.959329505859375 0.472923517578125
1 0.9083381171875 0.491591552734375 0.864260814453125 0.38580602734375 0.831418904296875 0.393584375 0.86685359765625 0.511815255859375 0.9083381171875 0.491591552734375
1 0.79252716796875 0.51648226171875 0.757092474609375 0.407585400390625 0.712150912109375 0.4200307578125 0.741535779296875 0.530483287109375 0.79252716796875 0.51648226171875
1 0.667209349609375 0.55226266015625 0.6386887421875 0.434031783203125 0.573869181640625 0.448032806640625 0.60152552734375 0.564708017578125 0.667209349609375 0.55226266015625
1 0.60152552734375 0.5662636875 0.575597703125 0.44647713671875 0.510778142578125 0.4589224921875 0.53152040234375 0.5911543984375 0.60152552734375 0.5662636875
1 0.533248923828125 0.5895987265625 0.508185359375 0.457366822265625 0.443365798828125 0.476034857421875 0.4589224921875 0.614489439453125 0.533248923828125 0.5895987265625
1 0.483121794921875 0.280020505859375 0.465836580078125 0.182013328125 0.41052388671875 0.1866803359375 0.4252163203125 0.290910189453125 0.483121794921875 0.280020505859375
1 0.356939716796875 0.30491121484375 0.342247283203125 0.191347345703125 0.28261328515625 0.18979167578125 0.292984416015625 0.314245232421875 0.356939716796875 0.30491121484375
1 0.292984416015625 0.314245232421875 0.2852060703125 0.20379269921875 0.222115029296875 0.2069040390625 0.222115029296875 0.32357925 0.292984416015625 0.314245232421875
0 0.41015625 0.525390625 0.0712890625 0.2158203125
0 0.33203125 0.521484375 0.0732421875 0.236328125
0 0.2548828125 0.5712890625 0.0810546875 0.2490234375
0 0.1640625 0.5634765625 0.0791015625 0.25
0 0.068359375 0.57421875 0.0859375 0.2548828125
0 0.0126953125 0.5908203125 0.025390625 0.2373046875
0 0.095703125 0.259765625 0.0849609375 0.1806640625
0 0.1904296875 0.2529296875 0.0654296875 0.2041015625