0 0.13607890234375 0.868723470703125 0.08190703515625 0.755306845703125 0.047670783203125 0.774480630859375 0.092923478515625 0.882974169921875 0.13607890234375 0.868723470703125
0 0.189536314453125 0.882730900390625 0.122780810546875 0.731670912109375 0.0873691640625 0.7601275 0.141103138671875 0.895272283203125 0.189536314453125 0.882730900390625
0 0.229695634765625 0.876156115234375 0.180190775390625 0.73958369921875 0.136724216796875 0.763142810546875 0.190953703125 0.892090521484375 0.229695634765625 0.876156115234375
0 0.288960880859375 0.87170037109375 0.228992701171875 0.7332649921875 0.181884724609375 0.75361033203125 0.2307673203125 0.908799564453125 0.288960880859375 0.87170037109375
0 0.29802985546875 0.660769513671875 0.22354209765625 0.452021720703125 0.166212794921875 0.489146521484375 0.23700151953125 0.679149462890625 0.29802985546875 0.660769513671875
0 0.422333609375 0.6473702734375 0.354978880859375 0.427963259765625 0.292556205078125 0.4664900859375 0.357629283203125 0.6765118671875 0.422333609375 0.6473702734375
0 0.429616447265625 0.886738509765625 0.37950084375 0.725300990234375 0.331897357421875 0.7518433984375 0.38355710546875 0.910220794921875 0.429616447265625 0.886738509765625
0 0.4744427734375 0.857007935546875 0.438673900390625 0.719289576171875 0.38992958984375 0.741139369140625 0.434341072265625 0.87911380859375 0.4744427734375 0.857007935546875
0 0.535401970703125 0.86657882421875 0.506178431640625 0.7228426484375 0.451971994140625 0.73987178515625 0.491382287109375 0.88080391796875 0.535401970703125 0.86657882421875
0 0.592904123046875 0.87604728125 0.54927623828125 0.693060859375 0.503528029296875 0.70723473828125 0.544286572265625 0.885477328125 0.592904123046875 0.87604728125
1 0.075707404296875 0.621570486328125 0.03205647265625 0.525547908203125 0.03700004296875 0.6235294765625 0.075707404296875 0.621570486328125
1 0.123552884765625 0.613670501953125 0.07311462109375 0.505023314453125 0.034153744140625 0.531821802734375 0.080397458984375 0.627921203125 0.123552884765625 0.613670501953125
1 0.1752587265625 0.598120208984375 0.126272423828125 0.48485723046875 0.072065986328125 0.5018863671875 0.12509702734375 0.61061037890625 0.1752587265625 0.598120208984375
1 0.2135973359375 0.589938541015625 0.172205005859375 0.47379469140625 0.128369697265625 0.49113112109375 0.177079435546875 0.59972709375 0.2135973359375 0.589938541015625
1 0.3305145390625 0.844978705078125 0.292602296875 0.758443791015625 0.246116591796875 0.760172314453125 0.27979971484375 0.848134859375 0.3305145390625 0.844978705078125
1 0.36490059765625 0.84289167578125 0.337394056640625 0.742688634765625 0.291553662109375 0.75530684375 0.332058685546875 0.84191858203125 0.36490059765625 0.84289167578125
1 0.334628419921875 0.579548205078125 0.2989171640625 0.4573609296875 0.242705640625 0.469671845703125 0.284962232421875 0.5858413046875 0.334628419921875 0.579548205078125
1 0.463380234375 0.553857251953125 0.43026176171875 0.43174680078125 0.36281484765625 0.443724814453125 0.403896044921875 0.569177072265625 0.463380234375 0.553857251953125
1 0.52477732421875 0.541699984375 0.49351412890625 0.407221 0.43263559765625 0.442687703125 0.46183608984375 0.556917375 0.52477732421875 0.541699984375
1 0.593733814453125 0.54063726171875 0.565962232421875 0.39228529296875 0.4989762578125 0.41204165234375 0.529836130859375 0.554273376953125 0.593733814453125 0.54063726171875
1 0.64421816796875 0.8247678046875 0.625757556640625 0.71706810546875 0.56281632421875 0.732285498046875 0.58782226953125 0.8339673828125 0.64421816796875 0.8247678046875
1 0.7685795390625 0.82689965234375 0.75447480078125 0.7053525703125 0.68915973046875 0.709629060546875 0.702619154296875 0.820286453125 0.7685795390625 0.82689965234375
1 0.832258275390625 0.824127611328125 0.82429555078125 0.70431545703125 0.75206639453125 0.7083870859375 0.7684873515625 0.825343982421875 0.832258275390625 0.824127611328125
0 0.6252604166666667 0.4835286458333333 0.07724247685185182 0.2177300347222222
0 0.7008608217592593 0.4925925925925926 0.09403211805555545 0.2542968750000001
0 0.782935474537037 0.4628544560185185 0.0976417824074074 0.2329571759259259
0 0.8768012152777778 0.46758535879629626 0.09903067129629628 0.2563946759259259
0 0.8549913194444444 0.7740162037037037 0.07435619212962963 0.18547453703703698
0 0.9528247974537036 0.7818504050925925 0.09435040509259274 0.18131510416666652
0 0.9555410879629629 0.4458333333333333 0.08891782407407423 0.28006365740740735
0 0.6634765625 0.7829644097222221 0.08177083333333335 0.19544270833333321