1 0.054564748046875 0.818471220703125 0.05643342578125 0.846501400390625 0.071372841796875 0.88681717578125 0.106877734375 0.886273380859375 0.0654108671875 0.797387556640625 0.054564748046875 0.818471220703125
1 0.12437805859375 0.893326244140625 0.08810196484375 0.804555767578125 0.065677822265625 0.801391869140625 0.11028881640625 0.8930131484375 0.12437805859375 0.893326244140625
1 0.123191595703125 0.653397134765625 0.073004228515625 0.53366328515625 0.037924609375 0.5688691484375 0.0828518671875 0.659164662109375 0.123191595703125 0.653397134765625
1 0.172429796875 0.647827353515625 0.124822984375 0.533482017578125 0.072618626953125 0.53898588671875 0.123102611328125 0.652062365234375 0.172429796875 0.647827353515625
1 0.360157841796875 0.90922813671875 0.32678858203125 0.808527123046875 0.281080109375 0.8115097578125 0.312343400390625 0.902834421875 0.360157841796875 0.90922813671875
1 0.398065322265625 0.911403318359375 0.370361421875 0.80682982421875 0.32919116796875 0.811246099609375 0.360246826171875 0.91056290625 0.398065322265625 0.911403318359375
1 0.3734165625 0.6416313828125 0.344644845703125 0.521040640625 0.28882177734375 0.527796884765625 0.329725076171875 0.652655595703125 0.3734165625 0.6416313828125
1 0.50662665234375 0.6405932265625 0.47471080859375 0.517267029296875 0.411857951171875 0.51853588671875 0.444693302734375 0.6445481015625 0.50662665234375 0.6405932265625
1 0.47536336328125 0.51594873828125 0.506448681640625 0.637923685546875 0.50802074609375 0.6392914140625 0.572712619140625 0.64339459765625 0.545008716796875 0.5055012734375 0.47536336328125 0.51594873828125
1 0.6395697890625 0.635550759765625 0.61714564453125 0.499107560546875 0.546491796875 0.505534232421875 0.572623634765625 0.642059826171875 0.6395697890625 0.635550759765625
1 0.68397315234375 0.935083134765625 0.665375349609375 0.82271523828125 0.6053106796875 0.82138046875 0.626874638671875 0.933814279296875 0.68397315234375 0.935083134765625
1 0.812051791015625 0.9459260859375 0.801521935546875 0.83240468359375 0.73294439453125 0.82554956640625 0.747359916015625 0.941822900390625 0.812051791015625 0.9459260859375
1 0.879235234375 0.954083015625 0.873243599609375 0.841995255859375 0.799475287109375 0.8350247890625 0.813712837890625 0.94862858203125 0.879235234375 0.954083015625
1 0.48387623046875 0.088311359375 0.4653674140625 0.010598056640625 0.366725580078125 0.00814945703125 0.39934076953125 0.1197526171875 0.48387623046875 0.088311359375
0 0.6688151041666667 0.5833550347222223 0.08710937500000004 0.22426215277777772
0 0.7529296875 0.6164279513888888 0.08678385416666679 0.2486328124999999
0 0.8309244791666667 0.5869574652777778 0.09895833333333326 0.24110243055555558
0 0.9283203125 0.5998480902777777 0.0932942708333333 0.25852864583333335
0 0.9856282552083333 0.6016493055555556 0.028743489583333393 0.2659505208333335
0 0.7065755208333333 0.9011067708333333 0.07597656250000018 0.18891059027777768
0 0.9106770833333333 0.9107150607638889 0.07558593750000009 0.17856987847222228
0 0.98154296875 0.9107421875 0.036914062499999956 0.17851562499999996
0 0.626744796875 0.981422654296875 0.598229849609375 0.812227837890625 0.54421485546875 0.812061623046875 0.580370611328125 0.97522153125 0.626744796875 0.981422654296875
0 0.567804701171875 0.967703466796875 0.540325408203125 0.81404342578125 0.49392820703125 0.816114728515625 0.520855154296875 0.9614895546875 0.567804701171875 0.967703466796875
0 0.514042865234375 0.95409934765625 0.4787156328125 0.80336726171875 0.425759302734375 0.810463392578125 0.461823 0.955007142578125 0.514042865234375 0.95409934765625
0 0.4566447421875 0.7222156328125 0.405437513671875 0.514254193359375 0.345415736328125 0.527398021484375 0.39634679296875 0.731216853515625 0.4566447421875 0.7222156328125
0 0.458877146484375 0.953907560546875 0.414021916015625 0.789520212890625 0.3675786875 0.808136375 0.4168987265625 0.970554705078125 0.458877146484375 0.953907560546875
0 0.337245595703125 0.69784584765625 0.2736335625 0.502018158203125 0.222426333984375 0.526733158203125 0.275474720703125 0.71922374609375 0.337245595703125 0.69784584765625
0 0.318120560546875 0.928029052734375 0.268087072265625 0.789379568359375 0.224106390625 0.80184575 0.26893860546875 0.9486525859375 0.318120560546875 0.928029052734375
0 0.261021623046875 0.924691953125 0.218099611328125 0.78930285546875 0.177939333984375 0.798751578125 0.217777408203125 0.93096979296875 0.261021623046875 0.924691953125
0 0.216511609375 0.920600486328125 0.1703675703125 0.779969201171875 0.125328224609375 0.785173033203125 0.17232380078125 0.929959712890625 0.216511609375 0.920600486328125
0 0.1711500625 0.912353630859375 0.122175240234375 0.780966498046875 0.08818284375 0.796756990234375 0.12785981640625 0.909323390625 0.1711500625 0.912353630859375
0 0.5234375 0.04088541666666667 0.078125 0.06024305555555555
0 0.6180338541666667 0.026410590277777778 0.06712239583333335 0.02684461805555556