0 0.029296875 0.533203125 0.05859375 0.2529296875
0 0.125 0.5498046875 0.0810546875 0.251953125
0 0.21484375 0.5205078125 0.0771484375 0.236328125
0 0.2998046875 0.537109375 0.06640625 0.2314453125
0 0.0791015625 0.2080078125 0.06640625 0.2001953125
0 0.2861328125 0.2197265625 0.06640625 0.19921875
0 0.444811302734375 0.313301875 0.422541435546875 0.144519720703125 0.367452814453125 0.151903939453125 0.3926529296875 0.317521427734375 0.444811302734375 0.313301875
0 0.49814177734375 0.3101372109375 0.47235561328125 0.161397935546875 0.42605773046875 0.17300170703125 0.448913646484375 0.313301875 0.49814177734375 0.3101372109375
0 0.55909088671875 0.31435676171875 0.530374478515625 0.163507712890625 0.481146349609375 0.170891931640625 0.508104611328125 0.322795869140625 0.55909088671875 0.31435676171875
0 0.611835310546875 0.313301875 0.584291 0.1571783828125 0.535062873046875 0.163507712890625 0.561435083984375 0.320686095703125 0.611835310546875 0.313301875
0 0.624728392578125 0.582298431640625 0.58722124609375 0.376595181640625 0.527444232421875 0.3934733984375 0.559676935546875 0.5917924296875 0.624728392578125 0.582298431640625
0 0.751901056640625 0.579133767578125 0.69974268359375 0.3934733984375 0.637035423828125 0.409296724609375 0.685677501953125 0.599176650390625 0.751901056640625 0.579133767578125
0 0.75248710546875 0.313301875 0.718496255859375 0.17300170703125 0.670440224609375 0.197264142578125 0.70560317578125 0.323850759765625 0.75248710546875 0.313301875
0 0.792924498046875 0.318576318359375 0.76127784375 0.196209255859375 0.722598599609375 0.1951543671875 0.75600340234375 0.322795869140625 0.792924498046875 0.318576318359375
0 0.844496822265625 0.32701542578125 0.801715234375 0.19304458984375 0.763622041015625 0.200428806640625 0.799957087890625 0.333344755859375 0.844496822265625 0.32701542578125
0 0.880322265625 0.31350672265625 0.844499982421875 0.2052987265625 0.807030701171875 0.2052987265625 0.842852982421875 0.319435927734375 0.880322265625 0.31350672265625
1 0.181806607421875 0.296281685546875 0.180659564453125 0.18685360546875 0.116425052734375 0.1744655234375 0.112410396484375 0.292152322265625 0.181806607421875 0.296281685546875
1 0.2563645234375 0.2931846640625 0.25005577734375 0.18685360546875 0.17951251953125 0.182724244140625 0.182953654296875 0.291119982421875 0.2563645234375 0.2931846640625
1 0.383686501953125 0.2931846640625 0.3722160546875 0.19407998828125 0.31142267578125 0.18478892578125 0.32117255859375 0.298346365234375 0.383686501953125 0.2931846640625
1 0.42325955078125 0.614242517578125 0.4077744453125 0.481070609375 0.336084142578125 0.48726465234375 0.3498486796875 0.624565919921875 0.42325955078125 0.614242517578125
1 0.49322928515625 0.592563369140625 0.47086191015625 0.474876568359375 0.405480353515625 0.48003826953125 0.42268602734375 0.611145498046875 0.49322928515625 0.592563369140625
1 0.557463796875 0.589466349609375 0.532228810546875 0.4738442265625 0.470288388671875 0.4738442265625 0.492655763671875 0.590498689453125 0.557463796875 0.589466349609375
1 0.674543916015625 0.577262751953125 0.645481935546875 0.467133134765625 0.600104453125 0.468968626953125 0.624067841796875 0.587357966796875 0.674543916015625 0.577262751953125
1 0.65363968359375 0.3010209609375 0.623048123046875 0.2101640234375 0.5924565625 0.20924627734375 0.60979178125 0.306527439453125 0.65363968359375 0.3010209609375
1 0.697997447265625 0.30377419921875 0.66791574609375 0.21291726171875 0.624577701171875 0.211999517578125 0.65261996484375 0.30377419921875 0.697997447265625 0.30377419921875
1 0.78226397265625 0.568390912109375 0.745843560546875 0.457502376953125 0.7156223671875 0.466568734375 0.741969048828125 0.573272796875 0.78226397265625 0.568390912109375
1 0.82992047265625 0.56002196484375 0.79272515625 0.45471273046875 0.74661846484375 0.4581997890625 0.78420123046875 0.569785734375 0.82992047265625 0.56002196484375
1 0.87757696875 0.555140080078125 0.836507142578125 0.4470411953125 0.793112607421875 0.455410140625 0.830307921875 0.560719376953125 0.87757696875 0.555140080078125
1 0.92252130859375 0.548863369140625 0.87990167578125 0.4470411953125 0.83766949609375 0.445646369140625 0.87990167578125 0.557232318359375 0.92252130859375 0.548863369140625
1 0.961653880859375 0.5446788984375 0.9201966015625 0.446343783203125 0.8791267734375 0.4470411953125 0.92252130859375 0.549560783203125 0.961653880859375 0.5446788984375
1 0.9988491953125 0.5356125390625 0.956617013671875 0.444251546875 0.91942169921875 0.4449489609375 0.960878978515625 0.5446788984375 0.9988491953125 0.5356125390625
1 0.99962409765625 0.455410140625 0.991487623046875 0.440764484375 0.956617013671875 0.44285672265625 0.99807429296875 0.5356125390625 0.99962409765625 0.455410140625
1 0.896949529296875 0.306861349609375 0.86285382421875 0.225264126953125 0.84696832421875 0.223869302734375 0.8791267734375 0.306861349609375 0.896949529296875 0.306861349609375
1 0.931432685546875 0.30197946484375 0.89578717578125 0.23014601171875 0.86440362890625 0.22805377734375 0.89733698046875 0.30755876171875 0.931432685546875 0.30197946484375
1 0.96475348828125 0.30755876171875 0.926008369140625 0.23014601171875 0.896949529296875 0.227356365234375 0.931045234375 0.302676876953125 0.96475348828125 0.30755876171875
1 0.99613703515625 0.3061639375 0.954292306640625 0.23084342578125 0.92872052734375 0.228751189453125 0.9643660390625 0.310348412109375 0.99613703515625 0.3061639375
1 1 0.260134734375 0.9829636953125 0.2350278984375 0.9562295625 0.23223825 0.99613703515625 0.30755876171875 1 0.260134734375
0 1 0.908910052734375 0.9627378515625 0.85231540234375 0.9325540390625 0.87495326171875 0.98726219921875 0.981351203125 1 0.964372806640625 1 0.908910052734375