0 0.2529296875 0.4794921875 0.0693359375 0.2314453125
0 0.1650390625 0.4541015625 0.078125 0.275390625
0 0.072265625 0.4697265625 0.0908203125 0.2646484375
0 0.0380859375 0.1142578125 0.0703125 0.205078125
0 0.25 0.150390625 0.0693359375 0.2138671875
0 0.408543876953125 0.263331994140625 0.3890378046875 0.088752634765625 0.3424399609375 0.088752634765625 0.357069517578125 0.259430779296875 0.408543876953125 0.263331994140625
0 0.462185580078125 0.273085033203125 0.4426795078125 0.11606113671875 0.397165333984375 0.110209318359375 0.41558773828125 0.2721097265625 0.462185580078125 0.273085033203125
0 0.523954814453125 0.279912158203125 0.503906904296875 0.122888265625 0.45243254296875 0.134591908203125 0.47573146484375 0.279912158203125 0.523954814453125 0.279912158203125
0 0.58193119921875 0.29356641015625 0.553213923828125 0.124838873046875 0.508241587890625 0.135567212890625 0.5326241796875 0.2964923203125 0.58193119921875 0.29356641015625
0 0.5770546796875 0.552997189453125 0.5477955703125 0.3501340234375 0.488735513671875 0.359887060546875 0.52124563671875 0.5695773515625 0.5770546796875 0.552997189453125
0 0.698752875 0.567553005859375 0.65822609765625 0.378368669921875 0.599440005859375 0.383178439453125 0.63996678125 0.58518883203125 0.698752875 0.567553005859375
0 0.713843361328125 0.307547873046875 0.68772191796875 0.170346064453125 0.641045896484375 0.18499119921875 0.67102132421875 0.313714244140625 0.713843361328125 0.307547873046875
0 0.754524294921875 0.31448504296875 0.728402853515625 0.19038677734375 0.689006580078125 0.19346996484375 0.71641268359375 0.321422212890625 0.754524294921875 0.31448504296875
0 0.800343875 0.332984162109375 0.76822734765625 0.18961598046875 0.73097217578125 0.19269916796875 0.7609476015625 0.34146292578125 0.800343875 0.332984162109375
0 0.84059658984375 0.3245053984375 0.8020567578125 0.2065735078125 0.771224890625 0.2119690859375 0.80505430078125 0.33837973828125 0.84059658984375 0.3245053984375
0 1 0.274736484375 0.988888896484375 0.255242984375 0.95775344921875 0.282046544921875 1 0.378295689453125 1 0.274736484375
1 0.976705458984375 0.3380903515625 0.940832009765625 0.261334705078125 0.916126708984375 0.256461330078125 0.9499695859375 0.3350444921875 0.976705458984375 0.3380903515625
1 0.94861587109375 0.3362628359375 0.916126708984375 0.257679671875 0.89040612109375 0.257070501953125 0.91984942578125 0.3319986328125 0.94861587109375 0.3362628359375
1 0.9208647109375 0.329561947265625 0.89006769140625 0.254633814453125 0.859609103515625 0.247323751953125 0.888375548828125 0.3277344296875 0.9208647109375 0.329561947265625
1 0.88736026171875 0.322861056640625 0.856901671875 0.244277892578125 0.82644308203125 0.23940451953125 0.85520952734375 0.3210335390625 0.88736026171875 0.322861056640625
1 0.85588638671875 0.320424369140625 0.8247509375 0.23818617578125 0.8101985 0.23392197265625 0.84031866015625 0.3234702265625 0.85588638671875 0.320424369140625
1 0.97196745703125 0.460533884765625 0.999380189453125 0.526933609375 1 0.4611430546875 0.97196745703125 0.460533884765625
1 0.9997186171875 0.529370296875 0.972644314453125 0.4617522265625 0.94015515234375 0.4593155390625 0.98076660546875 0.561047232421875 0.9997186171875 0.529370296875
1 0.98076660546875 0.559219716796875 0.940832009765625 0.4593155390625 0.906650703125 0.459924712890625 0.94590844140625 0.561047232421875 0.98076660546875 0.559219716796875
1 0.9438778671875 0.558001373046875 0.90597384375 0.459924712890625 0.86976196484375 0.458097197265625 0.90766598828125 0.56226557421875 0.9438778671875 0.558001373046875
1 0.906650703125 0.562874748046875 0.87043882421875 0.4593155390625 0.83219637109375 0.453832994140625 0.869085107421875 0.560438060546875 0.906650703125 0.562874748046875
1 0.867731392578125 0.556783029296875 0.831181083984375 0.45444216796875 0.790908060546875 0.453832994140625 0.827796796875 0.560438060546875 0.867731392578125 0.556783029296875
1 0.82644308203125 0.560438060546875 0.792600205078125 0.45200548046875 0.748942890625 0.450787134765625 0.7814320546875 0.56470226171875 0.82644308203125 0.560438060546875
1 0.7807551953125 0.560438060546875 0.748604462890625 0.45200548046875 0.703593435546875 0.450177962890625 0.735405740234375 0.56409308984375 0.7807551953125 0.560438060546875
1 0.734390453125 0.561656404296875 0.703593435546875 0.448959619140625 0.673811701171875 0.44956879296875 0.697501716796875 0.563483919921875 0.734390453125 0.561656404296875
1 0.631737896484375 0.561523935546875 0.604203009765625 0.445501939453125 0.56008461328125 0.4466283671875 0.57823260546875 0.562087150390625 0.631737896484375 0.561523935546875
1 0.66365333203125 0.2900549921875 0.638934513671875 0.19768796484375 0.596067701171875 0.19261904296875 0.61828334765625 0.28949177734375 0.66365333203125 0.2900549921875
1 0.61828334765625 0.2849860703125 0.59419032421875 0.191492615234375 0.56133619921875 0.183607625 0.57823260546875 0.284422857421875 0.61828334765625 0.2849860703125
1 0.513463044921875 0.56096072265625 0.493437671875 0.438180162109375 0.43179707421875 0.43761694921875 0.45025796484375 0.5587078671875 0.513463044921875 0.56096072265625
1 0.449319275390625 0.554765373046875 0.4324228671875 0.435927306640625 0.36483723828125 0.431421599609375 0.378604681640625 0.569972140625 0.449319275390625 0.554765373046875
1 0.378604681640625 0.568845712890625 0.36515013671875 0.431421599609375 0.294122646484375 0.428042318359375 0.30163216015625 0.572224994140625 0.378604681640625 0.568845712890625
1 0.350444001953125 0.239928982421875 0.341057109375 0.137987328125 0.27972941015625 0.1233437734375 0.28692602734375 0.23598648828125 0.350444001953125 0.239928982421875
1 0.216211435546875 0.217400439453125 0.21245667578125 0.10757379296875 0.142367876953125 0.09405666796875 0.142680771484375 0.215147587890625 0.216211435546875 0.217400439453125
1 0.142367876953125 0.212894732421875 0.14205498046875 0.099688802734375 0.0719661796875 0.085608462890625 0.067272732421875 0.198814392578125 0.142367876953125 0.212894732421875
0 0.984174560546875 0.897913734375 0.952502119140625 0.847610443359375 0.909185396484375 0.867731759765625 0.94551555078125 0.942348306640625 0.984174560546875 0.897913734375
0 0.942720923828125 0.93647958984375 0.905924998046875 0.8627014296875 0.86726598828125 0.8710853125 0.90499345703125 0.9859444921875 0.942720923828125 0.93647958984375