0 0.46614583333333337 0.7771701388888889 0.10243055555555558 0.291869212962963
0 0.3586154513888889 0.779810474537037 0.10073061342592593 0.32492042824074074
0 0.2548828125 0.7793185763888889 0.09559461805555558 0.2915147569444445
0 0.31376591435185186 0.10592267071759259 0.07866753472222221 0.21184534143518519
0 0.39543547453703703 0.0941478587962963 0.06821469907407407 0.1882957175925926
0 0.4747178819444444 0.0970558449074074 0.07443576388888884 0.1941116898148148
0 0.5554832175925926 0.08714192708333333 0.07385706018518512 0.17428385416666667
0 0.6354166666666667 0.08114691840277778 0.07259114583333348 0.16229383680555556
0 0.7103587962962963 0.07219328703703703 0.07790798611111116 0.14438657407407407
0 0.790667828125 0 0.827412095703125 0.04406008203125 0.851467888671875 0 0.790667828125 0
0 0.776496654296875 0 0.737334203125 0.05778942578125 0.823125861328125 0.25444275 0.888624880859375 0.202129853515625 0.79417594140625 0 0.776496654296875 0
0 0.855069685546875 0 0.825135033203125 0.0369312421875 0.9012156953125 0.2159708203125 0.951846837890625 0.1426881171875 0.87421269140625 0 0.855069685546875 0
0 0.94434592578125 0.918496529296875 0.892710197265625 0.584192578125 0.811204775390625 0.584795326171875 0.8546698671875 0.91589948828125 0.94434592578125 0.918496529296875
0 1 0.665643939453125 0.990690833984375 0.593605921875 0.89719734765625 0.596642005859375 0.9338312578125 0.906359638671875 1 0.916223642578125 1 0.665643939453125
1 0.84114144140625 0.822391119140625 0.8137497265625 0.599157189453125 0.71724248046875 0.60234954296875 0.742825943359375 0.831112416015625 0.84114144140625 0.822391119140625
1 0.740749796875 0.829408341796875 0.71509936328125 0.5988372109375 0.61477469140625 0.6076626875 0.634933388671875 0.853012392578125 0.740749796875 0.829408341796875
1 0.6360049453125 0.85476855859375 0.6137031328125 0.605906521484375 0.51759772265625 0.619948404296875 0.53387201953125 0.869122978515625 0.6360049453125 0.85476855859375
1 0.27531034765625 0.188145220703125 0.270263884765625 0.034237732421875 0.192696251953125 0.040613484375 0.190564552734375 0.194893173828125 0.27531034765625 0.188145220703125
1 0.191217115234375 0.194859337890625 0.191478138671875 0.043030376953125 0.114432552734375 0.04584846484375 0.105644744140625 0.1969426953125 0.191217115234375 0.194859337890625
1 0.104339623046875 0.197010369140625 0.112996921875 0.04239231640625 0.033645623046875 0.05356801171875 0.0254233671875 0.2022791875 0.104339623046875 0.197010369140625
1 0.195088970703125 0.89959998828125 0.20740060546875 0.631813525390625 0.10377407421875 0.640717341796875 0.079759865234375 0.910287470703125 0.195088970703125 0.89959998828125