1 0.950114173828125 0.77050961328125 0.90153995703125 0.78081469140625 0.896595921875 0.90918712109375 0.940586986328125 0.91341741796875 0.950114173828125 0.77050961328125
1 0.895801990234375 0.90754312109375 0.899049896484375 0.777506640625 0.820919744140625 0.783902205078125 0.825178109375 0.89621555078125 0.895801990234375 0.90754312109375
1 0.75390464453125 0.8946316953125 0.746939693359375 0.782258205078125 0.677470623046875 0.780714447265625 0.690173537109375 0.888336375 0.75390464453125 0.8946316953125
1 0.7395056015625 0.5820509453125 0.732107595703125 0.435514310546875 0.651631736328125 0.4499895390625 0.66747429296875 0.5918347578125 0.7395056015625 0.5820509453125
1 0.6645511796875 0.595022517578125 0.65401353125 0.45492154296875 0.580863501953125 0.467933208984375 0.59789695703125 0.591914953125 0.6645511796875 0.595022517578125
1 0.598690890625 0.593558955078125 0.58209048828125 0.463081400390625 0.511647046875 0.476153216796875 0.536691998046875 0.601939349609375 0.598690890625 0.593558955078125
1 0.46302022265625 0.596652671875 0.449105890625 0.487924373046875 0.398260056640625 0.493631705078125 0.423964728515625 0.60457551171875 0.46302022265625 0.596652671875
1 0.4602243515625 0.8583591640625 0.447567078125 0.763333279296875 0.40510885546875 0.7653200078125 0.4263488046875 0.85369937890625 0.4602243515625 0.8583591640625
1 0.42513509375 0.855625904296875 0.404220248046875 0.762370015625 0.361285212890625 0.7633693984375 0.384562458984375 0.853747541015625 0.42513509375 0.855625904296875
1 0.35548190625 0.608610732421875 0.332869138671875 0.5017393828125 0.297587126953125 0.510562845703125 0.32584928125 0.612755982421875 0.35548190625 0.608610732421875
1 0.325712234375 0.61481169140625 0.296673478515625 0.507111291015625 0.253777740234375 0.51576555859375 0.282085578125 0.617273458984375 0.325712234375 0.61481169140625
1 0.28009078125 0.6186016328125 0.252574771484375 0.51093507421875 0.208201970703125 0.518870267578125 0.24040803515625 0.619092294921875 0.28009078125 0.6186016328125
1 0.2391289296875 0.621122623046875 0.206968546875 0.520215359375 0.170209470703125 0.52831975 0.20092324609375 0.622332359375 0.2391289296875 0.621122623046875
1 0.201014611328125 0.620961888671875 0.1705444765625 0.5290134453125 0.1321103828125 0.533649357421875 0.166341701171875 0.6263676328125 0.201014611328125 0.620961888671875
1 0.165199640625 0.62634225390625 0.131821060546875 0.5322704296875 0.095823359375 0.540391736328125 0.130998779296875 0.630385990234375 0.165199640625 0.62634225390625
1 0.130526728515625 0.631748001953125 0.094909712890625 0.5369401796875 0.06399798046875 0.543115759765625 0.09998045703125 0.632441697265625 0.130526728515625 0.631748001953125
1 0.099889091796875 0.63381216796875 0.06299296875 0.541034673828125 0.032233513671875 0.550644890625 0.06873371875 0.637923580078125 0.099889091796875 0.63381216796875
1 0.06958645703125 0.636570029296875 0.0320355546875 0.547895486328125 0.005402736328125 0.55279365234375 0.039801556640625 0.637280642578125 0.06958645703125 0.636570029296875
1 0 0.610715947265625 0.013930111328125 0.6421957265625 0.039801556640625 0.637280642578125 0.004504318359375 0.5548324375 0 0.555402291015625 0 0.610715947265625
1 0.217749583984375 0.838875216796875 0.193674978515625 0.753931400390625 0.1736051953125 0.757602908203125 0.2014714375 0.8371409765625 0.217749583984375 0.838875216796875
1 0.201227796875 0.835076810546875 0.177031373046875 0.757679044921875 0.145876001953125 0.7617904609375 0.173300646484375 0.836514958984375 0.201227796875 0.835076810546875
1 0.172965642578125 0.835821265625 0.146485099609375 0.7583727421875 0.115695189453125 0.757002271484375 0.14298278515625 0.833782478515625 0.172965642578125 0.835821265625
1 0.142282322265625 0.82141440234375 0.1134415234375 0.75077593359375 0.08642801953125 0.755665638671875 0.11831430859375 0.82637178515625 0.142282322265625 0.82141440234375
1 0.116593607421875 0.82358854296875 0.084661634765625 0.753567634765625 0.06121135546875 0.756477771484375 0.09242763671875 0.825796525390625 0.116593607421875 0.82358854296875
0 0.08087 0.810442173828125 0.0379133515625 0.711353748046875 0.010503935546875 0.745057177734375 0.04516162109375 0.837098677734375 0.08087 0.810442173828125
0 0 0.839859447265625 0.004367271484375 0.8485446484375 0.03904018359375 0.825982638671875 0 0.74644690234375 0 0.839859447265625
0 0.25899471875 0.8598623203125 0.229907625 0.7467458515625 0.193953224609375 0.756030390625 0.220441412109375 0.862883859375 0.25899471875 0.8598623203125
0 0.2957408359375 0.8645571796875 0.26971735546875 0.7313417421875 0.227635732421875 0.742041431640625 0.256722826171875 0.874549294921875 0.2957408359375 0.8645571796875
0 0.33298608203125 0.874692720703125 0.30830508203125 0.7407314609375 0.272126935546875 0.74690840234375 0.293727115234375 0.875371611328125 0.33298608203125 0.874692720703125
0 0.383759408203125 0.875821017578125 0.352675806640625 0.7409418203125 0.309699197265625 0.7586025234375 0.336652087890625 0.897268205078125 0.383759408203125 0.875821017578125
0 0.424016984375 0.660616943359375 0.391104697265625 0.4636309375 0.333417109375 0.5014435390625 0.364976123046875 0.679634091796875 0.424016984375 0.660616943359375
0 0.537691896484375 0.67565330859375 0.506323728515625 0.468537033203125 0.45085689453125 0.4860698203125 0.475632197265625 0.700858498046875 0.537691896484375 0.67565330859375
0 0.516629421875 0.90036983984375 0.493311490234375 0.741909697265625 0.444003783203125 0.751760443359375 0.4680503984375 0.918837580078125 0.516629421875 0.90036983984375
0 0.572443248046875 0.91021094921875 0.549385560546875 0.7478471328125 0.497006966796875 0.76466665625 0.519058373046875 0.916061634765625 0.572443248046875 0.91021094921875
0 0.628309125 0.9192713203125 0.61470699609375 0.764936541015625 0.562189603515625 0.77080650390625 0.57941780859375 0.922876193359375 0.628309125 0.9192713203125
0 0.683793306640625 0.92754132421875 0.671405654296875 0.7615051640625 0.620137439453125 0.768184779296875 0.635769474609375 0.93116547265625 0.683793306640625 0.92754132421875
0 0.7824869791666667 0.8643446180555556 0.09296875000000004 0.22439236111111116
0 0.7880859375 0.5309678819444444 0.08990885416666661 0.23700086805555554
0 0.875390625 0.5417100694444444 0.10377604166666665 0.2548611111111112
0 0.9491536458333334 0.5208550347222223 0.0546875 0.29374999999999996
0 0.1756935390625 0.227845138671875 0.152513615234375 0.116117005859375 0.101745568359375 0.18057599609375 0.1457642265625 0.24904243359375 0.1756935390625 0.227845138671875
0 0.14057563671875 0.2318174375 0.100543333984375 0.174846046875 0.06692294921875 0.219724783203125 0.10113390625 0.268962498046875 0.14057563671875 0.2318174375
1 0.094257966796875 0.261205392578125 0.069221958984375 0.2169242578125 0.05477405078125 0.235613966796875 0.070044541015625 0.275875935546875 0.094257966796875 0.261205392578125
1 0.070508560546875 0.27683678515625 0.055891919921875 0.23468826953125 0.024886921875 0.272020818359375 0.03296509375 0.285507873046875 0.070508560546875 0.27683678515625