0 0.7392578125 0.8671513310185186 0.0830078125 0.21303530092592604
0 0.630859375 0.877025462962963 0.080078125 0.2021846064814814
0 0.5224609375 0.8966652199074074 0.078125 0.1708622685185186
0 1 0.24839271484375 0.979492583984375 0.071786435546875 0.899880263671875 0.082957296875 0.936423623046875 0.32592230859375 1 0.311821548828125 1 0.24839271484375
0 0.642578125 0.23791956018518517 0.0634765625 0.21719473379629628
0 0.5654296875 0.21245659722222224 0.06640625 0.24074074074074076
0 0.4892578125 0.2328559027777778 0.0673828125 0.2388237847222222
0 0.41015625 0.2230902777777778 0.0673828125 0.2358940972222222
0 0.33203125 0.2191478587962963 0.078125 0.24019820601851855
0 0.255859375 0.22294560185185186 0.07421875 0.23810040509259256
0 0.13638504296875 0.99219091796875 0.15922464453125 0.81045537109375 0.081570001953125 0.807458427734375 0.045679201171875 0.998308177734375 0.13638504296875 0.99219091796875
0 0 1 0.04633176171875 0.998284009765625 0.076349521484375 0.835842373046875 0.007830720703125 0.799618041015625 0 0.84219395703125 0 1
0 0.18793728515625 0.196246548828125 0.233616486328125 0.09118921875 0.180759125 0.03441649609375 0.105062162109375 0.2051890390625 0.131164564453125 0.24298434765625 0.1664028046875 0.1876472578125 0.18793728515625 0.196246548828125
0 0.054162482421875 0.427900521484375 0.133774802734375 0.246411494140625 0.092663521484375 0.195076775390625 0.016314 0.36234966015625 0.054162482421875 0.427900521484375
0 0.142910642578125 0.4492803203125 0.21860760546875 0.242094931640625 0.1664028046875 0.17825039453125 0.074391841796875 0.41305598828125 0.142910642578125 0.4492803203125
1 0.24536256640625 0.98815471484375 0.26167656640625 0.798438599609375 0.164445123046875 0.809087412109375 0.1376901640625 0.990967974609375 0.24536256640625 0.98815471484375
1 0.35825544921875 0.986731279296875 0.36478105078125 0.79227069921875 0.263634248046875 0.79601687890625 0.246667685546875 0.985757162109375 0.35825544921875 0.986731279296875
1 0.468538091796875 0.9763651328125 0.46723297265625 0.784952359375 0.3634759296875 0.792319037109375 0.35825544921875 0.98397349609375 0.468538091796875 0.9763651328125
1 0.91684682421875 0.963284927734375 0.882913703125 0.75546148046875 0.77915666015625 0.76165355078125 0.8026488203125 0.967514482421875 0.91684682421875 0.963284927734375
1 0.767410580078125 0.325134404296875 0.755011939453125 0.183466041015625 0.68062009765625 0.1897451171875 0.689103376953125 0.3327331015625 0.767410580078125 0.325134404296875
1 0.844412662109375 0.3199332578125 0.8274461015625 0.1843071171875 0.753054259765625 0.180014724609375 0.76675801953125 0.3263331796875 0.844412662109375 0.3199332578125
1 0.924677544921875 0.32048430859375 0.899880263671875 0.18162437109375 0.82940378125 0.18188539453125 0.846370341796875 0.317511537109375 0.924677544921875 0.32048430859375