1 1 0.203183154296875 0.960618765625 0.10510158984375 0.921638390625 0.109171091796875 0.945447673828125 0.20759869921875 1 0.205409345703125 1 0.203183154296875
1 1 0.39815516015625 0.998069005859375 0.392353947265625 0.94301682421875 0.38719925 0.97323963671875 0.52491108984375 1 0.51333152734375 1 0.39815516015625
1 0.892750375 0.531747849609375 0.857351162109375 0.403205947265625 0.789710666015625 0.40624450390625 0.822114728515625 0.539398505859375 0.892750375 0.531747849609375
1 0.82040011328125 0.538042005859375 0.788169681640625 0.407818044921875 0.717534033203125 0.415468701171875 0.743687345703125 0.553451841796875 0.82040011328125 0.538042005859375
1 0.741885916015625 0.55063032421875 0.717534033203125 0.415468701171875 0.64591085546875 0.420243580078125 0.668428748046875 0.5658231171875 0.741885916015625 0.55063032421875
1 0.50166611328125 0.2474797890625 0.4914326796875 0.14373469921875 0.436727763671875 0.144440078125 0.43736803125 0.251766328125 0.50166611328125 0.2474797890625
1 0.5625349609375 0.24048025 0.552475162109375 0.13966519921875 0.495068099609375 0.13613830078125 0.503120279296875 0.244441228515625 0.5625349609375 0.24048025
1 0.69121794140625 0.233372193359375 0.669329462890625 0.125991685546875 0.613517646484375 0.135595701171875 0.627733759765625 0.23760447265625 0.69121794140625 0.233372193359375
0 0.9532068515625 0.21443545703125 0.901540494140625 0.045795427734375 0.85011287890625 0.074227658203125 0.894313064453125 0.2271865546875 0.9532068515625 0.21443545703125
0 0.8849260859375 0.22045831640625 0.842700966796875 0.073250978515625 0.78895102734375 0.090071576171875 0.825044767578125 0.2303336328125 0.8849260859375 0.22045831640625
0 0.976495236328125 0.524694048828125 0.919554810546875 0.29463171484375 0.8503407734375 0.31248325 0.90672775 0.546994904296875 0.976495236328125 0.524694048828125
0 0.81004730859375 0.225450236328125 0.779770236328125 0.073033939453125 0.731370330078125 0.083614634765625 0.75911888671875 0.23472869140625 0.81004730859375 0.225450236328125
0 0.75286813671875 0.23955783203125 0.71812004296875 0.06684830078125 0.66890623828125 0.0774832578125 0.699671646484375 0.251929107421875 0.75286813671875 0.23955783203125
0 0.5886140046296297 0.17154947916666666 0.07240306712962963 0.1876953125
0 0.613331886574074 0.4728515625 0.07332899305555562 0.20332031249999993
0 0.5398509837962963 0.4571614583333333 0.07173032407407409 0.2255859375
0 0.4650679976851852 0.48567708333333337 0.07873987268518523 0.2289713541666667
0 0.3841218171296297 0.47636718749999996 0.07873987268518512 0.2289713541666667
0 0.40742910879629635 0.1748046875 0.06521990740740735 0.18138020833333335
0 0.32781394675925923 0.18795572916666667 0.07554976851851847 0.15872395833333336
0 0.3055338541666667 0.4737630208333333 0.0907986111111111 0.21907552083333326
0 0.22867476851851853 0.48378906250000003 0.09149305555555554 0.23079427083333337
0 0.15698498828125 0.47048832421875 0.205558525390625 0.352527119140625 0.1578748515625 0.29246131640625 0.073533130859375 0.46869774609375 0.1053511875 0.509229955078125 0.135302697265625 0.463108966796875 0.15698498828125 0.47048832421875
0 0.136355341796875 0.439505875 0.048334794921875 0.67776146484375 0.090614173828125 0.7293627109375 0.118438693359375 0.702504017578125 0.19467397265625 0.513570751953125 0.136355341796875 0.439505875
0 0.041237587890625 0.69588430078125 0.10180258203125 0.51829137109375 0.064753865234375 0.472224646484375 0.03151419921875 0.531802107421875 0.041237587890625 0.69588430078125