1 0.98881802734375 0.68811653125 0.926422169921875 0.702010345703125 0.929104697265625 0.825129990234375 0.986724931640625 0.829400384765625 0.98881802734375 0.68811653125
1 0.929080638671875 0.826753943359375 0.925519974609375 0.7020704921875 0.845248611328125 0.705799568359375 0.854246509765625 0.828498189453125 0.929080638671875 0.826753943359375
1 0.78401959375 0.823445892578125 0.77304889453125 0.71223523046875 0.70809080078125 0.71656576953125 0.720962126953125 0.821160328125 0.78401959375 0.823445892578125
1 0.75703792578125 0.515376119140625 0.743865869140625 0.3702428984375 0.666938646484375 0.3915948671875 0.68208350390625 0.52524012890625 0.75703792578125 0.515376119140625
1 0.592693951171875 0.414390345703125 0.591743638671875 0.41769839453125 0.61427447265625 0.539494822265625 0.68293758203125 0.52842788671875 0.665158314453125 0.39009120703125 0.592693951171875 0.414390345703125
1 0.61612698046875 0.536126623046875 0.592742068359375 0.41114244140625 0.525787115234375 0.428584892578125 0.5555836328125 0.546652240234375 0.61612698046875 0.536126623046875
1 0.493302716796875 0.816560931640625 0.476580162109375 0.723642599609375 0.434147916015625 0.727952255859375 0.4591274375 0.81883928515625 0.493302716796875 0.816560931640625
1 0.45872666796875 0.818125583984375 0.43166643359375 0.72885810546875 0.390881189453125 0.7330579609375 0.414735259765625 0.81661583203125 0.45872666796875 0.818125583984375
1 0.483612859375 0.554358302734375 0.462992400390625 0.4468914609375 0.4122043671875 0.459902771484375 0.441015912109375 0.569785216796875 0.483612859375 0.554358302734375
1 0.377507537109375 0.580682876953125 0.351199435546875 0.46841227734375 0.313598392578125 0.4798040390625 0.345369048828125 0.58430628125 0.377507537109375 0.580682876953125
1 0.346214509765625 0.582769078125 0.3099036171875 0.4793099375 0.266905900390625 0.494023150390625 0.300433361328125 0.5910040859375 0.346214509765625 0.582769078125
1 0.300433361328125 0.5910040859375 0.265736529296875 0.48965859765625 0.2235842734375 0.502834609375 0.259983005859375 0.60036454296875 0.300433361328125 0.5910040859375
1 0.26082846484375 0.59882734375 0.223216443359375 0.499897455078125 0.183935458984375 0.51362246875 0.221267490234375 0.603685998046875 0.26082846484375 0.59882734375
1 0.219609509765625 0.60453694921875 0.185626380859375 0.510548064453125 0.14641127734375 0.519826173828125 0.184978560546875 0.6098073515625 0.219609509765625 0.60453694921875
1 0.185401291015625 0.609038751953125 0.148058279296875 0.519716375 0.111758365234375 0.52657887890625 0.15033662890625 0.61581890625 0.185401291015625 0.609038751953125
1 0.149902919921875 0.617328658203125 0.10929884375 0.526002427734375 0.078719515625 0.53544523828125 0.118587931640625 0.620897162109375 0.149902919921875 0.617328658203125
1 0.1173526796875 0.62097951171875 0.080734349609375 0.538272591796875 0.04811823046875 0.54637034765625 0.08969952734375 0.627265568359375 0.1173526796875 0.62097951171875
1 0.085582025390625 0.627540068359375 0.049408380859375 0.5425822421875 0.0188290546875 0.552025052734375 0.058340619140625 0.633798671875 0.085582025390625 0.627540068359375
1 0 0.572734939453125 0.0328011171875 0.636241724609375 0.057517119140625 0.633853572265625 0.016869123046875 0.545491947265625 0 0.55628404296875 0 0.572734939453125
1 0.245648603515625 0.81826283203125 0.2192581484375 0.739316564453125 0.201508962890625 0.74346151953125 0.23249455078125 0.81765893359375 0.245648603515625 0.81826283203125
1 0.231325181640625 0.81329437890625 0.20199757421875 0.738246013671875 0.171451189453125 0.74546537109375 0.201679154296875 0.81527078125 0.231325181640625 0.81329437890625
1 0.202524615234375 0.813733580078125 0.172686439453125 0.745383021484375 0.140591869140625 0.7460418203125 0.173669150390625 0.817878533203125 0.202524615234375 0.813733580078125
1 0.17118766796875 0.8187843828125 0.141481251953125 0.741540017578125 0.111401517578125 0.745026169921875 0.14485760546875 0.8190588828125 0.17118766796875 0.8187843828125
1 0.142015291015625 0.812493017578125 0.1130704765625 0.743434068359375 0.086273763671875 0.74744176953125 0.1226999453125 0.815353130859375 0.142015291015625 0.812493017578125
0 0.109743533203125 0.80140851953125 0.059757041015625 0.70478443359375 0.035447298828125 0.73528141015625 0.072257783203125 0.832783896484375 0.109743533203125 0.80140851953125
0 0 0.791977552734375 0.03308659765625 0.839097400390625 0.06302908203125 0.81710993359375 0.023550458984375 0.733112859375 0 0.75439953515625 0 0.791977552734375
0 0.28477978515625 0.827934205078125 0.2564478046875 0.72218808203125 0.218081943359375 0.7380051796875 0.250456392578125 0.83412224609375 0.28477978515625 0.827934205078125
0 0.32789944921875 0.842218751953125 0.29312496484375 0.7033637109375 0.25689311328125 0.72137843359375 0.290048294921875 0.85254179296875 0.32789944921875 0.842218751953125
0 0.3648252890625 0.8358572109375 0.3345906328125 0.712298783203125 0.2962826015625 0.7242122109375 0.328651265625 0.84996826171875 0.3648252890625 0.8358572109375
0 0.4163248359375 0.840223541015625 0.381423123046875 0.709956580078125 0.33658583984375 0.723865216796875 0.3701053671875 0.85968406640625 0.4163248359375 0.840223541015625
0 0.445749841796875 0.6089526953125 0.40149666796875 0.43719115234375 0.34685105078125 0.46969283203125 0.39093073046875 0.653165388671875 0.445749841796875 0.6089526953125
0 0.558470525390625 0.6341964375 0.51613159375 0.42096923046875 0.460254150390625 0.448873251953125 0.501031615234375 0.650505109375 0.558470525390625 0.6341964375
0 0.549570154296875 0.8547394140625 0.516281958984375 0.703305880859375 0.471901548828125 0.715624130859375 0.504183466796875 0.8764843125 0.549570154296875 0.8547394140625
0 0.605077470703125 0.851818890625 0.57786165234375 0.69998053125 0.52517076171875 0.717532591796875 0.554121546875 0.8692552890625 0.605077470703125 0.851818890625
0 0.663424345703125 0.861968435546875 0.639770986328125 0.703652873046875 0.588427587890625 0.717995251953125 0.610895384765625 0.86859021875 0.663424345703125 0.861968435546875
0 0.7171966953125 0.859163578125 0.698655701171875 0.706746892578125 0.64535179296875 0.707180634765625 0.6710234921875 0.8755011640625 0.7171966953125 0.859163578125
0 0.8117621527777777 0.7858723958333333 0.07119502314814818 0.19596354166666674
0 0.7970630787037036 0.4610026041666667 0.07250434027777786 0.21848958333333335
0 0.8896773726851852 0.46555989583333335 0.083883101851852 0.2621744791666667
0 0.9662398726851852 0.43411458333333336 0.05671296296296302 0.2720703125
0 0.177188556640625 0.207705587890625 0.140358671875 0.111802025390625 0.09852089453125 0.1695082578125 0.146296427734375 0.233535126953125 0.177188556640625 0.207705587890625
0 0.14052884375 0.2232640859375 0.101377337890625 0.16112125390625 0.063726984375 0.212810720703125 0.096800951171875 0.2548672890625 0.14052884375 0.2232640859375
1 0.096825259765625 0.253226353515625 0.064267884765625 0.207037060546875 0.052641552734375 0.223385638671875 0.068874662109375 0.264925615234375 0.096825259765625 0.253226353515625
1 0.0693304765625 0.264895228515625 0.05398469140625 0.224935412109375 0.026100943359375 0.26285925390625 0.0304524609375 0.276503326171875 0.0693304765625 0.264895228515625