0 1 0.1942964921875 0.96545999609375 0.111124736328125 0.922189337890625 0.127007927734375 0.975531515625 0.2386640234375 1 0.22408643359375 1 0.1942964921875
0 0.970103955078125 0.234035427734375 0.917361 0.100587154296875 0.86882411328125 0.114953087890625 0.93447336328125 0.263868431640625 0.970103955078125 0.234035427734375
0 0.92076042578125 0.23284466796875 0.867475865234375 0.1056254765625 0.82860717578125 0.123032328125 0.8771094921875 0.25806828125 0.92076042578125 0.23284466796875
0 0.87551925390625 0.24407365625 0.827777484375 0.090356869140625 0.7692958359375 0.12969673828125 0.82824994921875 0.2662115390625 0.87551925390625 0.24407365625
0 0.889232193359375 0.508537466796875 0.81983780859375 0.320743193359375 0.75865966796875 0.341427837890625 0.831614802734375 0.547870935546875 0.889232193359375 0.508537466796875
0 0.762692884765625 0.53593133203125 0.699163953125 0.327862140625 0.63422915625 0.359468478515625 0.69997059765625 0.5768588828125 0.762692884765625 0.53593133203125
0 0.725460529296875 0.251410271484375 0.674964650390625 0.09460134765625 0.62872093359375 0.119844166015625 0.677649619140625 0.27977723046875 0.725460529296875 0.251410271484375
0 0.667336107421875 0.26429095703125 0.62393869140625 0.12766092578125 0.58366413671875 0.151303259765625 0.6184189453125 0.287997310546875 0.667336107421875 0.26429095703125
0 0.60527065625 0.267863236328125 0.5668974765625 0.128083453125 0.52276255859375 0.143973048828125 0.5509259375 0.2869409921875 0.60527065625 0.267863236328125
0 0.553461103515625 0.3024848828125 0.51401623828125 0.125362630859375 0.4653180234375 0.136617228515625 0.507597662109375 0.318387283203125 0.553461103515625 0.3024848828125
1 1 0.37077393359375 0.980740126953125 0.372464400390625 1 0.414893771484375 1 0.37077393359375
1 1 0.415925537109375 0.9760961640625 0.366273732421875 0.932825505859375 0.382156927734375 0.9824686484375 0.48917162109375 1 0.476503498046875 1 0.415925537109375
1 0.983494236328125 0.492276560546875 0.931258314453125 0.385281068359375 0.880992904296875 0.39965980859375 0.929149517578125 0.511354314453125 0.983494236328125 0.492276560546875
1 0.927098337890625 0.505144443359375 0.87918371875 0.398116943359375 0.842585154296875 0.409281912109375 0.883124748046875 0.524145375 0.927098337890625 0.505144443359375
1 0.811321958984375 0.239880390625 0.778284150390625 0.1529741640625 0.72753475390625 0.15801888671875 0.764813205078125 0.24333743359375 0.811321958984375 0.239880390625
1 0.76583879296875 0.246442373046875 0.725967560546875 0.161143029296875 0.6931256484375 0.161386302734375 0.719894689453125 0.2607891015625 0.76583879296875 0.246442373046875
1 0.81257801953125 0.53089301171875 0.7711741640625 0.416035951171875 0.721450359375 0.424185611328125 0.75626278515625 0.54531656640625 0.81257801953125 0.53089301171875
1 0.692249865234375 0.56135340625 0.652090546875 0.4371495234375 0.59247959765625 0.454710021484375 0.6246992421875 0.57586018359375 0.692249865234375 0.56135340625
1 0.6224060703125 0.56498330078125 0.594046791015625 0.45158587890625 0.530978798828125 0.469171986328125 0.561250974609375 0.60278670703125 0.6224060703125 0.56498330078125
1 0.555823416015625 0.59815811328125 0.526012177734375 0.456758638671875 0.46199926171875 0.47279548046875 0.48867611328125 0.620443236328125 0.555823416015625 0.59815811328125
1 0.494345662109375 0.27957876953125 0.470088744140625 0.17860109765625 0.4136121796875 0.1899133125 0.431277671875 0.297164876953125 0.494345662109375 0.27957876953125
1 0.367806357421875 0.306972638671875 0.355165099609375 0.196571322265625 0.28923928515625 0.192390857421875 0.30244519140625 0.31368186328125 0.367806357421875 0.306972638671875
1 0.304876646484375 0.31055131640625 0.28931994921875 0.19394652734375 0.225525978515625 0.197531611328125 0.23260139453125 0.3173117578125 0.304876646484375 0.31055131640625
0 0.4300419560185185 0.531199363425926 0.0756438078703704 0.2162977430555557
0 0.3544921875 0.5249204282407407 0.09216579861111107 0.2525390624999999
0 0.27217881944444444 0.5577690972222222 0.09593460648148144 0.23109085648148153
0 0.1783275462962963 0.5565104166666667 0.09714988425925924 0.25452835648148153
0 0.20241608796296295 0.2485966435185185 0.07299623842592595 0.1840639467592593
0 0.1025535300925926 0.24445167824074074 0.09715711805555555 0.17936197916666669
0 0.08974971064814816 0.5815899884259259 0.10617766203703705 0.27802372685185195
0 0.39403935185185185 0.23252314814814817 0.08033854166666665 0.1938802083333333