0 0.11168997265625 0.591216416015625 0.14606634375 0.350634625 0.076244404296875 0.345924630859375 0.038498435546875 0.58079442578125 0.11168997265625 0.591216416015625
0 0.094485587890625 0.291258677734375 0.127079958984375 0.116406830078125 0.072324005859375 0.09654684765625 0.03580923828125 0.277380689453125 0.094485587890625 0.291258677734375
0 0.164825927734375 0.282816685546875 0.1894823046875 0.115554830078125 0.13019035546875 0.1104548359375 0.099799181640625 0.27501069140625 0.164825927734375 0.282816685546875
0 0.2358466640625 0.268512697265625 0.25266225 0.11321483203125 0.19913749609375 0.11227883203125 0.179956712890625 0.2705826953125 0.2358466640625 0.268512697265625
0 0.2968882109375 0.2793846875 0.309297400390625 0.1081988359375 0.2579434453125 0.09550884765625 0.239281060546875 0.277140689453125 0.2968882109375 0.2793846875
0 0.4009765625 0.4953342013888889 0.07092013888888893 0.2055844907407408
0 0.3961154513888889 0.18862123842592593 0.06473524305555556 0.19071903935185186
0 0.4717013888888889 0.4673032407407407 0.06536458333333339 0.21903935185185186
0 0.5504123263888889 0.4907769097222222 0.06725260416666679 0.21618200231481488
0 0.6300998263888888 0.47023292824074076 0.06660156249999982 0.23079427083333337
0 0.5766493055555555 0.17607060185185186 0.05779079861111125 0.1855830439814815
0 0.6598090277777777 0.17983217592592593 0.06775173611111107 0.1508246527777778
0 0.7072265625 0.4663990162037037 0.08535156250000009 0.2402705439814814
0 0.7813368055555555 0.45876736111111105 0.08131510416666665 0.23426649305555558
0 0.93494085546875 0.42793855859375 0.836542140625 0.268152697265625 0.79189498046875 0.338388634765625 0.845063333984375 0.4327265546875 0.870173314453125 0.431796556640625 0.900402486328125 0.478830513671875 0.93494085546875 0.42793855859375
0 0.974468822265625 0.638058375 0.866479716796875 0.41150457421875 0.8137325625 0.48204051171875 0.922758466796875 0.682290337890625 0.974468822265625 0.638058375
0 1 0.526725025390625 0.94530884765625 0.42025856640625 0.90672048046875 0.471300521484375 0.97871321875 0.646656369140625 1 0.642447119140625 1 0.526725025390625
1 0.5556991875 0.2522887109375 0.550839189453125 0.143028806640625 0.49261644140625 0.149562802734375 0.49491683984375 0.253080712890625 0.5556991875 0.2522887109375
1 0.493361640625 0.256056708984375 0.493361640625 0.1466168046875 0.43426409375 0.15026480078125 0.43092689453125 0.2554507109375 0.493361640625 0.256056708984375
1 0.366904548828125 0.256362708984375 0.37348174609375 0.15105680078125 0.31512939453125 0.151758798828125 0.303659806640625 0.25578670703125 0.366904548828125 0.256362708984375
1 0.3524865625 0.592512416015625 0.360521755859375 0.44337654296875 0.29018141796875 0.451818537109375 0.277027029296875 0.589470419921875 0.3524865625 0.592512416015625
1 0.273754630859375 0.588132419921875 0.2901166171875 0.4489025390625 0.216341880859375 0.4487165390625 0.197420296875 0.58220442578125 0.273754630859375 0.588132419921875
1 0.199915095703125 0.585030421875 0.218707078125 0.44571054296875 0.142664345703125 0.452904537109375 0.11894756640625 0.58948841796875 0.199915095703125 0.585030421875
1 0.037299638671875 0.271488693359375 0.057387619140625 0.154008796875 0.0177300546875 0.156936794921875 0.00580686328125 0.20407275390625 0.00618839453125 0.2784777578125 0.037299638671875 0.271488693359375