0 0.828248189453125 0.702708689453125 0.783053177734375 0.814541021484375 0.820206177734375 0.81660660546875 0.86567659765625 0.72337984765625 0.828248189453125 0.702708689453125
0 0.78308071875 0.6893053359375 0.74160376171875 0.8198197421875 0.780546935546875 0.834324740234375 0.82477800390625 0.703871541015625 0.78308071875 0.6893053359375
0 0.743228689453125 0.684699845703125 0.69676678515625 0.822543251953125 0.737114556640625 0.835839501953125 0.781180380859375 0.71282241015625 0.743228689453125 0.684699845703125
0 0.6920297109375 0.694721759765625 0.64592583984375 0.816453599609375 0.694921529296875 0.843581625 0.733699455078125 0.710527314453125 0.6920297109375 0.694721759765625
0 0.67944341015625 0.42413005859375 0.625628021484375 0.613888515625 0.68393261328125 0.62510387890625 0.740199162109375 0.449039490234375 0.67944341015625 0.42413005859375
0 0.56492734765625 0.400505880859375 0.509872609375 0.6150360625 0.570242787109375 0.626297328125 0.6194588046875 0.426516955078125 0.56492734765625 0.400505880859375
0 0.5475764296875 0.685311869140625 0.515353294921875 0.833391400390625 0.558427638671875 0.84798820703125 0.600372794921875 0.696404830078125 0.5475764296875 0.685311869140625
0 0.49274201953125 0.672933658203125 0.46258446875 0.821059091796875 0.507531611328125 0.844377255859375 0.546860359375 0.686535921875 0.49274201953125 0.672933658203125
1 0.860050859375 0.72480897265625 0.82301814453125 0.8005043984375 0.843162509765625 0.800146591796875 0.882968203125 0.72048551171875 0.860050859375 0.72480897265625
1 0.88159066015625 0.722065810546875 0.846847890625 0.79539575 0.91130628125 0.794411791015625 0.945798583984375 0.732352677734375 0.88159066015625 0.722065810546875
1 0.949144052734375 0.7227615390625 0.912576484375 0.797661841796875 0.96755306640625 0.80049445703125 0.983538421875 0.76299323046875 0.949144052734375 0.7227615390625
1 0.989191724609375 0.508594591796875 0.94388433203125 0.5969934375 0.97689175390625 0.60175421875 0.987142837890625 0.58345651953125 0.989191724609375 0.508594591796875
1 0.955656083984375 0.4901293125 0.908765873046875 0.58654755078125 0.94526187890625 0.595413138671875 0.989245396484375 0.50617941796875 0.955656083984375 0.4901293125
1 0.91645865625 0.482009150390625 0.868656044921875 0.579212568359375 0.90787136328125 0.586527671875 0.95610333984375 0.49013925 0.91645865625 0.482009150390625
1 0.871089111328125 0.469724546875 0.825737455078125 0.577453365234375 0.868602375 0.581627744140625 0.91237969140625 0.484334876953125 0.871089111328125 0.469724546875
1 0.824735603515625 0.461445359375 0.782049587890625 0.57003887109375 0.826274162109375 0.573438009765625 0.868316130859375 0.47369020703125 0.824735603515625 0.461445359375
1 0.777040333984375 0.45313635546875 0.735642412109375 0.564174859375 0.782532625 0.568438693359375 0.822785572265625 0.468651134765625 0.777040333984375 0.45313635546875
1 0.739256232421875 0.441825771484375 0.703940978515625 0.561054015625 0.736590591796875 0.5617795625 0.77793484375 0.453156232421875 0.739256232421875 0.441825771484375
1 0.6368755546875 0.700333171875 0.608633041015625 0.7925708984375 0.648236025390625 0.796308359375 0.680318251953125 0.709870751953125 0.6368755546875 0.700333171875
1 0.598764025390625 0.700914947265625 0.5742977578125 0.8018087734375 0.606126119140625 0.7982299765625 0.63751021875 0.707490765625 0.598764025390625 0.700914947265625
1 0.61675673046875 0.42700487109375 0.59613017578125 0.5336988125 0.63471769921875 0.54741458984375 0.66895778125 0.4353083828125 0.61675673046875 0.42700487109375
1 0.486365166015625 0.401248119140625 0.463104759765625 0.519313111328125 0.52003405078125 0.52915039453125 0.550434421875 0.41124406640625 0.486365166015625 0.401248119140625
1 0.42194684765625 0.37124265234375 0.39418033203125 0.5134953671875 0.46053437109375 0.527828177734375 0.48957021484375 0.39989064453125 0.42194684765625 0.37124265234375
1 0.30624773828125 0.684413703125 0.2918408828125 0.796960650390625 0.35457734375 0.795497400390625 0.36958712890625 0.69153603515625 0.30624773828125 0.684413703125
0 0.433465984375 0.674382498046875 0.410840240234375 0.835322517578125 0.455933064453125 0.84203937109375 0.481573458984375 0.688309830078125 0.433465984375 0.674382498046875
0 0.381994796875 0.668952603515625 0.350547232421875 0.833982673828125 0.397068048828125 0.84787474609375 0.430165736328125 0.680023947265625 0.381994796875 0.668952603515625
0 0.9717447916666666 0.10659722222222223 0.056510416666666785 0.17109375
1 0.34710575390625 0.3616049765625 0.3306630703125 0.50452077734375 0.39578099609375 0.513315595703125 0.42030221875 0.374253193359375 0.34710575390625 0.3616049765625
1 0.1709283125 0.666295572265625 0.161952158203125 0.794681787109375 0.23131335546875 0.796223146484375 0.2420847421875 0.67889845703125 0.1709283125 0.666295572265625
1 0.093039767578125 0.681097162109375 0.09234615625 0.8041566171875 0.1608505390625 0.79833118359375 0.16848026953125 0.684610552734375 0.093039767578125 0.681097162109375
0 0.2929253472222222 0.4481336805555556 0.08079427083333335 0.25362413194444433
0 0.2068576388888889 0.45208333333333334 0.08090277777777777 0.25850694444444444
0 0.11861979166666667 0.4217881944444445 0.10358072916666666 0.26877170138888884
0 0.034266493055555555 0.41976996527777777 0.06853298611111111 0.32782118055555554
0 0.0576171875 0.7487196180555555 0.07044270833333333 0.2270399305555555