0 0.11360677083333334 0.11317274305555555 0.07560763888888888 0.20949074074074076
0 0.023502604166666666 0.11064091435185185 0.04492187499999999 0.1771556712962963
0 0.08522135416666667 0.4428891782407407 0.0904296875 0.2578125
0 0.1833984375 0.45099103009259256 0.0815538194444444 0.25553385416666674
0 0.2709635416666667 0.4184027777777778 0.08196614583333339 0.24287471064814814
0 0.3491536458333333 0.4389829282407407 0.08407118055555562 0.22442853009259256
0 0.32078993055555555 0.13093171296296297 0.07951388888888888 0.20963541666666669
0 0.483232685546875 0.200823849609375 0.44823383203125 0.034116744140625 0.3993807734375 0.044379115234375 0.43212919921875 0.2132828203125 0.483232685546875 0.200823849609375
0 0.535156640625 0.193617615234375 0.50700283984375 0.04884611328125 0.45746996484375 0.057020412109375 0.487522564453125 0.20489146484375 0.535156640625 0.193617615234375
0 0.595660353515625 0.194546611328125 0.562771275390625 0.048893865234375 0.514996548828125 0.057003048828125 0.54394737890625 0.193292033203125 0.595660353515625 0.194546611328125
0 0.65562490234375 0.196552201171875 0.612022845703125 0.034390232421875 0.5692412578125 0.062390359375 0.607826734375 0.217341751953125 0.65562490234375 0.196552201171875
0 0.678316724609375 0.469377615234375 0.624775275390625 0.268488650390625 0.56741278515625 0.28540593359375 0.61884445703125 0.4916561640625 0.678316724609375 0.469377615234375
0 0.798105171875 0.470224130859375 0.743977671875 0.26935687109375 0.6793012890625 0.28020529296875 0.73546823828125 0.487336763671875 0.798105171875 0.470224130859375
0 0.794331015625 0.1871884375 0.755815865234375 0.0470271875 0.707478533203125 0.068893333984375 0.751572869140625 0.202508197265625 0.794331015625 0.1871884375
0 0.841988533203125 0.189649845703125 0.803192078125 0.06957488671875 0.763340736328125 0.071050861328125 0.801973095703125 0.2006415234375 0.841988533203125 0.189649845703125
0 0.892529412109375 0.1909478359375 0.84198853125 0.057571732421875 0.805184646484375 0.0747842109375 0.85209201953125 0.218861140625 0.892529412109375 0.1909478359375
0 0.928114314453125 0.17272387890625 0.8860594296875 0.071788849609375 0.849818150390625 0.075244369140625 0.888802138671875 0.1995388828125 0.928114314453125 0.17272387890625
0 0.4947482638888889 0.9637586805555556 0.06423611111111105 0.04137731481481488
1 1 0.14373881640625 0.97888961328125 0.100049443359375 0.947875890625 0.10225472265625 0.978819287109375 0.1645061640625 1 0.161419361328125 1 0.14373881640625
1 0.982710654296875 0.17281504296875 0.946563142578125 0.099133470703125 0.910087443359375 0.097314546875 0.949352736328125 0.17510714453125 0.982710654296875 0.17281504296875
1 0.9460239765625 0.1794569296875 0.910579724609375 0.095183064453125 0.889341302734375 0.092799796875 0.928934783203125 0.177976615234375 0.9460239765625 0.1794569296875
1 1 0.31455000390625 0.973755822265625 0.314734439453125 1 0.372578939453125 1 0.31455000390625
1 1 0.37327725390625 0.97380270703125 0.315789328125 0.933693501953125 0.324671228515625 0.980624318359375 0.429652166015625 1 0.423762376953125 1 0.37327725390625
1 0.979311568359375 0.426530912109375 0.93423266796875 0.3235946328125 0.88973981640625 0.326299142578125 0.93582672265625 0.4387077109375 0.979311568359375 0.426530912109375
1 0.933693501953125 0.43033371875 0.887794134765625 0.322144705078125 0.844356169921875 0.335376390625 0.886739244140625 0.443695638671875 0.933693501953125 0.43033371875
1 0.728037134765625 0.465422869140625 0.69104571484375 0.346337681640625 0.648006263671875 0.355328111328125 0.682583162109375 0.48612559765625 0.728037134765625 0.465422869140625
1 0.739547140625 0.18287772265625 0.7084162109375 0.089991103515625 0.663196658203125 0.08955265234375 0.696859322265625 0.186572001953125 0.739547140625 0.18287772265625
1 0.69617950390625 0.1844839296875 0.663196658203125 0.08955265234375 0.626720958984375 0.087733728515625 0.65567178515625 0.19760708984375 0.69617950390625 0.1844839296875
1 0.60850655078125 0.48358605078125 0.57475012109375 0.358041302734375 0.5176454921875 0.367552662109375 0.544228681640625 0.49019321484375 0.60850655078125 0.48358605078125
1 0.54228299609375 0.486038775390625 0.515840458984375 0.366562888671875 0.450695236328125 0.366862423828125 0.47641107421875 0.5096109765625 0.54228299609375 0.486038775390625
1 0.474371623046875 0.50334676171875 0.45233617578125 0.377367900390625 0.380931947265625 0.38212575 0.403225255859375 0.52711430859375 0.474371623046875 0.50334676171875
1 0.42113491796875 0.190444267578125 0.4000371484375 0.08556317578125 0.3439405234375 0.078131205078125 0.360185806640625 0.192701640625 0.42113491796875 0.190444267578125
1 0.292555734375 0.189923333984375 0.27781073828125 0.082693705078125 0.211938814453125 0.07985028125 0.22363635546875 0.19775902734375 0.292555734375 0.189923333984375
1 0.22187820703125 0.19782414453125 0.208914798828125 0.07784903125 0.147379638671875 0.080128111328125 0.1518570546875 0.194077771484375 0.22187820703125 0.19782414453125
1 0.64320101171875 0.974118068359375 0.61810337109375 0.8855376953125 0.5294165859375 0.913580451171875 0.546186021484375 0.981416978515625 0.64320101171875 0.974118068359375