1 0.995273923828125 0.310979091796875 0.99135859765625 0.19505180859375 0.91884595703125 0.192876626953125 0.914920744140625 0.313599197265625 0.995273923828125 0.310979091796875
1 0.83713823046875 0.3097431953125 0.84384174609375 0.19851232421875 0.779644232421875 0.19955048046875 0.771220345703125 0.30667816796875 0.83713823046875 0.3097431953125
1 0.8250238515625 0.6566380234375 0.834795078125 0.506880328125 0.759075 0.499346224609375 0.74549512109375 0.631447298828125 0.8250238515625 0.6566380234375
1 0.744552201171875 0.638842740234375 0.7563017109375 0.499161337890625 0.687440904296875 0.49084146484375 0.66950695703125 0.607735662109375 0.744552201171875 0.638842740234375
1 0.670422142578125 0.611525828125 0.686599671875 0.48829928125 0.623211494140625 0.479101201171875 0.604038810546875 0.598398919921875 0.670422142578125 0.611525828125
1 0.538874763671875 0.583989033203125 0.5539738828125 0.47289162890625 0.51189396484375 0.463443103515625 0.48784653515625 0.57145275 0.538874763671875 0.583989033203125
1 0.536416912109375 0.308962751953125 0.5499906796875 0.211050060546875 0.51652559765625 0.21463185546875 0.4941208515625 0.30365181640625 0.536416912109375 0.308962751953125
1 0.493293333984375 0.305257447265625 0.51713697265625 0.217163814453125 0.47508793359375 0.21602134765625 0.453362494140625 0.300934591796875 0.493293333984375 0.305257447265625
1 0.42843196484375 0.557526978515625 0.4469214375 0.449146798828125 0.4173778046875 0.448838025390625 0.390619326171875 0.550023734375 0.42843196484375 0.557526978515625
1 0.387574798828125 0.553142365234375 0.416865236328125 0.447973451171875 0.3733773046875 0.445904658203125 0.34478469921875 0.5394944921875 0.387574798828125 0.553142365234375
1 0.345346669921875 0.5411927578125 0.372549787109375 0.4475102890625 0.33356380078125 0.43577682421875 0.302291025390625 0.53084878125 0.345346669921875 0.5411927578125
1 0.30136469921875 0.530787025390625 0.3316617421875 0.434819619140625 0.29621432421875 0.42830445703125 0.26381760546875 0.519979884765625 0.30136469921875 0.530787025390625
1 0.264330171875 0.52084445703125 0.29441107421875 0.429014640625 0.259840576171875 0.421727541015625 0.22627051171875 0.509172744140625 0.264330171875 0.52084445703125
1 0.226980693359375 0.51337208984375 0.259840576171875 0.421727541015625 0.2272215390625 0.416231337890625 0.19282395703125 0.505282171875 0.226980693359375 0.51337208984375
1 0.191119515625 0.507659744140625 0.227635298828125 0.415428521484375 0.197943453125 0.412618666015625 0.16113124609375 0.499847728515625 0.191119515625 0.507659744140625
1 0.161594408203125 0.49987860546875 0.19562763671875 0.412464279296875 0.16707826171875 0.4055785859375 0.132532462890625 0.49212833984375 0.161594408203125 0.49987860546875
1 0.12953734375 0.496080666015625 0.1673932109375 0.403108380859375 0.13923906640625 0.40289223828125 0.1031555703125 0.486848279296875 0.12953734375 0.496080666015625
1 0.101914291015625 0.489256728515625 0.138213931640625 0.401163095703125 0.11144927734375 0.4010395859375 0.0754831171875 0.4791906484375 0.101914291015625 0.489256728515625
1 0.1837625625 0.293513662109375 0.21105886328125 0.228155158203125 0.184882521484375 0.22936295703125 0.160204951171875 0.290466712890625 0.1837625625 0.293513662109375
1 0.21102592578125 0.29680766796875 0.236675224609375 0.231339359375 0.21133885546875 0.225959154296875 0.183806482421875 0.2942548125 0.21102592578125 0.29680766796875
1 0.2391127890625 0.3001565703125 0.265146390625 0.22733165625 0.238706529296875 0.2240925546875 0.210202423828125 0.296752767578125 0.2391127890625 0.3001565703125
1 0.2707297265625 0.300787919921875 0.29604413671875 0.222747501953125 0.2654263828125 0.225135654296875 0.241731521484375 0.295901818359375 0.2707297265625 0.300787919921875
1 0.2874358125 0.29894876953125 0.3126623828125 0.219426048828125 0.295544546875 0.22123775 0.27128970703125 0.296395916015625 0.2874358125 0.29894876953125
0 0.13873903125 0.329637896484375 0.17574715234375 0.241303716796875 0.145063517578125 0.214896796875 0.123921509765625 0.25261312890625 0.1121125078125 0.3094072265625 0.13873903125 0.329637896484375
0 0.0973938046875 0.303258423828125 0.132914134765625 0.224421953125 0.104228861328125 0.204054037109375 0.070657482421875 0.253491529296875 0.0717499921875 0.292690162109375 0.0973938046875 0.303258423828125
0 0.3239608125 0.31319533203125 0.3477380234375 0.209214640625 0.313579212890625 0.2002933828125 0.28769933203125 0.303395671875 0.3239608125 0.31319533203125
0 0.359865443359375 0.337735654296875 0.388386017578125 0.203065833984375 0.348627404296875 0.18269791796875 0.319003337890625 0.3195088359375 0.359865443359375 0.337735654296875
0 0.40001384765625 0.330077095703125 0.423549498046875 0.1943367265625 0.38741977734375 0.18676051953125 0.364592337890625 0.313689431640625 0.40001384765625 0.330077095703125
0 0.44133711328125 0.328402642578125 0.47443086328125 0.194775927734375 0.428172083984375 0.175451109375 0.40270944140625 0.3132776796875 0.44133711328125 0.328402642578125
0 0.471147841796875 0.59615017578125 0.5172968203125 0.419838673828125 0.455924056640625 0.3876946953125 0.421655447265625 0.57070400390625 0.471147841796875 0.59615017578125
0 0.597747349609375 0.60089903125 0.62819491796875 0.4087763125 0.56790917578125 0.381134140625 0.54039876171875 0.588217119140625 0.597747349609375 0.60089903125
0 0.5846152578125 0.3239282890625 0.60797523046875 0.1852233203125 0.562468580078125 0.1578281953125 0.532707263671875 0.31308553125 0.5846152578125 0.3239282890625
0 0.639658046875 0.325383142578125 0.661211806640625 0.176960861328125 0.610127310546875 0.16617300390625 0.586234810546875 0.31665403515625 0.639658046875 0.325383142578125
0 0.70327622265625 0.319289236328125 0.71529933203125 0.17613736328125 0.666789650390625 0.16035359765625 0.65461830859375 0.30792492578125 0.70327622265625 0.319289236328125
0 0.760833431640625 0.321649939453125 0.7765403359375 0.15069119140625 0.7255711328125 0.148769689453125 0.709556787109375 0.3145403828125 0.760833431640625 0.321649939453125
0 0.874732349537037 0.234375 0.08568431712962954 0.21484375
0 0.8771195023148148 0.5701171875 0.09546440972222214 0.2485677083333333
0 0.9598361545138889 0.548046875 0.08032769097222214 0.2760416666666665
0 0.242157171875 0.91483879296875 0.26945259375 0.82757294140625 0.242130673828125 0.800807525390625 0.1997936171875 0.86141396484375 0.242157171875 0.91483879296875
0 0.195903357421875 0.862579982421875 0.2332848359375 0.805206595703125 0.1908576796875 0.777434166015625 0.16195633203125 0.817555787109375 0.195903357421875 0.862579982421875
1 0.163986263671875 0.818403798828125 0.189182853515625 0.775897140625 0.163631158203125 0.765641482421875 0.151568171875 0.8026095546875 0.163986263671875 0.818403798828125
1 0.1493103359375 0.8045970859375 0.16411346484375 0.767099005859375 0.129207125 0.752656283203125 0.121665107421875 0.765694484375 0.1493103359375 0.8045970859375