0 0.5887080439814816 0.15351562500000002 0.09513165509259247 0.28313802083333334
0 0.697996238425926 0.156396484375 0.099710648148148 0.31279296875
0 0.8029224537037036 0.1509765625 0.09935619212962976 0.294140625
0 0.7333622685185186 0.8415364583333333 0.07593315972222214 0.22727864583333335
0 0.6553240740740741 0.8496744791666666 0.08161892361111112 0.22180989583333321
0 0.5741825810185186 0.8521484375 0.07886284722222214 0.2274739583333334
0 0.49427806712962963 0.8633463541666666 0.07460937500000009 0.21549479166666652
0 0.41623987268518514 0.871484375 0.08615451388888884 0.2104166666666667
0 0.33802806712962963 0.8737630208333333 0.07851562499999998 0.2157552083333334
0 0.127539423828125 0.020727935546875 0.171514380859375 0.334586025390625 0.247876359375 0.328317568359375 0.214932140625 0.011368783203125 0.127539423828125 0.020727935546875
0 0.035950322265625 0.02094558984375 0.076146794921875 0.33976620703125 0.169520666015625 0.33354128125 0.1281575625 0.019509068359375 0.035950322265625 0.02094558984375
0 0.163417625 0.723752642578125 0.25945558984375 0.939927302734375 0.313904091796875 0.878592203125 0.2306206953125 0.673343814453125 0.163417625 0.723752642578125
0 0.310404203125 0.9812816953125 0.232797240234375 0.879288697265625 0.194559662109375 0.913634611328125 0.222254044921875 0.987158373046875 0.310404203125 0.9812816953125
0 0.102221828125 0.7560961328125 0.18652384765625 0.929479873046875 0.2303595078125 0.885339498046875 0.156191490234375 0.70068124609375 0.102221828125 0.7560961328125
1 0.21962241796875 0.11996373046875 0.249730921875 0.3381011875 0.342324060546875 0.326057787109375 0.316664021484375 0.092947455078125 0.21962241796875 0.11996373046875
1 0.320049193359375 0.09712466796875 0.344168544921875 0.333272978515625 0.441600744140625 0.319439341796875 0.424631482421875 0.0769438359375 0.320049193359375 0.09712466796875
1 0.426172169921875 0.073905859375 0.440060056640625 0.322477318359375 0.538522998046875 0.31591312109375 0.530624263671875 0.0493308125 0.426172169921875 0.073905859375
1 0.777238560546875 0.741471939453125 0.77712262890625 0.895884267578125 0.856116818359375 0.89303055859375 0.859612609375 0.739599193359375 0.777238560546875 0.741471939453125
1 0.862323630859375 0.740624744140625 0.857525837890625 0.8953491953125 0.934406498046875 0.88901753125 0.946775537109375 0.741026048828125 0.862323630859375 0.740624744140625
1 1 0.736231642578125 0.950155396484375 0.742007009765625 0.93908836328125 0.88870540625 1 0.881671224609375 1 0.736231642578125
1 0.871385146484375 0.0191788984375 0.851335609375 0.288227060546875 0.959165216796875 0.29009146875 0.9883073203125 0.01267737890625 0.871385146484375 0.0191788984375