1 0.107004287109375 0 0.11603387890625 0.042116900390625 0.22112323046875 0.024418224609375 0.214950701171875 0 0.107004287109375 0
1 0.3530763046875 0.6031070390625 0.337713955078125 0.463033220703125 0.258808572265625 0.464674689453125 0.28031586328125 0.605654841796875 0.3530763046875 0.6031070390625
1 0.278385373046875 0.610654783203125 0.257503453125 0.467192283203125 0.178869970703125 0.481069251953125 0.208316740234375 0.611838048828125 0.278385373046875 0.610654783203125
1 0.20429262109375 0.61449662890625 0.17813583984375 0.4786573984375 0.10137846875 0.485087330078125 0.130934 0.620750328125 0.20429262109375 0.61449662890625
1 0.374039794921875 0.903360173828125 0.36213057421875 0.79618121875 0.29967514453125 0.803094529296875 0.315581294921875 0.90639135546875 0.374039794921875 0.903360173828125
1 0.49756396875 0.888380498046875 0.49234348828125 0.775954880859375 0.431981685546875 0.785209552734375 0.441144716796875 0.89130594140625 0.49756396875 0.888380498046875
1 0.556104041015625 0.889019966796875 0.55825205078125 0.771312439453125 0.4939205078125 0.785672787109375 0.497672728515625 0.89327469921875 0.556104041015625 0.889019966796875
0 0.31522782421875 0.951733201171875 0.292061943359375 0.7667404921875 0.2378994609375 0.779348595703125 0.26179947265625 0.966753158203125 0.31522782421875 0.951733201171875
0 0.252690822265625 0.954975861328125 0.22800230078125 0.79333633984375 0.175933451171875 0.8082858046875 0.199942220703125 0.969960572265625 0.252690822265625 0.954975861328125
0 0.18857680078125 0.948500611328125 0.157253919921875 0.79455485546875 0.097626248046875 0.80622137890625 0.13590976953125 0.967155974609375 0.18857680078125 0.948500611328125
0 0.129656068359375 0.96135544140625 0.085717029296875 0.79091441796875 0.019536564453125 0.813945353515625 0.067554107421875 0.9841748984375 0.129656068359375 0.96135544140625
0 0.139825130859375 0.714611216796875 0.089306109375 0.46243906640625 0.019835654296875 0.4905404375 0.06660245703125 0.72698266796875 0.139825130859375 0.714611216796875
0 0.3876953125 0.5518446180555555 0.07499999999999996 0.21458333333333335
0 0.4614366319444444 0.5705078125 0.06649305555555562 0.22682291666666665
0 0.3984809027777778 0.8612123842592593 0.06484375000000009 0.19649884259259265
0 0.5820746527777778 0.8516927083333333 0.05321180555555571 0.19979745370370372
0 0.5380642361111111 0.5430700231481481 0.06846788194444442 0.22790075231481488
0 0.6175130208333334 0.5545934606481482 0.07159288194444446 0.2368417245370371
0 0.6956814236111111 0.5524956597222221 0.07749565972222205 0.23909866898148158
0 0.7669053819444445 0.5458695023148148 0.07849392361111107 0.24012586805555558
0 0.843944708984375 0.72889003515625 0.920128998046875 0.56475267578125 0.882115287109375 0.532566220703125 0.859212939453125 0.562022056640625 0.832049083984375 0.576386859375 0.7908980625 0.668036916015625 0.843944708984375 0.72889003515625
0 0.861576044921875 0.57618712890625 0.9593982421875 0.350990916015625 0.897472076171875 0.30695480078125 0.801679611328125 0.531001181640625 0.861576044921875 0.57618712890625
0 1 0.3769021875 0.960652556640625 0.327082248046875 0.887108833984375 0.52170668359375 0.932469076171875 0.56057928515625 1 0.4110263515625 1 0.3769021875
0 0.6669487847222222 0.8433810763888889 0.07877604166666652 0.1650318287037038