0 0.7547815393518518 0.4817708333333333 0.07276475694444429 0.23504050925925923
0 0.8430483217592593 0.5026041666666667 0.08220486111111103 0.27944155092592604
0 0.9355902777777778 0.4821686921296296 0.0947410300925926 0.26935763888888886
0 0.9691804108796296 0.835865162037037 0.06163917824074083 0.20872395833333313
0 0.7625868055555556 0.810720486111111 0.07250434027777786 0.21746238425925934
0 0.67106 0.87715166015625 0.65390187890625 0.707232083984375 0.60236972265625 0.70599991015625 0.62446215625 0.87956784375 0.67106 0.87715166015625
0 0.61601675 0.858532587890625 0.595195822265625 0.697587416015625 0.54858353125 0.69902829296875 0.5704158828125 0.855040763671875 0.61601675 0.858532587890625
0 0.560388318359375 0.837015705078125 0.53493650390625 0.692903546875 0.486713154296875 0.695404017578125 0.50908734375 0.851388388671875 0.560388318359375 0.837015705078125
0 0.50456482421875 0.838934203125 0.47779815625 0.679273376953125 0.428534484375 0.68475594921875 0.45975142578125 0.85199444140625 0.50456482421875 0.838934203125
0 0.520747640625 0.6136029296875 0.485130994140625 0.40559834765625 0.429567583984375 0.4250723125 0.46183207421875 0.62641833984375 0.520747640625 0.6136029296875
0 0.409698091796875 0.596051783203125 0.3661785703125 0.396142779296875 0.307653748046875 0.4168267734375 0.350983255859375 0.603909720703125 0.409698091796875 0.596051783203125
0 0.37102830859375 0.796396365234375 0.339145873046875 0.6692276015625 0.296415189453125 0.677614375 0.324569251953125 0.81346173828125 0.37102830859375 0.796396365234375
0 0.322942013671875 0.790404451171875 0.2936403203125 0.663873259765625 0.255631482421875 0.672786587890625 0.283591416015625 0.795530408203125 0.322942013671875 0.790404451171875
0 0.2809878359375 0.793351240234375 0.24880850390625 0.646141765625 0.209537841796875 0.656663298828125 0.243778341796875 0.798366177734375 0.2809878359375 0.793351240234375
0 0.240449640625 0.776168501953125 0.20474748046875 0.651511966796875 0.16941073828125 0.667229240234375 0.209697708984375 0.783162767578125 0.240449640625 0.776168501953125
0 0.01074464453125 0.725263515625 0.022144541015625 0.744180884765625 0.0528828984375 0.715762892578125 0.00921043359375 0.621704310546875 0.01074464453125 0.725263515625
1 0.0948886796875 0.73918968359375 0.059881607421875 0.662361337890625 0.033100609375 0.660701783203125 0.0701111796875 0.73559732421875 0.0948886796875 0.73918968359375
1 0.1206002421875 0.7372468515625 0.090046890625 0.663845412109375 0.061217271484375 0.661072802734375 0.09487062890625 0.737971341796875 0.1206002421875 0.7372468515625
1 0.15154165625 0.745396720703125 0.12158394140625 0.66647763671875 0.089067705078125 0.6663347421875 0.120974771484375 0.7396659921875 0.15154165625 0.745396720703125
1 0.184825 0.751596232421875 0.154849234375 0.671458806640625 0.12267142578125 0.671298365234375 0.1542942109375 0.748302193359375 0.184825 0.751596232421875
1 0.2011508046875 0.75623646875 0.16970400390625 0.66825 0.154181400390625 0.672103072265625 0.186535193359375 0.7527268359375 0.2011508046875 0.75623646875
1 0.0360246328125 0.538012576171875 0.007628201171875 0.473034251953125 0.00798306640625 0.5388569453125 0.0360246328125 0.538012576171875
1 0.06785498828125 0.53758139453125 0.0257363984375 0.43795548046875 0.007253673828125 0.47061511328125 0.0353297265625 0.536829330078125 0.06785498828125 0.53758139453125
1 0.101350412109375 0.535234953125 0.0605945625 0.43614801953125 0.02576347265625 0.43978299609375 0.067178130859375 0.537616490234375 0.101350412109375 0.535234953125
1 0.138266224609375 0.53514971875 0.098818966796875 0.432946736328125 0.062670259765625 0.43908858984375 0.102027271484375 0.535199857421875 0.138266224609375 0.53514971875
1 0.1758949921875 0.537466076171875 0.137426921875 0.432773759765625 0.0998252265625 0.43228491796875 0.13757131640625 0.533966474609375 0.1758949921875 0.537466076171875
1 0.217183302734375 0.535325201171875 0.178715232421875 0.430632884765625 0.13883478515625 0.43635859765625 0.17690125390625 0.5368042578125 0.217183302734375 0.535325201171875
1 0.259193595703125 0.53619508984375 0.22501680078125 0.4239645859375 0.180068947265625 0.43056269140625 0.215518232421875 0.53724045703125 0.259193595703125 0.53619508984375
1 0.304552076171875 0.53445280859375 0.271052140625 0.42218720703125 0.225756833984375 0.428193689453125 0.259513974609375 0.5349591953125 0.304552076171875 0.53445280859375
1 0.3343428359375 0.533517740234375 0.3089651875 0.420830984375 0.272103525390625 0.424571248046875 0.304570125 0.53567115234375 0.3343428359375 0.533517740234375
1 0.448113484375 0.530561205078125 0.4282549921875 0.4160434296875 0.374758044921875 0.4193809921875 0.404011775390625 0.53397525390625 0.448113484375 0.530561205078125
1 0.415893498046875 0.786436318359375 0.39224269921875 0.6907155078125 0.34686437109375 0.692504810546875 0.37295158984375 0.78359012109375 0.415893498046875 0.786436318359375
1 0.450758501953125 0.79364684375 0.432368537109375 0.69370772265625 0.392309451171875 0.69522121484375 0.4177875625 0.78746540234375 0.450758501953125 0.79364684375
1 0.57653452734375 0.532920677734375 0.556279697265625 0.412786990234375 0.493041240234375 0.413811435546875 0.5148855859375 0.535553642578125 0.57653452734375 0.532920677734375
1 0.64358614453125 0.53564403515625 0.6277661015625 0.397807361328125 0.55727679296875 0.4166808125 0.575933765625 0.534642767578125 0.64358614453125 0.53564403515625
1 0.71435080078125 0.5353566328125 0.704705248046875 0.39156333984375 0.6277827890625 0.3989337890625 0.64327324609375 0.535660259765625 0.71435080078125 0.5353566328125
1 0.73325808984375 0.83930886328125 0.72439269140625 0.727039306640625 0.66081630859375 0.7263903359375 0.67171344921875 0.827845263671875 0.73325808984375 0.83930886328125
1 0.871053505859375 0.861473517578125 0.868946671875 0.740398822265625 0.7953826328125 0.741958671875 0.800764453125 0.851590626953125 0.871053505859375 0.861473517578125
1 0.941580361328125 0.866271265625 0.94459668359375 0.752821970703125 0.86929294140625 0.742635453125 0.871282962890625 0.85582516015625 0.941580361328125 0.866271265625
0 0.0927741328125 0.127559333984375 0.055338548828125 0.05482657421875 0.017337828125 0.1012656875 0.04975550390625 0.149926703125 0.0927741328125 0.127559333984375
0 0.134643859375 0.12203218359375 0.0952147734375 0.0091292421875 0.058220119140625 0.060550384765625 0.0961090546875 0.132420607421875 0.134643859375 0.12203218359375