0 0.2607421875 0.8955873842592592 0.0830078125 0.20882523148148158
0 0.369140625 0.901609519675926 0.080078125 0.1967809606481481
0 0.4775390625 0.9176396122685185 0.078125 0.16472077546296293
0 0 0.3488585859375 0.063576376953125 0.361075599609375 0.100119736328125 0.117027822265625 0.020507416015625 0.108215845703125 0 0.285429751953125 0 0.3488585859375
0 0.357421875 0.26436631944444444 0.0634765625 0.2153139467592593
0 0.4345703125 0.23661747685185186 0.06640625 0.2387731481481481
0 0.5107421875 0.254759837962963 0.0673828125 0.2368272569444444
0 0.58984375 0.24265046296296297 0.0673828125 0.23389756944444445
0 0.66796875 0.23639322916666666 0.078125 0.23788339120370372
0 0.744140625 0.23793402777777778 0.07421875 0.2359013310185185
0 0.9529839609375 1 0.918429998046875 0.817282724609375 0.84077535546875 0.822580544921875 0.86315587109375 1 0.9529839609375 1
0 1 0.849601365234375 0.992169279296875 0.807257470703125 0.923650478515625 0.84551198828125 0.9523556484375 1 1 1 1 0.849601365234375
0 0.894937837890625 0.215709400390625 0.819240875 0.04717973046875 0.766383513671875 0.105518595703125 0.81206271484375 0.20922246875 0.8335971953125 0.199985119140625 0.868835435546875 0.25427811328125 0.894937837890625 0.215709400390625
0 0.983686 0.3702404453125 0.907336478515625 0.20522976953125 0.866225197265625 0.257782599609375 0.945837517578125 0.4369127421875 0.983686 0.3702404453125
0 0.925608158203125 0.422667599609375 0.8335971953125 0.190588255859375 0.78139239453125 0.2559796015625 0.857089357421875 0.4609221171875 0.925608158203125 0.422667599609375
1 0.861947107421875 1 0.835554876953125 0.821367267578125 0.73832343359375 0.81359938671875 0.7543932734375 1 0.861947107421875 1
1 0.753289884765625 1 0.736365751953125 0.811235669921875 0.63521894921875 0.810486435546875 0.64158487109375 1 0.753289884765625 1
1 0.641690140625 1 0.6365240703125 0.8104961015625 0.53276702734375 0.80620370703125 0.531461908203125 0.9976551484375 0.59103628515625 1 0.641690140625 1
1 0.1973511796875 0.998704078125 0.22084333984375 0.79214708203125 0.117086296875 0.789029294921875 0.08315317578125 0.997858166015625 0.1973511796875 0.998704078125
1 0.310896623046875 0.36055838671875 0.31937990234375 0.217319046875 0.244988060546875 0.213244171875 0.232589419921875 0.35527990234375 0.310896623046875 0.36055838671875
1 0.23324198046875 0.35645934375 0.246945740234375 0.2097348515625 0.1725538984375 0.216231447265625 0.155587337890625 0.352360298828125 0.23324198046875 0.35645934375
1 0.153629658203125 0.349996583984375 0.17059621875 0.213867728515625 0.100119736328125 0.215694896484375 0.075322455078125 0.355289568359375 0.153629658203125 0.349996583984375