0 0.4628472222222222 0.17071759259259262 0.09728732638888893 0.27846498842592593
0 0.3504918981481482 0.17390046296296297 0.10455005787037042 0.32454427083333337
0 0.24773582175925926 0.1923828125 0.10052083333333334 0.28443287037037035
0 0.3697410300925926 0.8659215856481481 0.07625144675925921 0.22992621527777768
0 0.44554398148148144 0.8748553240740741 0.08268229166666674 0.22236689814814814
0 0.5280960648148147 0.8629918981481481 0.08261718749999991 0.23990885416666674
0 0.6087818287037037 0.8717447916666667 0.07852285879629628 0.21733940972222232
0 0.6880859374999999 0.8727213541666667 0.08593026620370381 0.20981626157407396
0 0.7615813078703704 0.8748914930555556 0.08835358796296289 0.2001591435185186
0 0.89740621875 0.317889990234375 0.917112080078125 0.003431162109375 0.82718971875 0.00546521875 0.81447100390625 0.315776064453125 0.89740621875 0.317889990234375
0 0.950954091796875 0 0.9142367109375 0.00353765625 0.89780876953125 0.325653484375 0.9909898828125 0.31701673046875 1 0.04537421484375 1 0 0.950954091796875 0
0 0.891450791015625 0.9689037421875 0.910715958984375 0.90826044921875 0.875798373046875 0.864606365234375 0.802623109375 0.97219365625 0.891450791015625 0.9689037421875
0 1 0.741278548828125 0.938706263671875 0.682487138671875 0.876914578125 0.873784990234375 0.917984064453125 0.9126012421875 1 0.741341916015625 1 0.741278548828125
0 0.8536361875 0.931119435546875 0.927058548828125 0.704815951171875 0.864065451171875 0.650676748046875 0.788649259765625 0.863224130859375 0.8536361875 0.931119435546875
0 0.102022533203125 0.998141826171875 0.06401973046875 0.767678802734375 0.03991939453125 0.769874052734375 0.052183580078125 0.999987712890625 0.102022533203125 0.998141826171875
1 0.815244431640625 0.32170712109375 0.826965013671875 0.10112628125 0.72778790625 0.086562501953125 0.719832935546875 0.323938236328125 0.815244431640625 0.32170712109375
1 0.72055523828125 0.323911484375 0.7278553203125 0.0878626484375 0.6175932578125 0.082827923828125 0.61936530859375 0.326356615234375 0.72055523828125 0.323911484375
1 0.61929789453125 0.325056470703125 0.618970451171875 0.0814742734375 0.5114627734375 0.073732248046875 0.520997181640625 0.327394591796875 0.61929789453125 0.325056470703125
1 0.328074443359375 0.91444008203125 0.318682326171875 0.76319904296875 0.238285533203125 0.767106697265625 0.2532537890625 0.916281224609375 0.328074443359375 0.91444008203125
1 0.250627296875 0.915448509765625 0.235851556640625 0.76998682421875 0.154471548828125 0.7748608828125 0.175435359375 0.9200933828125 0.250627296875 0.915448509765625
1 0.173468927734375 0.92202619921875 0.154004005859375 0.7758081953125 0.075944927734375 0.774979298828125 0.098359498046875 0.918298078125 0.173468927734375 0.92202619921875
1 0.21329505078125 0.33393396875 0.178319259765625 0.072050572265625 0.06425642578125 0.073065625 0.110780080078125 0.339870484375 0.21329505078125 0.33393396875