1 0.90355048828125 0.687730271484375 0.87993091015625 0.78750418359375 0.920949275390625 0.790348181640625 0.950440517578125 0.706355185546875 0.90355048828125 0.687730271484375
1 0.934038865234375 0.3637245546875 0.902967291015625 0.514678421875 0.959732041015625 0.49948643359375 0.97337969921875 0.362267486328125 0.934038865234375 0.3637245546875
1 0.775991798828125 0.371032544921875 0.747803826171875 0.50297243359375 0.818273763671875 0.500362435546875 0.856473330078125 0.3636885546875 0.775991798828125 0.371032544921875
1 0.702962265625 0.363556552734375 0.67389948828125 0.508618427734375 0.747706626953125 0.5044304296875 0.777611798828125 0.370972544921875 0.702962265625 0.363556552734375
1 0.62620673046875 0.3634905546875 0.602716751953125 0.50980042578125 0.6742882890625 0.50278643359375 0.69962506640625 0.36513455078125 0.62620673046875 0.3634905546875
1 0.58217516796875 0.69672426171875 0.565262384765625 0.804976169921875 0.628928330078125 0.79534617578125 0.646780712890625 0.69724026171875 0.58217516796875 0.69672426171875
1 0.458342478515625 0.699856259765625 0.449238083984375 0.8121821640625 0.505808435546875 0.799906171875 0.51747242578125 0.69766626171875 0.458342478515625 0.699856259765625
1 0.39373693359375 0.69934026171875 0.387678138671875 0.814462162109375 0.44700248828125 0.809356166015625 0.456722478515625 0.699916259765625 0.39373693359375 0.69934026171875
0 0 0.4828266640625 0.02091045703125 0.5226224140625 0.06280362109375 0.47598445703125 0 0.31013665625 0 0.4828266640625
0 0.006071271484375 0.32101058984375 0.08969559765625 0.53316440625 0.156569138671875 0.475420455078125 0.084155203125 0.289030619140625 0.0812068046875 0.28477662109375 0.05149603125 0.269878634765625 0.006071271484375 0.32101058984375
0 0.033578845703125 0.526516412109375 0.10589558203125 0.67800428125 0.160521935546875 0.622168328125 0.116490373046875 0.51908241796875 0.092838392578125 0.534502404296875 0.0648448203125 0.481726451171875 0.033578845703125 0.526516412109375
0 0.18821614583333335 0.4937427662037037 0.09453124999999996 0.234375
0 0.259375 0.4930555555555556 0.0869140625 0.22240306712962954
0 0.34055989583333335 0.4881004050925926 0.07968750000000002 0.2309027777777778
0 0.41770833333333335 0.4706307870370371 0.07851562500000009 0.22793692129629628
0 0.2822265625 0.7786096643518519 0.0697916666666667 0.15552662037037024
0 0.3651041666666667 0.7774884259259259 0.06184895833333326 0.18250868055555558
0 0.49459635416666664 0.4862919560185185 0.07317708333333328 0.22092013888888884
0 0.569140625 0.46404803240740744 0.07428385416666661 0.20829716435185186
0 0.5449869791666666 0.7679036458333333 0.07141927083333321 0.17994068287037024
0 0.652288708984375 0.675220283203125 0.624910732421875 0.84349013671875 0.67435308984375 0.85329412890625 0.708891458984375 0.67457828125 0.652288708984375 0.675220283203125
0 0.71478825390625 0.683086275390625 0.685239478515625 0.835438142578125 0.735686236328125 0.842296138671875 0.767859408203125 0.68693826953125 0.71478825390625 0.683086275390625
0 0.784512994140625 0.6674142890625 0.74446662890625 0.83179014453125 0.80158777734375 0.835492142578125 0.84824373828125 0.68105227734375 0.784512994140625 0.6674142890625
0 0.85316853515625 0.6677802890625 0.80654497265625 0.83385414453125 0.858060927734375 0.86103412109375 0.91080808203125 0.67582628125 0.85316853515625 0.6677802890625
0 0.865869322265625 0.35606855859375 0.80913697265625 0.60105434765625 0.87860251171875 0.60139034765625 0.93980605859375 0.3620565546875 0.865869322265625 0.35606855859375