0 0.43103298611111107 0.18501880787037037 0.09801070601851847 0.2903356481481481
0 0.3256221064814815 0.18951099537037036 0.11153067129629624 0.337767650462963
0 0.21652922453703705 0.2068504050925926 0.10875289351851847 0.2908926504629629
0 0.2624782986111111 0.877199074074074 0.08189380787037037 0.21550925925925934
0 0.3402560763888889 0.8790075231481482 0.07832754629629624 0.2046151620370371
0 0.42269241898148147 0.867918113425926 0.0810908564814814 0.21838831018518512
0 0.4980541087962963 0.8776403356481481 0.08435329861111107 0.19129774305555558
0 0.5810619212962963 0.8733362268518519 0.08923611111111107 0.19155092592592604
0 0.6552806712962963 0.8694878472222223 0.08532986111111107 0.19134837962962958
0 0.776939294921875 0.956641556640625 0.79989666015625 0.912105681640625 0.771715765625 0.879703244140625 0.7006999140625 0.960594708984375 0.776939294921875 0.956641556640625
0 0.740887880859375 0.930065408203125 0.842922845703125 0.706692685546875 0.781226818359375 0.65570987109375 0.68110412890625 0.872210703125 0.740887880859375 0.930065408203125
0 0.80973984375 0.923786212890625 0.9009251640625 0.75651248046875 0.855231859375 0.6640634921875 0.770558337890625 0.886535990234375 0.80973984375 0.923786212890625
0 0.848177873046875 0.321031369140625 0.89990446875 0.029435517578125 0.80139162109375 0.034543591796875 0.76630928515625 0.317360962890625 0.848177873046875 0.321031369140625
0 0.930781630859375 0.324663654296875 0.99137928515625 0.0194154140625 0.898277291015625 0.032158373046875 0.8532456484375 0.3220878359375 0.930781630859375 0.324663654296875
1 0.769700873046875 0.33433523046875 0.804508744140625 0.10562096484375 0.704074650390625 0.093678529296875 0.671580115234375 0.33282676953125 0.769700873046875 0.33433523046875
1 0.6708449453125 0.332864890625 0.70562341015625 0.092278982421875 0.59802385546875 0.0899427734375 0.572410515625 0.336649658203125 0.6708449453125 0.332864890625
1 0.5746944453125 0.3352119921875 0.601042955078125 0.088466986328125 0.49425698828125 0.0847693515625 0.472584162109375 0.339187357421875 0.5746944453125 0.3352119921875
1 0.16495189453125 0.347495064453125 0.16399382421875 0.08838444140625 0.046122943359375 0.09066630859375 0.066242380859375 0.3615498984375 0.16495189453125 0.347495064453125
1 0.218926248046875 0.944722712890625 0.224854888671875 0.78483383203125 0.142479970703125 0.7865518203125 0.141047609375 0.942377603515625 0.218926248046875 0.944722712890625
1 0.1414555 0.947463060546875 0.143751072265625 0.789039216796875 0.05815097265625 0.7973076953125 0.06515151171875 0.942483 0.1414555 0.947463060546875
1 0 0.944033466796875 0.06151844140625 0.94394803515625 0.056803986328125 0.79610088671875 0 0.7955783828125 0 0.944033466796875