0 0.6259765625 0.4921875 0.0625 0.21875
0 0.55078125 0.4755859375 0.0712890625 0.2578125
0 0.4755859375 0.4892578125 0.0703125 0.228515625
0 0.3974609375 0.47265625 0.06640625 0.2421875
0 0.3193359375 0.474609375 0.076171875 0.2275390625
0 0.24609375 0.4736328125 0.0771484375 0.22265625
0 0.3564453125 0.1923828125 0.0673828125 0.158203125
0 0.44140625 0.1826171875 0.05859375 0.1796875
0 0.6220703125 0.1884765625 0.05859375 0.1845703125
0 0.783798810546875 0.271377849609375 0.762001392578125 0.0931839609375 0.704783169921875 0.091549154296875 0.72567236328125 0.2795518828125 0.783798810546875 0.271377849609375
0 0.842833482421875 0.256664591796875 0.82830187109375 0.10626241015625 0.7729001015625 0.1177060546875 0.788339939453125 0.2664734296875 0.842833482421875 0.256664591796875
0 0.920032669921875 0.271377849609375 0.893694123046875 0.10626241015625 0.830118322265625 0.102992796875 0.8564568671875 0.273012654296875 0.920032669921875 0.271377849609375
0 0.99087427734375 0.26810823828125 0.9518205703125 0.081740314453125 0.8909694453125 0.098088380859375 0.9336560546875 0.286091107421875 0.99087427734375 0.26810823828125
0 0.993598955078125 0.57545182421875 0.952728794921875 0.33840491015625 0.87825428515625 0.359657390625 0.915491541015625 0.586895470703125 0.993598955078125 0.57545182421875
0 0.180736919921875 0.282821494140625 0.09082257421875 0.436493287109375 0.127151603515625 0.493711509765625 0.154398375 0.449571740234375 0.1798286953125 0.447936931640625 0.2325057890625 0.344944134765625 0.180736919921875 0.282821494140625
0 0.118069345703125 0.701331912109375 0.2143412734375 0.498615927734375 0.1553066015625 0.42668444921875 0.0599428984375 0.653922529296875 0.118069345703125 0.701331912109375
0 0.0417783828125 0.693157880859375 0.12533515234375 0.498615927734375 0.087189669921875 0.44139770703125 0 0.60651314453125 0.0417783828125 0.693157880859375
1 0.527335208984375 0.25694995703125 0.526495501953125 0.158704384765625 0.466036689453125 0.15114703515625 0.46183816015625 0.261484369140625 0.527335208984375 0.25694995703125
1 0.58947343359375 0.25694995703125 0.58527490625 0.154169974609375 0.526495501953125 0.1571929140625 0.525655796875 0.261484369140625 0.58947343359375 0.25694995703125
1 0.71962782421875 0.253927017578125 0.7078719453125 0.1571929140625 0.647413130859375 0.152658505859375 0.6558101875 0.25694995703125 0.71962782421875 0.253927017578125
1 0.75237634765625 0.5864504921875 0.73474252734375 0.444372279296875 0.662527833984375 0.438326400390625 0.672604302734375 0.592496375 0.75237634765625 0.5864504921875
1 0.830468982421875 0.58191608203125 0.810316044921875 0.444372279296875 0.733902822265625 0.442860810546875 0.7532160546875 0.589473435546875 0.830468982421875 0.58191608203125
1 0.910241029296875 0.58040461328125 0.8833704453125 0.442860810546875 0.81199545703125 0.439837869140625 0.83214839453125 0.5864504921875 0.910241029296875 0.58040461328125