2 0.6066261574074074 0.4223813657407407 0.08872251157407396 0.07583188657407414
2 0.4430338541666667 0.43629195601851856 0.09447337962962965 0.09930555555555554
2 0.43037471064814814 0.5692346643518518 0.05844907407407407 0.0492476851851853
2 0.9771954571759259 0.4361762152777778 0.04560908564814814 0.0805266203703704
2 0.6906467013888888 0.4227358217592593 0.09686053240740744 0.08467881944444444
2 0.8253038194444444 0.41880787037037037 0.1104239004629628 0.08185040509259256
2 0.5217737268518519 0.42594039351851853 0.0839482060185186 0.07872540509259252
2 0.29463252314814814 0.4383680555555556 0.10044126157407407 0.10227864583333335
2 0.4760923032407407 0.5640118634259259 0.05447048611111116 0.04726562500000009
2 0.1001880787037037 0.4368778935185185 0.08065682870370369 0.06893807870370372
2 0.5726996527777777 0.5613425925925926 0.05649594907407396 0.04923321759259247
2 0.15968605324074076 0.4344835069444445 0.08611834490740744 0.08459924768518512
2 0.21940104166666666 0.4379484953703704 0.08402054398148145 0.08067853009259252
2 0.8861400462962963 0.426171875 0.0918330439814814 0.08073640046296293
2 0.6740813078703703 0.5557074652777778 0.06159577546296302 0.05512876157407409
2 0.04213686342592593 0.45196035879629626 0.05277054398148148 0.08044704861111107
2 0.9172092013888888 0.5529296875 0.0985966435185186 0.05247395833333335
2 0.6242766203703705 0.5560763888888889 0.05425347222222232 0.04140625000000009
2 0.12442129629629631 0.5636863425925926 0.061017071759259245 0.03950376157407387
2 0.7941984953703705 0.5548177083333333 0.06705729166666652 0.044429976851851904
2 0.9427806712962963 0.4257523148148148 0.0776186342592593 0.06598668981481481
2 0.9941948784722222 0.5425130208333333 0.01161024305555558 0.039293981481481444
3 0.28902633101851855 0.5507450810185185 0.0458984375 0.026699942129629672
3 0.24504484953703703 0.5500940393518519 0.04586226851851849 0.025723379629629672
2 0.3286675347222222 0.5660807291666667 0.04853877314814814 0.045269097222222054
3 0.37514467592592593 0.5549913194444445 0.04474103009259256 0.02180989583333348
3 0.7553891782407407 0.4036964699074074 0.06716579861111116 0.047359664351851904
3 0.20601851851851852 0.5513599537037037 0.037868923611111105 0.020782696759259256
3 0.7421513310185185 0.547388599537037 0.03993055555555558 0.02372685185185186
2 0.08528645833333334 0.5620225694444445 0.05425347222222221 0.04140625000000009
2 0.0423900462962963 0.24780092592592592 0.06781684027777778 0.06493778935185185
3 0.15523726851851852 0.5517361111111112 0.036928530092592615 0.021752025462963065
3 0.8640769675925926 0.542578125 0.03378182870370372 0.015870949074074048
3 0.369140625 0.41925636574074077 0.07132523148148151 0.0805844907407407
3 0.06105324074074074 0.4352141203703704 0.04466869212962962 0.07257667824074077
3 0.8252314814814815 0.5487268518518519 0.03067129629629628 0.03732638888888884
3 0.9714988425925926 0.5417824074074074 0.03848379629629628 0.037384259259259256
3 0.7022931134259259 0.5525679976851852 0.04069010416666674 0.04423466435185186
3 0.5227141203703703 0.5568287037037036 0.04560908564814814 0.04524739583333348