2 0.14134114583333335 0.5538773148148148 0.10026765046296293 0.09476996527777781
2 0.8727502893518518 0.5154152199074075 0.08933015046296289 0.06776620370370368
2 0.35523003472222225 0.5382740162037037 0.08464265046296293 0.09384403935185182
2 0.5865596064814815 0.5401837384259259 0.0864945023148147 0.08028790509259265
2 0.6598017939814815 0.5358434606481481 0.09144241898148131 0.08936631944444451
2 0.8512369791666667 0.38881655092592593 0.07358940972222205 0.05121527777777779
2 0.45185908564814814 0.4076027199074074 0.05797887731481488 0.052242476851851904
2 0.40112847222222225 0.4037760416666667 0.05797887731481488 0.052242476851851904
2 0.6529947916666667 0.40056423611111114 0.06482204861111107 0.053624131944444375
2 0.4986834490740741 0.5434389467592593 0.08655237268518523 0.08810040509259265
2 0.5485387731481481 0.40187355324074076 0.05993200231481488 0.052358217592592626
2 0.5016565393518518 0.4056278935185185 0.055034722222222276 0.050115740740740766
2 0.7301938657407407 0.5209346064814815 0.10813078703703694 0.1020688657407407
2 0.7809244791666667 0.3929832175925926 0.07063802083333348 0.04811197916666665
2 0.9137152777777777 0.3880425347222222 0.06280381944444446 0.044719328703703654
2 0.35129484953703705 0.4106336805555556 0.05794994212962967 0.048336226851851904
2 0.12177372685185185 0.4281394675925926 0.08430989583333334 0.048922164351851816
2 0.20279947916666669 0.42724247685185185 0.06476417824074077 0.045811631944444486
2 0.9693287037037037 0.3915798611111111 0.054955150462963065 0.039373553240740655
2 0.07104311342592592 0.5560908564814815 0.08355034722222221 0.0781611689814814
3 0.5953559027777777 0.40690827546296293 0.04232494212962967 0.04741030092592591
3 0.7281467013888889 0.4019675925925926 0.0551070601851853 0.059881365740740655
2 0.969480613425926 0.5028501157407408 0.04542100694444429 0.07004484953703694
2 0.9254991319444446 0.5103370949074074 0.0707320601851853 0.06080729166666665
2 0.03985821759259259 0.5491536458333334 0.07083333333333333 0.07447916666666665
2 0.27515190972222225 0.543019386574074 0.08182870370370376 0.10929542824074057
2 0.07488425925925926 0.43287037037037035 0.06573350694444444 0.04489293981481479
3 0.42249710648148153 0.5499059606481482 0.08657407407407414 0.09103009259259265
3 0.20868055555555554 0.5557436342592592 0.08458478009259263 0.08603153935185182
3 0.8102141203703703 0.5240017361111111 0.07280815972222232 0.07752459490740748
3 0.6841652199074074 0.40945457175925926 0.049139178240740655 0.04488570601851849
3 0.8140697337962963 0.398828125 0.03736255787037024 0.03637876157407405
3 0.8775462962962963 0.3950665509259259 0.04134114583333348 0.04637586805555549
3 0.9390480324074074 0.39435040509259256 0.031524884259259256 0.03896122685185177
3 0.2652705439814815 0.42744502314814814 0.03935185185185186 0.04137731481481488
3 0.16371527777777778 0.4324869791666667 0.045247395833333315 0.046607349537037046