2 0.408203125 0.5751953125 0.0859375 0.0751953125
2 0.8544921875 0.5625 0.0888671875 0.087890625
2 0.640625 0.560546875 0.09375 0.0966796875
2 0.544921875 0.4345703125 0.056640625 0.046875
2 0.1455078125 0.439453125 0.0673828125 0.044921875
2 0.595703125 0.4296875 0.056640625 0.044921875
2 0.125 0.568359375 0.091796875 0.0654296875
2 0.3359375 0.5751953125 0.087890625 0.0888671875
2 0.34375 0.439453125 0.064453125 0.0517578125
2 0.4951171875 0.435546875 0.052734375 0.0419921875
2 0.4951171875 0.5732421875 0.083984375 0.0810546875
2 0.818359375 0.4345703125 0.0654296875 0.044921875
2 0.7265625 0.560546875 0.09375 0.0986328125
2 0.083984375 0.4404296875 0.056640625 0.0390625
2 0.447265625 0.431640625 0.056640625 0.0390625
2 0.921875 0.5595703125 0.0810546875 0.0732421875
2 0.0283203125 0.560546875 0.0517578125 0.072265625
2 0.8623046875 0.4326171875 0.044921875 0.0439453125
2 0.048828125 0.744140625 0.0859375 0.080078125
3 0.2265625 0.583984375 0.064453125 0.041015625
3 0.169921875 0.587890625 0.060546875 0.0419921875
3 0.400390625 0.447265625 0.044921875 0.048828125
3 0.2685546875 0.447265625 0.046875 0.044921875
3 0.5751953125 0.5751953125 0.072265625 0.0888671875
3 0.2939453125 0.576171875 0.0625 0.072265625
3 0.310546875 0.447265625 0.037109375 0.037109375
3 0.2314453125 0.447265625 0.033203125 0.0390625
3 0.1953125 0.4423828125 0.0517578125 0.044921875
3 0.119140625 0.447265625 0.0439453125 0.037109375
3 0.0439453125 0.4501953125 0.044921875 0.046875
3 0.6376953125 0.443359375 0.056640625 0.0546875
3 0.728515625 0.4404296875 0.0439453125 0.041015625
3 0.779296875 0.439453125 0.0498046875 0.052734375
3 0.783203125 0.5732421875 0.068359375 0.068359375
2 0.9580078125 0.556640625 0.064453125 0.0751953125
2 0.927734375 0.435546875 0.044921875 0.0439453125
2 0.0732421875 0.5625 0.072265625 0.068359375
2 0.900390625 0.435546875 0.0390625 0.0517578125