2 0.4091796875 0.5751953125 0.0830078125 0.0751953125
2 0.4970703125 0.5703125 0.087890625 0.083984375
2 0.853515625 0.5625 0.0966796875 0.0859375
2 0.5908203125 0.4267578125 0.0517578125 0.046875
2 0.1845703125 0.5751953125 0.087890625 0.068359375
2 0.544921875 0.4326171875 0.052734375 0.0498046875
2 0.724609375 0.5576171875 0.0888671875 0.0986328125
2 0.099609375 0.4404296875 0.095703125 0.052734375
2 0.6923828125 0.4296875 0.0576171875 0.0546875
2 0.4482421875 0.4345703125 0.0498046875 0.044921875
2 0.328125 0.5732421875 0.09375 0.0908203125
2 0.2626953125 0.5703125 0.095703125 0.095703125
2 0.5751953125 0.560546875 0.0888671875 0.1015625
2 0.9169921875 0.5625 0.0751953125 0.0654296875
2 0.224609375 0.439453125 0.0703125 0.046875
2 0.8955078125 0.4375 0.060546875 0.041015625
2 0.966796875 0.5517578125 0.0625 0.0810546875
2 0.3486328125 0.4375 0.0576171875 0.0546875
2 0.744140625 0.4296875 0.0673828125 0.0498046875
2 0.0302734375 0.5576171875 0.060546875 0.078125
2 0.0751953125 0.5673828125 0.0732421875 0.0595703125
2 0.3984375 0.439453125 0.0498046875 0.0390625
2 0.126953125 0.568359375 0.0732421875 0.0703125
3 0.638671875 0.4423828125 0.0439453125 0.021484375
2 0.015625 0.4482421875 0.03125 0.0361328125
2 0.9296875 0.4375 0.0498046875 0.0419921875
2 0.0546875 0.560546875 0.0830078125 0.072265625
3 0.7890625 0.5732421875 0.0595703125 0.078125
3 0.650390625 0.5751953125 0.072265625 0.078125
3 0.8125 0.4423828125 0.037109375 0.037109375
3 0.8564453125 0.4404296875 0.0390625 0.044921875
3 0.498046875 0.4404296875 0.0361328125 0.0439453125
3 0.314453125 0.4375 0.044921875 0.0498046875
3 0.2734375 0.443359375 0.0439453125 0.0439453125
3 0.193359375 0.443359375 0.0341796875 0.0517578125
3 0.1591796875 0.443359375 0.041015625 0.041015625
3 0.056640625 0.447265625 0.025390625 0.041015625
3 0.0361328125 0.4482421875 0.03125 0.0341796875