2 0.2848017939814815 0.5923249421296296 0.08649450231481481 0.08028790509259265
2 0.4078414351851852 0.6005931712962963 0.08942418981481481 0.08046151620370368
2 0.07198350694444444 0.5699435763888889 0.07267071759259258 0.05896990740740726
2 0.6394603587962963 0.590870949074074 0.08383246527777777 0.1162471064814814
2 0.49090711805555554 0.5976996527777778 0.07673611111111112 0.08068576388888893
2 0.7204644097222221 0.6025101273148148 0.07296006944444455 0.09803240740740726
2 0.30344328703703705 0.4498119212962963 0.06091579861111107 0.05339265046296293
2 0.39519675925925923 0.46111111111111114 0.053045428240740655 0.045117187500000044
2 0.5417390046296295 0.46197916666666666 0.05305989583333348 0.047070312500000044
2 0.5906032986111112 0.4599898726851852 0.06284722222222205 0.050578703703703765
2 0.8474320023148149 0.6080801504629629 0.08661024305555554 0.09591290509259265
2 0.1970630787037037 0.5666087962962962 0.08370225694444444 0.0986689814814814
2 0.12370515046296296 0.5778935185185186 0.0688078703703704 0.06459780092592604
2 0.21553096064814814 0.44753327546296295 0.054991319444444464 0.044256365740740766
2 0.49095775462962965 0.4589699074074074 0.059917534722222276 0.050405092592592515
3 0.5767722800925925 0.6125578703703703 0.05997540509259247 0.058217592592592515
2 0.022453703703703705 0.5620515046296296 0.04490740740740741 0.06527777777777777
2 0.44701244212962965 0.45636574074074077 0.047222222222222276 0.04965277777777777
2 0.34832175925925923 0.45833333333333337 0.05504918981481488 0.052068865740740655
2 0.12371238425925926 0.44502314814814814 0.06771556712962962 0.048914930555555625
2 0.9274956597222221 0.6147786458333333 0.06792534722222232 0.07723524305555562
2 0.051403356481481484 0.44660011574074077 0.06475694444444445 0.044835069444444375
2 0.7683015046296295 0.47540509259259256 0.06575520833333348 0.04782262731481479
2 0.17939091435185184 0.4463686342592592 0.05794994212962967 0.048336226851851904
2 0.7877821180555555 0.6152922453703704 0.061219618055555536 0.09440827546296315
2 0.25457175925925923 0.4527777777777777 0.057964409722222276 0.050289351851851904
2 0.9803385416666666 0.6032552083333333 0.03179253472222232 0.075094039351852
2 0.6891637731481481 0.4756004050925926 0.054998553240740655 0.045232928240740655
2 0.6374059606481481 0.472533275462963 0.060894097222222276 0.05046296296296293
2 0.15302372685185184 0.44480613425925924 0.06872106481481483 0.05287905092592593
3 0.3551287615740741 0.5945384837962964 0.05327690972222221 0.07636718749999982
2 0.814185474537037 0.48007812499999997 0.04431423611111107 0.05240885416666663
2 0.8532769097222221 0.4784866898148148 0.04528356481481488 0.05149016203703716
2 0.889380787037037 0.48453414351851853 0.04236111111111107 0.05229311342592591
2 0.9284143518518518 0.4907552083333333 0.052105034722222276 0.04994212962962963