2 0.3964409722222222 0.5429325810185186 0.08962673611111116 0.08463541666666652
2 0.5627604166666667 0.5169632523148149 0.09401041666666665 0.1064091435185186
2 0.24507378472222222 0.5541449652777778 0.09854600694444443 0.09114583333333326
2 0.7121527777777779 0.5068721064814814 0.10180121527777786 0.10601128472222232
2 0.4814236111111111 0.5356626157407407 0.08470052083333335 0.08232060185185186
2 0.3153862847222222 0.5489366319444444 0.09073350694444438 0.09056712962962976
2 0.8439019097222222 0.5010127314814815 0.1064453125 0.09563078703703698
2 0.5813368055555556 0.38299334490740744 0.05279947916666661 0.05070891203703698
2 0.17178819444444443 0.5615234375 0.0903645833333333 0.07396556712962954
2 0.6340060763888888 0.3820167824074074 0.06163194444444464 0.05331307870370372
2 0.02255859375 0.5545428240740741 0.0451171875 0.08036747685185186
2 0.5353081597222222 0.3922526041666667 0.05577256944444442 0.05287905092592593
2 0.9564236111111111 0.4829282407407407 0.05935329861111116 0.08239293981481488
2 0.2119140625 0.4230324074074074 0.076171875 0.04951533564814814
2 0.11432291666666666 0.5589554398148148 0.08461371527777778 0.07841435185185186
2 0.8906684027777778 0.37080439814814814 0.0732421875 0.0492983217592593
2 0.7327039930555556 0.37178096064814814 0.07148437500000004 0.05794270833333337
2 0.060677083333333326 0.5600043402777777 0.07456597222222222 0.06499565972222232
3 0.6305772569444444 0.5363136574074074 0.0693359375 0.04900896990740744
2 0.1025390625 0.4311342592592593 0.07725694444444442 0.05447048611111116
2 0.38871527777777776 0.40798611111111116 0.05062934027777777 0.04079861111111116
2 0.3369140625 0.41377314814814814 0.050802951388888906 0.04861111111111116
2 0.43765190972222223 0.39948640046296297 0.055685763888888906 0.04897280092592593
2 0.033349609375 0.44513165509259256 0.06669921875 0.04900896990740744
2 0.685720486111111 0.38013599537037035 0.05084635416666661 0.05056423611111116
2 0.01477322048611111 0.4477719907407407 0.02954644097222222 0.0448857060185186
3 0.77421875 0.5217737268518519 0.05855034722222241 0.04626012731481488
2 0.8996744791666667 0.49200665509259256 0.0893880208333333 0.07389322916666674
2 0.005929904513888889 0.6884403935185185 0.011859809027777777 0.03125
3 0.4873046875 0.40263310185185186 0.047873263888888795 0.04839409722222221
3 0.3055338541666667 0.42194733796296297 0.04292534722222219 0.04510271990740744
3 0.26553819444444443 0.4229600694444444 0.04303385416666672 0.04998553240740744
3 0.18259548611111112 0.4261791087962963 0.03515625 0.04647714120370372
3 0.14932725694444443 0.43156828703703703 0.04585503472222219 0.04531973379629628
3 0.8026692708333334 0.38219762731481477 0.03500434027777777 0.03964120370370372
3 0.84375 0.37622974537037035 0.04503038194444442 0.05208333333333326
2 0.9229383680555556 0.36646412037037035 0.05779079861111125 0.05595341435185186