2 0.4364221643518518 0.39630353009259256 0.08734809027777779 0.07939091435185186
2 0.2850549768518519 0.40751591435185186 0.09240451388888893 0.08268229166666674
2 0.6247902199074074 0.5294777199074074 0.05551215277777777 0.05078125
2 0.522533275462963 0.39286747685185186 0.08258101851851851 0.08098234953703698
2 0.6012369791666667 0.3968460648148148 0.08838975694444429 0.09696903935185186
2 0.3514612268518519 0.40259693287037035 0.08878761574074079 0.08727575231481488
2 0.2107204861111111 0.41106047453703703 0.08786168981481479 0.07165075231481477
2 0.6773509837962963 0.5226417824074074 0.059302662037036935 0.04911747685185186
2 0.5756727430555555 0.5282118055555556 0.051490162037036935 0.04853877314814814
2 0.8823712384259259 0.3740596064814815 0.09252025462962976 0.08463541666666674
2 0.2579427083333333 0.5458622685185185 0.0707899305555556 0.04607928240740744
2 0.7498480902777778 0.3887803819444444 0.08614728009259265 0.09194155092592593
2 0.48077256944444446 0.532298900462963 0.05211950231481488 0.04275173611111116
2 0.049652777777777775 0.4406467013888889 0.051041666666666666 0.07378472222222221
2 0.3818504050925926 0.5347222222222222 0.05258246527777777 0.05056423611111116
2 0.14850983796296297 0.42057291666666663 0.08016493055555557 0.07302517361111116
2 0.4297019675925926 0.531177662037037 0.05085358796296302 0.03779658564814836
2 0.7270399305555555 0.5169994212962963 0.05160590277777777 0.05049189814814814
2 0.98232421875 0.3735532407407407 0.035351562500000044 0.07743778935185186
2 0.7779369212962963 0.5151909722222222 0.07326388888888902 0.05501302083333326
2 0.09801793981481483 0.42921730324074076 0.07665653935185185 0.06304253472222221
2 0.13960503472222224 0.551685474537037 0.08061342592592591 0.0477792245370372
2 0.9381510416666666 0.37188946759259256 0.07711950231481479 0.07085503472222232
2 0.07468894675925924 0.5486472800925926 0.07297453703703705 0.05013020833333348
2 0.9241319444444445 0.4994574652777778 0.05200376157407405 0.04079861111111116
2 0.051135706018518516 0.5484302662037037 0.03661024305555556 0.04354745370370372
3 0.5332175925925926 0.523509837962963 0.045334201388888884 0.02669270833333348
2 0.9648799189814814 0.47063078703703703 0.0702401620370372 0.09819878472222221
3 0.34761284722222224 0.5362774884259259 0.036841724537037046 0.04745370370370372
3 0.3086082175925926 0.5401475694444444 0.043677662037037046 0.04796006944444442
3 0.22847222222222222 0.5451027199074074 0.041724537037037046 0.0478153935185186
3 0.19124710648148147 0.5458984375 0.04379340277777777 0.04991319444444442
3 0.6718315972222222 0.3798466435185185 0.06684027777777768 0.07787181712962954
3 0.8163628472222222 0.369140625 0.0615596064814814 0.08720341435185186
3 0.8486472800925926 0.5001446759259259 0.03942418981481488 0.04181134259259256
3 0.886964699074074 0.5012297453703703 0.04379340277777777 0.04991319444444442