2 0.591796875 0.5751953125 0.0830078125 0.0751953125
2 0.669921875 0.5732421875 0.095703125 0.0908203125
2 0.4267578125 0.5625 0.087890625 0.1015625
2 0.505859375 0.572265625 0.0859375 0.0810546875
2 0.744140625 0.5751953125 0.095703125 0.0888671875
2 0.8154296875 0.576171875 0.0859375 0.068359375
2 0.205078125 0.560546875 0.087890625 0.0859375
2 0.2783203125 0.560546875 0.091796875 0.0966796875
2 0.966796875 0.5595703125 0.0654296875 0.0810546875
2 0.455078125 0.4375 0.0498046875 0.0439453125
2 0.142578125 0.564453125 0.0830078125 0.087890625
2 0.0830078125 0.564453125 0.0732421875 0.0654296875
2 0.552734375 0.4375 0.0498046875 0.0439453125
2 0.7783203125 0.4423828125 0.0673828125 0.0546875
2 0.8984375 0.4423828125 0.091796875 0.0498046875
2 0.40625 0.431640625 0.052734375 0.046875
2 0.0263671875 0.5517578125 0.052734375 0.0732421875
2 0.6982421875 0.4375 0.0576171875 0.0546875
2 0.6513671875 0.4375 0.0576171875 0.052734375
2 0.8720703125 0.5703125 0.087890625 0.078125
2 0.603515625 0.439453125 0.044921875 0.0361328125
3 0.3623046875 0.583984375 0.0625 0.044921875
3 0.5048828125 0.4404296875 0.0439453125 0.037109375
2 0.302734375 0.4345703125 0.0576171875 0.048828125
2 0.984375 0.4501953125 0.029296875 0.041015625
3 0.1845703125 0.447265625 0.041015625 0.0185546875
2 0.25 0.4453125 0.052734375 0.03125
2 0.1064453125 0.4404296875 0.0595703125 0.0419921875
2 0.923828125 0.5673828125 0.072265625 0.0654296875
3 0.361328125 0.4375 0.041015625 0.037109375
3 0.216796875 0.447265625 0.0341796875 0.0185546875
2 0.0205078125 0.7578125 0.041015625 0.0498046875
3 0.84375 0.4453125 0.044921875 0.0419921875
3 0.1435546875 0.4404296875 0.0361328125 0.052734375
3 0.076171875 0.447265625 0.03125 0.0361328125
3 0.0419921875 0.568359375 0.0361328125 0.0595703125
3 0.732421875 0.4423828125 0.0341796875 0.041015625
3 0.8076171875 0.443359375 0.0283203125 0.0341796875
3 0.951171875 0.455078125 0.0390625 0.0439453125