2 0.4091796875 0.5732421875 0.0859375 0.0751953125
2 0.5732421875 0.560546875 0.0908203125 0.0986328125
2 0.5908203125 0.427734375 0.056640625 0.048828125
2 0.0302734375 0.556640625 0.060546875 0.080078125
2 0.3251953125 0.572265625 0.09375 0.083984375
2 0.1904296875 0.5751953125 0.107421875 0.0810546875
2 0.494140625 0.5703125 0.0810546875 0.078125
2 0.7216796875 0.5595703125 0.0966796875 0.1015625
2 0.544921875 0.4326171875 0.052734375 0.046875
2 0.916015625 0.5625 0.078125 0.068359375
2 0.4482421875 0.4345703125 0.0546875 0.048828125
2 0.8564453125 0.564453125 0.0830078125 0.083984375
2 0.796875 0.560546875 0.0810546875 0.080078125
2 0.1298828125 0.5673828125 0.0888671875 0.080078125
2 0.3466796875 0.439453125 0.0595703125 0.0546875
2 0.974609375 0.5478515625 0.0498046875 0.080078125
2 0.103515625 0.4404296875 0.0966796875 0.0517578125
2 0.396484375 0.439453125 0.052734375 0.041015625
2 0.896484375 0.435546875 0.0595703125 0.0390625
2 0.2265625 0.439453125 0.0654296875 0.0439453125
2 0.0732421875 0.5673828125 0.0751953125 0.0654296875
2 0.015625 0.4501953125 0.03125 0.0390625
3 0.7314453125 0.447265625 0.044921875 0.0263671875
3 0.775390625 0.4482421875 0.044921875 0.025390625
2 0.6923828125 0.431640625 0.046875 0.044921875
3 0.6455078125 0.4423828125 0.0439453125 0.021484375
3 0.259765625 0.5908203125 0.0654296875 0.046875
3 0.814453125 0.447265625 0.037109375 0.0205078125
3 0.2783203125 0.447265625 0.0390625 0.0234375
2 0.935546875 0.4375 0.052734375 0.041015625
2 0.966796875 0.751953125 0.0654296875 0.064453125
3 0.865234375 0.447265625 0.0361328125 0.021484375
3 0.15625 0.451171875 0.033203125 0.015625
3 0.646484375 0.578125 0.068359375 0.080078125
3 0.955078125 0.564453125 0.0419921875 0.072265625
3 0.1953125 0.4453125 0.029296875 0.037109375
3 0.048828125 0.451171875 0.037109375 0.037109375
3 0.318359375 0.4423828125 0.0390625 0.0439453125
3 0.498046875 0.439453125 0.0439453125 0.044921875