2 0.5888671875 0.5732421875 0.0830078125 0.0732421875
2 0.740234375 0.5732421875 0.087890625 0.076171875
2 0.4091796875 0.4267578125 0.052734375 0.046875
2 0.5029296875 0.5703125 0.078125 0.0751953125
2 0.4248046875 0.560546875 0.0830078125 0.0908203125
2 0.673828125 0.5732421875 0.083984375 0.0810546875
2 0.814453125 0.5751953125 0.083984375 0.0654296875
2 0.3564453125 0.4296875 0.056640625 0.044921875
2 0.4580078125 0.431640625 0.048828125 0.044921875
2 0.1435546875 0.5625 0.087890625 0.078125
2 0.775390625 0.4375 0.068359375 0.041015625
2 0.2763671875 0.5576171875 0.0810546875 0.0859375
2 0.552734375 0.4345703125 0.0498046875 0.0390625
2 0.9765625 0.5576171875 0.046875 0.0703125
2 0.6513671875 0.439453125 0.0498046875 0.046875
2 0.876953125 0.5703125 0.076171875 0.0673828125
2 0.603515625 0.439453125 0.048828125 0.0341796875
2 0.306640625 0.431640625 0.048828125 0.046875
2 0.03125 0.5546875 0.056640625 0.0732421875
2 0.255859375 0.4296875 0.0703125 0.0498046875
2 0.927734375 0.5654296875 0.0732421875 0.0576171875
2 0.8935546875 0.4404296875 0.078125 0.0419921875
2 0.087890625 0.560546875 0.0732421875 0.0654296875
2 0.9580078125 0.4482421875 0.0703125 0.044921875
2 0.109375 0.4345703125 0.0498046875 0.037109375
2 0.9814453125 0.4501953125 0.0341796875 0.041015625
3 0.5 0.439453125 0.0439453125 0.0234375
2 0.0498046875 0.458984375 0.099609375 0.0908203125
3 0.685546875 0.4404296875 0.0341796875 0.044921875
3 0.724609375 0.439453125 0.041015625 0.044921875
3 0.8046875 0.4404296875 0.0390625 0.044921875
3 0.841796875 0.4423828125 0.041015625 0.046875
3 0.353515625 0.572265625 0.0625 0.0732421875
3 0.208984375 0.572265625 0.056640625 0.0830078125
3 0.1845703125 0.439453125 0.037109375 0.0390625
3 0.146484375 0.435546875 0.041015625 0.046875