2 0.4239366319444444 0.600535300925926 0.07795138888888897 0.08459201388888893
2 0.6611762152777778 0.6116681134259259 0.08589409722222219 0.09091435185185182
2 0.13958333333333334 0.5758825231481481 0.08530815972222222 0.06454716435185182
2 0.5098090277777778 0.6026982060185184 0.08491753472222219 0.0908564814814814
2 0.7370442708333333 0.6025101273148148 0.09296875000000004 0.10206163194444451
2 0.3437282986111111 0.5899305555555556 0.09301215277777786 0.10401475694444429
2 0.04175347222222223 0.5622829861111112 0.05911458333333333 0.0707971643518519
2 0.8698784722222221 0.6113570601851852 0.08975694444444438 0.08919270833333348
2 0.7937934027777778 0.4790870949074074 0.06050347222222219 0.045522280092592515
2 0.15625 0.4481336805555556 0.07938368055555556 0.06127025462962954
2 0.5077039930555556 0.4640842013888889 0.05290798611111103 0.05482494212962963
2 0.3613498263888889 0.46126302083333337 0.06668836805555556 0.06051793981481479
2 0.5545789930555556 0.46686197916666666 0.04802517361111125 0.05453559027777777
2 0.8046657986111111 0.6172453703703704 0.07413194444444438 0.08826678240740726
2 0.08780381944444444 0.5718388310185185 0.06974826388888888 0.06655092592592604
3 0.5930989583333333 0.6203125 0.06360677083333321 0.05350839120370354
2 0.028515625000000003 0.449341724537037 0.03802083333333334 0.04321469907407405
2 0.8797960069444445 0.48710937499999996 0.06358506944444442 0.052531828703703765
2 0.9655110677083334 0.6162254050925926 0.06897786458333321 0.08051215277777768
2 0.7030815972222222 0.47858796296296297 0.06577690972222205 0.06338975694444449
2 0.09279513888888889 0.4453486689814815 0.0556640625 0.047186053240740655
2 0.4598524305555556 0.46124855324074077 0.05279947916666661 0.04994212962962963
3 0.650564236111111 0.485228587962963 0.05060763888888875 0.039084201388888795
3 0.744314236111111 0.4907841435185185 0.03975694444444455 0.03356481481481488
3 0.32528211805555557 0.46205150462962963 0.040060763888888906 0.04723668981481477
3 0.28535156250000004 0.46456163194444444 0.045117187500000044 0.05533854166666663
3 0.936697048611111 0.5021846064814814 0.03671874999999991 0.02850839120370363
2 0.8319444444444445 0.4842737268518519 0.052734375 0.04701244212962963
2 0.06653645833333333 0.4486689814814815 0.060568576388888906 0.048451967592592626
3 0.1943142361111111 0.5810763888888888 0.051236979166666696 0.06740451388888902
2 0.9801920572916667 0.49330150462962963 0.03961588541666661 0.04476996527777777
3 0.3066623263888889 0.5896846064814816 0.050151909722222276 0.0624638310185186
3 0.2500434027777778 0.5873046875000001 0.045117187500000044 0.05533854166666652
3 0.4131727430555555 0.467259837962963 0.05855034722222219 0.045406539351851904
3 0.5977864583333333 0.480150462962963 0.055685763888888795 0.048162615740740766
3 0.2463324652777778 0.4641999421296296 0.04796006944444442 0.05160590277777777
3 0.20238715277777777 0.46159577546296293 0.06061197916666666 0.050405092592592515
3 0.03940972222222222 0.4568142361111111 0.03687065972222223 0.03534432870370374
2 0.9207465277777778 0.6182725694444444 0.08802083333333321 0.09884259259259265