2 0.591796875 0.5751953125 0.0888671875 0.078125
2 0.1455078125 0.5625 0.095703125 0.095703125
2 0.359375 0.560546875 0.09375 0.0966796875
2 0.455078125 0.4345703125 0.0546875 0.044921875
2 0.8544921875 0.439453125 0.0703125 0.0498046875
2 0.404296875 0.4296875 0.056640625 0.0439453125
2 0.875 0.568359375 0.0888671875 0.0576171875
2 0.6640625 0.5751953125 0.0810546875 0.0830078125
2 0.65625 0.439453125 0.0654296875 0.052734375
2 0.5048828125 0.435546875 0.0546875 0.0439453125
2 0.5048828125 0.5732421875 0.080078125 0.0751953125
2 0.181640625 0.4345703125 0.0673828125 0.046875
2 0.2734375 0.560546875 0.0888671875 0.095703125
2 0.916015625 0.4404296875 0.0595703125 0.0439453125
2 0.552734375 0.431640625 0.0576171875 0.0419921875
2 0.078125 0.5595703125 0.078125 0.068359375
2 0.9716796875 0.560546875 0.0517578125 0.072265625
2 0.1376953125 0.4326171875 0.048828125 0.046875
2 0.951171875 0.744140625 0.083984375 0.078125
3 0.7734375 0.583984375 0.064453125 0.0419921875
3 0.830078125 0.587890625 0.060546875 0.0439453125
3 0.599609375 0.447265625 0.048828125 0.0517578125
3 0.7314453125 0.447265625 0.046875 0.046875
3 0.4248046875 0.5751953125 0.0732421875 0.0908203125
3 0.7060546875 0.576171875 0.0576171875 0.0673828125
3 0.689453125 0.447265625 0.0361328125 0.0390625
3 0.7685546875 0.447265625 0.0341796875 0.041015625
3 0.8046875 0.4423828125 0.052734375 0.046875
3 0.880859375 0.447265625 0.044921875 0.0390625
3 0.9560546875 0.4501953125 0.0439453125 0.0439453125
3 0.3623046875 0.443359375 0.060546875 0.0595703125
3 0.271484375 0.4404296875 0.046875 0.0439453125
3 0.220703125 0.439453125 0.048828125 0.0517578125
3 0.216796875 0.5732421875 0.0703125 0.0703125
2 0.0419921875 0.556640625 0.064453125 0.0751953125
2 0.072265625 0.435546875 0.044921875 0.0439453125
2 0.9267578125 0.5625 0.068359375 0.064453125
2 0.099609375 0.435546875 0.037109375 0.0498046875