2 0.6201171875 0.42042100694444445 0.08561197916666674 0.06895978009259263
2 0.5313802083333333 0.42303240740740744 0.0908203125 0.07387876157407414
2 0.30279947916666666 0.43840422453703703 0.0981770833333333 0.09638310185185184
2 0.388671875 0.43679108796296295 0.09003906250000004 0.09144241898148153
2 0.6943359375 0.4198712384259259 0.0893880208333333 0.08167679398148153
2 0.7604817708333333 0.4301287615740741 0.10455729166666661 0.08959780092592595
2 0.8938151041666667 0.5542028356481481 0.07526041666666661 0.04545717592592613
2 0.17272135416666667 0.43643663194444443 0.09641927083333335 0.08465711805555554
2 0.49375 0.5620515046296297 0.05768229166666661 0.04532696759259247
2 0.4463541666666667 0.5692418981481482 0.057812500000000044 0.04728009259259247
2 0.10911458333333335 0.4349537037037037 0.08509114583333333 0.061147280092592515
2 0.5425130208333333 0.5607132523148148 0.055533854166666785 0.04238281250000009
2 0.3955729166666667 0.5696180555555556 0.060742187500000044 0.04730179398148149
2 0.6916666666666667 0.5557002314814815 0.06868489583333326 0.049312789351851904
2 0.7748046875000001 0.5570384837962963 0.06529947916666679 0.04245515046296289
2 0.5905598958333333 0.5632884837962964 0.0595703125 0.0443648726851853
2 0.16555989583333333 0.5635054976851852 0.07115885416666667 0.0424985532407407
2 0.9541666666666666 0.5508246527777778 0.06510416666666652 0.03952546296296289
2 0.9900065104166667 0.5445601851851851 0.019986979166666696 0.03360821759259247
2 0.24635416666666665 0.5589988425925926 0.0629557291666667 0.03658130787037028
2 0.820703125 0.5566984953703704 0.07109374999999996 0.04152199074074092
2 0.9864095052083333 0.4322627314814815 0.02718098958333348 0.06872829861111107
3 0.6388671875 0.5551142939814815 0.04804687499999982 0.04720775462962967
2 0.11549479166666667 0.5599681712962963 0.06197916666666667 0.03657407407407409
2 0.959814453125 0.4286168981481482 0.08037109374999996 0.06020688657407414
3 0.05813802083333333 0.4324001736111111 0.06132812500000001 0.07073206018518519
3 0.8072916666666666 0.4141493055555555 0.03489583333333335 0.054918981481481444
3 0.8501953125 0.41285445601851856 0.05279947916666661 0.05993200231481488
3 0.9003255208333334 0.4173683449074074 0.037630208333333304 0.05201099537037046
3 0.9177083333333333 0.5462094907407408 0.03157552083333348 0.03439670138888884
3 0.9788411458333334 0.5398943865740741 0.03346354166666665 0.033434606481481444
3 0.3056640625 0.5546513310185186 0.04427083333333337 0.034490740740740655
3 0.241015625 0.4202980324074074 0.05332031250000002 0.06774450231481488
3 0.45475260416666663 0.41676070601851856 0.08489583333333339 0.07285879629629632