2 0.4060329861111111 0.39752604166666666 0.08647280092592591 0.07799479166666667
2 0.3298683449074074 0.40162760416666665 0.08658854166666663 0.09361979166666667
2 0.8532045717592593 0.3804036458333333 0.09630353009259274 0.0874348958333333
2 0.5060040509259259 0.473828125 0.11751302083333326 0.0517578125
2 0.6373625578703703 0.39772135416666665 0.08462094907407414 0.09153645833333335
2 0.13940248842592592 0.5509765625 0.06770833333333331 0.04843749999999991
2 0.12180266203703705 0.4233072916666667 0.08632812499999998 0.05846354166666656
2 0.5407407407407407 0.528125 0.05305989583333326 0.04746093749999991
2 0.49390914351851856 0.39361979166666666 0.08061342592592591 0.0776041666666667
2 0.49093605324074074 0.5314453125 0.052068865740740655 0.045442708333333304
2 0.5895399305555555 0.5287760416666667 0.05502025462962967 0.04856770833333335
2 0.34155092592592595 0.5375 0.06284722222222228 0.05104166666666665
2 0.062210648148148154 0.4302083333333333 0.0658130787037037 0.056119791666666696
2 0.44600694444444444 0.5354166666666667 0.057921006944444464 0.04485677083333339
2 0.026338252314814816 0.5498697916666666 0.05267650462962963 0.036979166666666785
2 0.07985387731481482 0.5520182291666667 0.05985966435185186 0.04303385416666661
2 0.26236979166666663 0.4217447916666667 0.10524450231481475 0.10852864583333333
2 0.7722439236111112 0.5048828125 0.1508752893518519 0.07545572916666665
2 0.7233000578703703 0.3919921875 0.08173466435185173 0.0972005208333333
2 0.025065104166666668 0.43756510416666666 0.049305555555555554 0.06770833333333337
3 0.4001663773148148 0.5306640625000001 0.056944444444444464 0.044791666666666785
2 0.9156901041666666 0.37819010416666665 0.07270688657407409 0.06438802083333339
2 0.9556712962962963 0.3833333333333333 0.06299913194444429 0.07154947916666665
2 0.8727719907407407 0.5059895833333333 0.06080005787037046 0.03821614583333344
3 0.6316116898148147 0.515234375 0.05502025462962967 0.04856770833333335
3 0.31128472222222225 0.5385416666666667 0.04138454861111107 0.052539062499999956
3 0.26739004629629626 0.5346354166666667 0.052105034722222276 0.050325520833333304
3 0.2283275462962963 0.5372395833333333 0.04926938657407409 0.06282552083333326
3 0.1892505787037037 0.541796875 0.045232928240740766 0.04498697916666661
3 0.11600839120370371 0.5466796875 0.041341145833333315 0.04667968750000018
3 0.05647424768518519 0.5457682291666666 0.04230324074074074 0.044791666666666785
3 0.18628472222222223 0.41510416666666666 0.07570167824074076 0.07337239583333333
3 0.5652199074074074 0.38593750000000004 0.10018807870370372 0.08476562499999996
3 0.7829861111111112 0.37239583333333337 0.08940248842592613 0.07819010416666661
2 0.922605613425926 0.49876302083333335 0.04130497685185186 0.041796874999999956