2 0.5876736111111112 0.40729890046296297 0.0835648148148147 0.0776548032407407
2 0.49974681712962965 0.41478587962962965 0.08851273148148153 0.08658854166666674
2 0.14324363425925926 0.4331597222222222 0.09731626157407408 0.08880208333333339
2 0.404933449074074 0.5611183449074073 0.052105034722222276 0.0484085648148147
2 0.8122829861111112 0.40064380787037035 0.08839699074074092 0.07096354166666674
2 0.45087528935185184 0.5538990162037036 0.05310329861111107 0.05136718749999991
2 0.2721137152777778 0.4342230902777778 0.08959780092592595 0.10126591435185184
2 0.8962456597222221 0.5328920717592592 0.09609375000000009 0.055570023148148184
2 0.30339265046296293 0.5611979166666666 0.05802228009259269 0.05639467592592595
2 0.5475694444444444 0.5490813078703703 0.05013744212962967 0.04639756944444451
2 0.6687138310185186 0.4068504050925926 0.09442274305555554 0.09359809027777777
2 0.7341218171296295 0.40784143518518523 0.09641203703703694 0.09853877314814818
2 0.42154947916666663 0.4268663194444444 0.08961950231481475 0.10419560185185195
2 0.07976707175925926 0.43504050925925924 0.07567997685185185 0.06765769675925926
2 0.771238425925926 0.5375723379629629 0.07065972222222228 0.048958333333333215
2 0.10032552083333333 0.5594039351851852 0.060850694444444436 0.04280960648148158
2 0.030716507523148147 0.4472583912037037 0.061433015046296294 0.08290653935185188
2 0.6472005208333333 0.5432002314814814 0.05802228009259247 0.05639467592592595
2 0.25163483796296293 0.5627314814814814 0.06775173611111107 0.05180121527777759
2 0.9664496527777777 0.4136501736111111 0.06112557870370372 0.07991898148148147
2 0.9216001157407407 0.4052155671296296 0.07368344907407409 0.06174045138888884
2 0.597410300925926 0.542722800925926 0.05009403935185186 0.04053819444444429
2 0.869849537037037 0.4057725694444444 0.0737630208333333 0.07248263888888884
3 0.3571976273148148 0.5469111689814814 0.044104456018518534 0.02278645833333348
2 0.9802879050925926 0.5225911458333333 0.031517650462963065 0.037058738425926
2 0.06614583333333333 0.5604166666666667 0.05011574074074074 0.04346788194444451
2 0.9420572916666666 0.41144386574074077 0.08354311342592591 0.0747251157407407
3 0.2077763310185185 0.4205078125 0.06014901620370372 0.07989004629629637
3 0.3464626736111111 0.4144458912037037 0.07284432870370372 0.08026620370370363
3 0.1833695023148148 0.5520616319444445 0.037384259259259256 0.038208912037037024
3 0.13940972222222223 0.5553168402777777 0.03939525462962962 0.04607928240740744
3 0.49780815972222225 0.5446976273148147 0.03645833333333326 0.045015914351851816
3 0.6813802083333333 0.5421875 0.04529079861111107 0.05113570601851869
3 0.7224392361111112 0.5351128472222222 0.04427083333333348 0.04524739583333348
3 0.8025173611111112 0.5327401620370371 0.0345630787037039 0.0527705439814814
3 0.8366970486111112 0.5317274305555555 0.041319444444444464 0.04223090277777786
3 0.9392650462962963 0.5247829861111111 0.025694444444444464 0.04176793981481497
3 0.9597800925925926 0.5231987847222221 0.03150318287037024 0.035105613425925775