2 0.1333478009259259 0.4288194444444444 0.08386140046296298 0.05946180555555558
2 0.4154296875 0.41278211805555554 0.08518518518518525 0.08292100694444438
2 0.29756944444444444 0.43591579861111107 0.09704861111111107 0.09294704861111103
2 0.5014395254629629 0.41575520833333335 0.07158564814814827 0.08750000000000002
2 0.5796079282407407 0.4169487847222222 0.08430989583333348 0.08973524305555558
2 0.6567129629629629 0.41230468750000004 0.08718171296296306 0.08589409722222219
2 0.7301576967592592 0.4243489583333333 0.0893229166666667 0.0986328125
2 0.35986689814814815 0.552734375 0.06626880787037037 0.05809461805555549
2 0.03580729166666667 0.4388020833333333 0.05768229166666666 0.07157118055555556
2 0.9253544560185185 0.41219618055555557 0.07721354166666661 0.07200520833333335
2 0.07867476851851851 0.4310112847222222 0.07123842592592594 0.06406250000000002
2 0.15381221064814815 0.5573133680555555 0.07897858796296298 0.05935329861111116
2 0.8658564814814815 0.4184027777777778 0.08430989583333348 0.08973524305555558
2 0.5533420138888889 0.5562499999999999 0.05552662037037037 0.05785590277777786
2 0.5034939236111111 0.5544270833333333 0.04761284722222214 0.05084635416666661
2 0.9399305555555555 0.5388671875 0.04952256944444455 0.04796006944444464
2 0.7954716435185185 0.5469618055555556 0.06905381944444455 0.04839409722222232
2 0.8725911458333333 0.5432942708333333 0.05733506944444455 0.04813368055555545
2 0.8003110532407407 0.41204427083333334 0.07455873842592586 0.09049479166666663
2 0.09227430555555555 0.5577039930555555 0.05834056712962965 0.050108506944444464
2 0.02474681712962963 0.5494357638888889 0.03381076388888889 0.04175347222222214
2 0.7016927083333333 0.5470920138888888 0.058398437499999956 0.054014756944444464
3 0.7474754050925927 0.5382595486111111 0.0345992476851853 0.02907986111111116
3 0.6468605324074075 0.5385416666666667 0.04144965277777768 0.030208333333333393
3 0.4066116898148148 0.5429036458333334 0.042368344907407374 0.02632378472222241
2 0.4585720486111111 0.5554253472222223 0.05350115740740735 0.052929687500000044
3 0.20052806712962962 0.5455295138888889 0.036436631944444464 0.02131076388888875
2 0.060951967592592596 0.553515625 0.05730613425925926 0.04618055555555545
3 0.6000434027777777 0.5434895833333333 0.04140625000000009 0.027278645833333393
3 0.3735243055555556 0.4195746527777778 0.06158854166666661 0.07165798611111107
3 0.24852430555555555 0.42235243055555555 0.052756076388888906 0.06853298611111114
3 0.19186921296296297 0.42263454861111116 0.06046730324074073 0.061870659722222276
3 0.23959056712962962 0.5446614583333333 0.039525462962963 0.03211805555555558
3 0.2786820023148148 0.5457465277777778 0.036552372685185186 0.029123263888888973
3 0.3226417824074074 0.5457465277777778 0.0346860532407407 0.03493923611111116
3 0.9574508101851852 0.4026909722222222 0.03190104166666674 0.04463975694444444
3 0.9872341579861111 0.4156684027777777 0.025531684027777724 0.037738715277777724