0 0.243359375 0.6178602430555555 0.10831163194444449 0.30822482638888893
0 0.33706597222222223 0.6239800347222222 0.09516059027777779 0.2871527777777778
0 0.43559027777777776 0.6332465277777778 0.09027777777777779 0.33083767361111116
0 0.5383680555555556 0.6270616319444444 0.09296875000000004 0.3202256944444444
0 0.6305121527777777 0.6595052083333334 0.08717447916666687 0.27899305555555554
0 0.8173177083333334 0.655099826388889 0.10418836805555554 0.2982855902777777
1 0.2644314236111111 0.021527777777777778 0.08927951388888888 0.02250434027777777
1 0.35030381944444444 0.028276909722222222 0.08259548611111112 0.029036458333333334
1 0.43515625 0.03693576388888889 0.08760850694444444 0.035112847222222215
1 0.5219835069444445 0.04470486111111111 0.08194444444444438 0.04364149305555555
1 0.6020616319444445 0.04826388888888889 0.08682725694444438 0.043858506944444445
1 0.6860894097222222 0.05004340277777778 0.08281249999999996 0.038802083333333334
1 0.7659722222222223 0.06239149305555555 0.08415798611111125 0.055447048611111105
1 0.8469618055555556 0.06892361111111112 0.09025607638888888 0.06644965277777776
1 0.9307508680555556 0.0814453125 0.08057725694444429 0.069921875
1 0.7118489583333334 0.6504123263888888 0.11028645833333339 0.26538628472222214
1 0.94208333203125 0.66957304296875 0.9343981484375 0.546193416015625 0.851342591796875 0.529989712890625 0.859629630859375 0.67842078125 0.94208333203125 0.66957304296875
1 0.986064814453125 0.67152777734375 0.987777779296875 0.542309671875 0.9368518515625 0.540046296875 0.94087962890625 0.671604939453125 0.986064814453125 0.67152777734375
1 0.966435185546875 0.04295267578125 0.9706944453125 0.111959876953125 0.996111111328125 0.115174896484375 0.99884259375 0.04439300390625 0.966435185546875 0.04295267578125