1 1 0.770280583984375 0.988999369140625 0.76979166796875 0.97393904296875 0.8774936875 1 0.8718061015625 1 0.770280583984375
1 0.88942199609375 0.873737373046875 0.91470608984375 0.77279040234375 0.862747263671875 0.767960857421875 0.85052784765625 0.875789140625 0.88942199609375 0.873737373046875
1 0.96475168359375 0.591035353515625 0.995996423828125 0.448768939453125 0.927216611328125 0.44823232421875 0.913615318359375 0.588762625 0.96475168359375 0.591035353515625
0 1 0.753783759765625 0.9318251953125 0.743308080078125 0.8964506171875 0.9042929296875 0.960016833984375 0.931060607421875 1 0.758494486328125 1 0.753783759765625
0 1 0.51734728515625 0.973051697265625 0.634248736328125 0.995593083984375 0.662973484375 1 0.665426818359375 1 0.51734728515625
0 0.897693955078125 0.661142677734375 0.927967171875 0.528914140625 0.92757084765625 0.4243055546875 0.85791245703125 0.41994949609375 0.831660353515625 0.626704544921875 0.86377139453125 0.663415404296875 0.897693955078125 0.661142677734375
0 0.8466610546875 0.932323232421875 0.86061658203125 0.76786616015625 0.8071811875 0.761710859375 0.787749017578125 0.914583333984375 0.8466610546875 0.932323232421875
0 0.775918912109375 0.935479796875 0.793088875 0.763604796875 0.736102341796875 0.75729166796875 0.71962331640625 0.91281565625 0.775918912109375 0.935479796875
0 0.66041316015625 0.92026515234375 0.667583826171875 0.74668560546875 0.6078686171875 0.74277146484375 0.607744107421875 0.915404041015625 0.66041316015625 0.92026515234375
1 0.716856060546875 0.88244949609375 0.727000912109375 0.775789140625 0.668481693359375 0.766887625 0.662224677734375 0.88128156640625 0.716856060546875 0.88244949609375
1 0.827621703125 0.583680556640625 0.849914072265625 0.447316919921875 0.772499298828125 0.44387626171875 0.759496 0.58191287890625 0.827621703125 0.583680556640625
1 0.757533669921875 0.585606060546875 0.7718451875 0.445107322265625 0.69874789453125 0.443118685546875 0.687165052734375 0.58121843359375 0.757533669921875 0.585606060546875
1 0.685912947265625 0.584943181640625 0.69814990234375 0.445612375 0.62062289453125 0.439646462890625 0.616852552734375 0.57809343359375 0.685912947265625 0.584943181640625
1 0.616254560546875 0.58058712109375 0.619800435546875 0.437089646484375 0.545226572265625 0.433775251953125 0.54452160546875 0.577398990234375 0.616254560546875 0.58058712109375
1 0.543213384765625 0.579861111328125 0.544628578125 0.436268939453125 0.465083123046875 0.4327335859375 0.470826318359375 0.577904041015625 0.543213384765625 0.579861111328125
1 0.53737023046875 0.767361109375 0.5371124453125 0.8732007578125 0.593930626953125 0.875726009765625 0.59677153515625 0.8758522734375 0.601234568359375 0.768939392578125 0.53737023046875 0.767361109375
1 0.53739302734375 0.879513888671875 0.537482462890625 0.76988636328125 0.4721415546875 0.76698232421875 0.4785563984375 0.87941919140625 0.53739302734375 0.879513888671875
1 0.469461982421875 0.579103537109375 0.465849466796875 0.43402777734375 0.38624789453125 0.429229796875 0.396476921875 0.579640150390625 0.469461982421875 0.579103537109375
1 0.3971871484375 0.579671716796875 0.38477132421875 0.4279040390625 0.301730849609375 0.425473484375 0.320538720703125 0.577525251953125 0.3971871484375 0.579671716796875
1 0.31999684375 0.58128156640625 0.30118897265625 0.429229796875 0.216335228515625 0.417897728515625 0.244712751953125 0.57793560546875 0.31999684375 0.58128156640625
1 0.245535212890625 0.580492423828125 0.217699564453125 0.416698232421875 0.131705947265625 0.411616162109375 0.16724186328125 0.573232322265625 0.245535212890625 0.580492423828125
1 0.165167298828125 0.574400251953125 0.13022937890625 0.410290404296875 0.04724501953125 0.409122474609375 0.088518869140625 0.5722537890625 0.165167298828125 0.574400251953125
1 0.20079791015625 0.77004419140625 0.22420208984375 0.881976009765625 0.290851220703125 0.8824179296875 0.290140994140625 0.88238636328125 0.27017571484375 0.76808712109375 0.20079791015625 0.77004419140625
1 0.22272551953125 0.88065025390625 0.201452021484375 0.768813130859375 0.13360690234375 0.7733585859375 0.158861181640625 0.87907196875 0.22272551953125 0.88065025390625
0 0.4765204140625 0.9133522734375 0.470477341796875 0.745486111328125 0.413827509765625 0.746748736328125 0.4200389296875 0.918402779296875 0.4765204140625 0.9133522734375
0 0.40859988671875 0.9002525234375 0.40203423046875 0.752525251953125 0.3439639453125 0.753724748046875 0.357800224609375 0.905555556640625 0.40859988671875 0.9002525234375
0 0.344923189453125 0.918844697265625 0.3290298828125 0.73667929296875 0.26752069140625 0.7402462109375 0.296627734375 0.916698232421875 0.344923189453125 0.918844697265625
0 0.0339506171875 0.763888888671875 0.0424242421875 0.954545455078125 0.07627139453125 0.934627525390625 0.090325126953125 0.89996843359375 0.05718294140625 0.776262626953125 0.0339506171875 0.763888888671875