0 0.02306134259259259 0.3439670138888889 0.04108072916666666 0.1421079282407407
0 0.08610387731481481 0.021430121527777776 0.06087962962962962 0.04286024305555555
0 0.04366181640625 0.46875 0.126266716796875 0.618510251953125 0.14303718359375 0.62185846484375 0.18277483984375 0.5608465625 0.092283951171875 0.401455025390625 0.04366181640625 0.46875
0 0.149909978515625 0.645419974609375 0.229034390625 0.77744708984375 0.27539498828125 0.70626653515625 0.226742541015625 0.618758267578125 0.178516314453125 0.58878968359375 0.149909978515625 0.645419974609375
0 0.14810221875 0.401372353515625 0.183186361328125 0.6164021171875 0.2490051796875 0.6099950390625 0.213935736328125 0.396949404296875 0.14810221875 0.401372353515625
0 0.2264035859375 0.422288359375 0.250385802734375 0.64566798828125 0.320698302734375 0.643063822265625 0.298904138671875 0.413649140625 0.2264035859375 0.422288359375
0 0.36914315234375 0.40112433984375 0.38971836328125 0.61669146875 0.44556602734375 0.62057705078125 0.436063345703125 0.392691798828125 0.36914315234375 0.40112433984375
0 0.458487654296875 0.405753966796875 0.470163689453125 0.6256200390625 0.530431546875 0.623387896484375 0.528770759765625 0.399181546875 0.458487654296875 0.405753966796875
0 0.615780240234375 0.390004958984375 0.60986368359375 0.646246693359375 0.679060111328125 0.643683861328125 0.6872235078125 0.3893435859375 0.615780240234375 0.390004958984375
0 0.695197677734375 0.41087962890625 0.685859419921875 0.657324734375 0.739460244140625 0.659308861328125 0.76333682421875 0.41629464453125 0.695197677734375 0.41087962890625
0 0.8646347734375 0.376818783203125 0.834120552734375 0.628017525390625 0.892332634765625 0.649677578125 0.932832708984375 0.3901703046875 0.8646347734375 0.376818783203125
0 0.479900609375 0.7344163359375 0.486759626953125 0.906828705078125 0.53708572265625 0.918857474609375 0.53461750390625 0.736359126953125 0.479900609375 0.7344163359375
0 0.549155826171875 0.739790013671875 0.549347810546875 0.916418650390625 0.598499044921875 0.92055225 0.60942368359375 0.73755787109375 0.549155826171875 0.739790013671875
0 0.676167513671875 0.705315806640625 0.6710436875 0.91786541015625 0.72576058203125 0.91980819921875 0.74426256640625 0.704778439453125 0.676167513671875 0.705315806640625
0 0.810419421875 0.744006283203125 0.793546994140625 0.877604166015625 0.7926072890625 0.901455025390625 0.845121435546875 0.907448744140625 0.8651657109375 0.749917328125 0.810419421875 0.744006283203125
0 0.888500330078125 0.7351603828125 0.86720770703125 0.8748759921875 0.861877205078125 0.908812830078125 0.916623494140625 0.914723876953125 0.945493458984375 0.7429728828125 0.888500330078125 0.7351603828125
1 0.30118037109375 0.41951884765625 0.324721671875 0.583374669921875 0.38269859765625 0.57328869140625 0.3670285859375 0.417080025390625 0.30118037109375 0.41951884765625
1 0.41533013671875 0.75863921875 0.425052357421875 0.865451388671875 0.481942609375 0.859375 0.475612689453125 0.758391205078125 0.41533013671875 0.75863921875
1 0.6128306875 0.745370369140625 0.61140689453125 0.85458002734375 0.6672545546875 0.858465607421875 0.6742293125 0.745081017578125 0.6128306875 0.745370369140625
1 0.746818048828125 0.7483465625 0.735364306640625 0.8599123671875 0.788935734375 0.857928240234375 0.80601392578125 0.752108134765625 0.746818048828125 0.7483465625
1 1 0.746355478515625 0.94326131640625 0.7430555546875 0.929575431640625 0.85470403515625 0.97866787890625 0.850901125 1 0.768985865234375 1 0.746355478515625
1 0.533308533203125 0.40893683984375 0.53668705859375 0.563616072265625 0.60144859765625 0.56518683984375 0.605853173828125 0.406250001953125 0.533308533203125 0.40893683984375
1 0.7711199296875 0.41203703515625 0.756641314453125 0.567377646484375 0.82580834765625 0.560846560546875 0.8492449296875 0.409143517578125 0.7711199296875 0.41203703515625
1 1 0.40780393359375 0.931907703125 0.4160052890625 0.913963294921875 0.555596892578125 0.97534722265625 0.5533234140625 1 0.42459769921875 1 0.40780393359375