0 1 0.447604150390625 0.999318416015625 0.448752572265625 0.969701646484375 0.44830246875 0.920537552734375 0.572337962890625 0.973161009765625 0.630722736328125 1 0.57471404296875 1 0.447604150390625
0 1 0.215025767578125 0.96315586328125 0.219585904296875 0.944425154296875 0.447691615234375 1 0.443118306640625 1 0.215025767578125
0 0.939859826171875 0.509741513671875 0.947955248046875 0.25263631640625 0.86666666796875 0.260288064453125 0.86739969140625 0.506237140625 0.939859826171875 0.509741513671875
0 0.78671553515625 0.496849279296875 0.787673611328125 0.263213734375 0.718332046875 0.2673289609375 0.733764146484375 0.49881044140625 0.78671553515625 0.496849279296875
0 0.6842447916666667 0.718677662037037 0.05820312499999991 0.17165798611111116
0 0.6206380208333333 0.7337601273148149 0.06269531250000004 0.1805917245370372
0 0.6662760416666667 0.40509259259259256 0.08098958333333339 0.2358217592592593
1 0.859194958984375 0.4353780859375 0.866518775390625 0.271122685546875 0.78814300390625 0.28330761328125 0.788882458984375 0.43798225390625 0.859194958984375 0.4353780859375
1 0.7757073046875 0.749421296875 0.776318158203125 0.64110725390625 0.707285236328125 0.649852109375 0.71157407421875 0.75334362109375 0.7757073046875 0.749421296875
1 0.6343814296875 0.470003857421875 0.6197530859375 0.31584362109375 0.541936728515625 0.323366771484375 0.5626414609375 0.477301955078125 0.6343814296875 0.470003857421875
1 0.59388503125 0.776266716796875 0.577899947265625 0.667020318359375 0.516473765625 0.67238940234375 0.536387603515625 0.775302212890625 0.59388503125 0.776266716796875
0 0.562120626953125 0.56086033984375 0.531314298828125 0.320666150390625 0.4611046796875 0.324813529296875 0.503813015625 0.5738490234375 0.562120626953125 0.56086033984375
0 0.50519547265625 0.581532921875 0.45605709765625 0.3404706796875 0.39611625390625 0.355066873046875 0.446122685546875 0.59609696484375 0.50519547265625 0.581532921875
0 0.5383551953125 0.830922068359375 0.509972994140625 0.64014274609375 0.453401490234375 0.653067130859375 0.488213734375 0.83587319921875 0.5383551953125 0.830922068359375
0 0.424759615234375 0.822872150390625 0.39659455078125 0.698606658203125 0.349648326171875 0.69927439453125 0.3776086171875 0.838541666015625 0.424759615234375 0.822872150390625
0 0.36539351953125 0.58302172265625 0.308796294921875 0.3666310546875 0.243117876953125 0.375489671875 0.30431801953125 0.606704060546875 0.36539351953125 0.58302172265625
1 0.478298611328125 0.78554576171875 0.456579416015625 0.685674857421875 0.396167201171875 0.69219640234375 0.41887464453125 0.7888176640625 0.478298611328125 0.78554576171875
1 0.422765314453125 0.50378383203125 0.391657763671875 0.36249109765625 0.319938568359375 0.380141560546875 0.3554264609375 0.5148459765625 0.422765314453125 0.50378383203125
1 0.277546294921875 0.51237535546875 0.24503205078125 0.38612891796875 0.17713230078125 0.4068509609375 0.221064814453125 0.5326745 0.277546294921875 0.51237535546875
0 0.36215723046875 0.83268785546875 0.324225427734375 0.688434830078125 0.2745281328125 0.702056625 0.31487268359375 0.86442752734375 0.36215723046875 0.83268785546875
1 0.302470619140625 0.804910078125 0.27414084765625 0.70528401171875 0.21521545703125 0.716034544921875 0.254536146484375 0.80882745703125 0.302470619140625 0.804910078125
1 0.21911948046875 0.5306045234375 0.176388888671875 0.404736466796875 0.108520298828125 0.416889244140625 0.1581463671875 0.54678596875 0.21911948046875 0.5306045234375
1 0.15708689453125 0.548967236328125 0.107705662109375 0.413706373046875 0.04811698828125 0.44161769921875 0.0973468671875 0.556534900390625 0.15708689453125 0.548967236328125
1 0.0944845078125 0.55878294140625 0.04719996484375 0.445935720703125 0.030128205078125 0.451923076171875 0.03976584765625 0.569377671875 0.0944845078125 0.55878294140625
1 0.18786948046875 0.82093571875 0.1519408828125 0.724804130859375 0.1076121796875 0.728587962890625 0.14753383203125 0.8213586171875 0.18786948046875 0.82093571875
1 0.14820601953125 0.822404736328125 0.105208333984375 0.728676994140625 0.05306712890625 0.732750177734375 0.098753560546875 0.830662392578125 0.14820601953125 0.822404736328125
0 0.2566328359375 0.83124109765625 0.195365919921875 0.680355234375 0.144404380859375 0.711160078125 0.203552349609375 0.8664084765625 0.2566328359375 0.83124109765625
0 0.060207443359375 0.876001603515625 0.083707265625 0.85799501171875 0.08913817578125 0.831018517578125 0.049532583984375 0.733952099609375 0.060207443359375 0.876001603515625