0 1 0.61822212890625 0.955341755859375 0.629875578125 1 0.887785056640625 1 0.61822212890625
0 0.8211588541666667 0.8146050347222222 0.10536024305555558 0.2852647569444444
0 0.7224175347222223 0.7923611111111111 0.09453124999999996 0.32697482638888875
0 0.6157769097222222 0.812326388888889 0.09561631944444438 0.35138888888888875
0 0.55768711328125 0.964265046875 0.55029256640625 0.680584490234375 0.484879759765625 0.675086806640625 0.477557548828125 0.96488715234375 0.55768711328125 0.964265046875
0 0.457290060546875 0.978081595703125 0.46378922265625 0.669762732421875 0.3938705625 0.6655237265625 0.38406475 0.9727575234375 0.457290060546875 0.978081595703125
1 0.984837962890625 0.926967591796875 0.94271637109375 0.66838830859375 0.84805812890625 0.66469907421875 0.8812708984375 0.928110533203125 0.984837962890625 0.926967591796875
1 1 0.10068006640625 0.9855934921875 0.0348668984375 0.906475052734375 0.043576388671875 0.93656603515625 0.207421875 1 0.205012568359375 1 0.10068006640625
1 0.933259388671875 0.2063368046875 0.900564236328125 0.042549189453125 0.824752443359375 0.05234375 0.849189814453125 0.22094907421875 0.933259388671875 0.2063368046875
1 0.843827162109375 0.21759259375 0.81813914453125 0.050173611328125 0.7436294375 0.059939236328125 0.76280703515625 0.227502892578125 0.843827162109375 0.21759259375
1 0.758198302734375 0.2264467578125 0.739432228515625 0.068142361328125 0.66286651171875 0.07563657421875 0.677829216796875 0.236342591796875 0.758198302734375 0.2264467578125
1 0.67207272265625 0.238787615234375 0.659765625 0.079181134765625 0.586557998046875 0.08891782421875 0.595609888671875 0.24859664453125 0.67207272265625 0.238787615234375
1 0.590949716796875 0.2463831015625 0.582703189453125 0.090162037109375 0.512048291015625 0.098683451171875 0.516988169921875 0.253819443359375 0.590949716796875 0.2463831015625
1 0.513835841796875 0.25620659765625 0.50834780078125 0.103399884765625 0.436390818359375 0.11195023046875 0.437270126953125 0.263700810546875 0.513835841796875 0.25620659765625
1 0.43401491796875 0.2637731484375 0.435088734375 0.111979166015625 0.3644338359375 0.120500580078125 0.362006494140625 0.271166087890625 0.43401491796875 0.2637731484375
1 0.35995048828125 0.26889467578125 0.362583591796875 0.122858796875 0.293076453125 0.12787905078125 0.286691421875 0.27747395703125 0.35995048828125 0.26889467578125
1 0.28538933984375 0.277502892578125 0.291380529296875 0.133709490234375 0.223620755859375 0.134056712890625 0.2133294765625 0.283738427734375 0.28538933984375 0.277502892578125
1 0.1299109453125 0.2983362265625 0.137307099609375 0.156828705078125 0.089781056640625 0.157884837890625 0.0720711171875 0.30193865625 0.1299109453125 0.2983362265625
0 0.2150527265625 0.08790509375 0.19279674609375 0.071021412109375 0.145064943359375 0.067447916015625 0.132905734375 0.204427083984375 0.135582240234375 0.308637154296875 0.2059461796875 0.308232060546875 0.2150527265625 0.08790509375
0 0.05948752734375 0.0774594921875 0.00425186328125 0.08100405078125 0.014300412109375 0.321759259765625 0.062562693359375 0.30794270703125 0.080836869140625 0.132595486328125 0.05948752734375 0.0774594921875