1 0.204555294921875 0.455983048828125 0.213490826171875 0.616296689453125 0.280473345703125 0.614847298828125 0.279413310546875 0.464991287109375 0.204555294921875 0.455983048828125
1 0.4431645859375 0.48331966015625 0.4390535625 0.63893654296875 0.5048843125 0.64627523046875 0.521053208984375 0.499739974609375 0.4431645859375 0.48331966015625
1 0.29955393359375 0.813578974609375 0.299441814453125 0.9281542421875 0.3623506796875 0.925145380859375 0.366210287109375 0.820936009765625 0.29955393359375 0.813578974609375
1 0.493906859375 0.831118439453125 0.484821833984375 0.942556419921875 0.543167802734375 0.951197724609375 0.559520166015625 0.844328076171875 0.493906859375 0.831118439453125
1 0.6252421953125 0.854602240234375 0.607456068359375 0.9555642421875 0.663107787109375 0.970021458984375 0.68617369140625 0.860363111328125 0.6252421953125 0.854602240234375
1 0.673691126953125 0.528104005859375 0.651406658203125 0.66128284765625 0.719605494140625 0.67161205078125 0.74695230078125 0.5356078125 0.673691126953125 0.528104005859375
1 0.814315341796875 0.88083805078125 0.790913080078125 0.977268412109375 0.842708591796875 0.98429520703125 0.876952404296875 0.885167875 0.814315341796875 0.88083805078125
1 0.961150259765625 1 0.967855421875 0.8901258359375 0.949387974609375 0.89265333984375 0.91541396875 1 0.961150259765625 1
1 0.827535173828125 0.546212216796875 0.800568890625 0.67194229296875 0.864313552734375 0.690986189453125 0.90228446875 0.55815593359375 0.827535173828125 0.546212216796875
1 0.900633263671875 0.558119240234375 0.863542310546875 0.689500103515625 0.930861185546875 0.701278697265625 0.97647996484375 0.562742615234375 0.900633263671875 0.558119240234375
1 0.977305568359375 0.5627609609375 0.932458029296875 0.702783130859375 0.9736837890625 0.705168203125 0.977305568359375 0.5627609609375
0 0.03007306640625 0.65497722265625 0.1105342578125 0.81130812890625 0.158278158203125 0.75079342578125 0.10895926953125 0.63379029296875 0.098191271484375 0.63113626953125 0.0653343515625 0.601429328125 0.03007306640625 0.65497722265625
0 0.044250744140625 0.400538005859375 0.074396115234375 0.63181485546875 0.1355944296875 0.611442224609375 0.1209308515625 0.4022420078125 0.044250744140625 0.400538005859375
0 0 0.606488837890625 0.01649298828125 0.636564951171875 0.067308671875 0.566459580078125 0 0.4034118671875 0 0.606488837890625
0 0.1295374296875 0.42658058984375 0.1438603203125 0.681653154296875 0.20781765625 0.66013446875 0.200431412109375 0.43781494140625 0.1295374296875 0.42658058984375
0 0.30971498842592593 0.5571397569444444 0.07899305555555558 0.2622829861111111
0 0.40404369212962965 0.5699869791666667 0.08474392361111116 0.25948350694444455
0 0.38935908564814814 0.8873046874999999 0.07121672453703698 0.21039496527777768
0 0.45334201388888884 0.9008355034722222 0.0649594907407407 0.19832899305555562
0 0.5513599537037037 0.6035590277777778 0.09154369212962976 0.28500434027777777
0 0.6215639467592593 0.6344401041666667 0.08846932870370372 0.2546875000000002
0 0.5812355324074074 0.8994791666666666 0.08203125 0.20104166666666679
0 0.5929542824074074 0.034678819444444446 0.06991464120370372 0.043511284722222224
0 0.6971571180555556 0.04481336805555556 0.07345920138888884 0.06017795138888889
0 0.7911964699074074 0.06547309027777778 0.08948206018518512 0.09761284722222224
0 0.859375 0.071875 0.0673828125 0.10687934027777779
0 0.716682265625 1 0.741911529296875 0.87242601953125 0.68775876953125 0.86760052734375 0.658504216796875 0.997345978515625 0.668708025390625 1 0.716682265625 1
0 0.78824917578125 1 0.818047091796875 0.870495822265625 0.75986750390625 0.864373474609375 0.72907123046875 1 0.78824917578125 1
0 0.913203529296875 1 0.95507658203125 0.874748287109375 0.8939955546875 0.8552804375 0.845709333984375 1 0.913203529296875 1
0 0.764360685546875 0.504678185546875 0.713852177734375 0.749858486328125 0.778281453125 0.770608109375 0.832950830078125 0.523105537109375 0.764360685546875 0.504678185546875