1 0.193930041015625 0.986111111328125 0.2301862890625 0.76696428515625 0.133382017578125 0.767311509765625 0.0944527109375 0.992509919921875 0.193930041015625 0.986111111328125
1 0.367839689453125 0.365327380859375 0.392374888671875 0.184275794921875 0.3294936796875 0.177182541015625 0.294854130859375 0.37450396875 0.367839689453125 0.365327380859375
1 0.604212595703125 0.342956349609375 0.61520796484375 0.164484126953125 0.54921277734375 0.169394841796875 0.53152098046875 0.348164681640625 0.604212595703125 0.342956349609375
1 0.851071060546875 0.3141865078125 0.84376837109375 0.14246031640625 0.77836107421875 0.139434525390625 0.776147302734375 0.319494048828125 0.851071060546875 0.3141865078125
1 0.98618459765625 0.142063490234375 0.934110451171875 0.15426587109375 0.940650720703125 0.306249998046875 0.97413286328125 0.30476190234375 0.98618459765625 0.142063490234375
0 0 0.53635440234375 0.0553948046875 0.43854166796875 0.01610266015625 0.353273810546875 0 0.371264369140625 0 0.53635440234375
0 0.093667328125 0.38740079296875 0.18340314453125 0.2271825390625 0.13347846875 0.150297619140625 0.051789388671875 0.32202380859375 0.093667328125 0.38740079296875
0 0.233897564453125 0 0.156093841796875 0.14533730078125 0.188133818359375 0.19335317578125 0.230135765625 0.1519345234375 0.295667072265625 0.048164681640625 0.244445236328125 0 0.233897564453125 0
0 0.218079439453125 0.389781748046875 0.257449662109375 0.158630951171875 0.185727146484375 0.165773810546875 0.14113021875 0.377380953125 0.218079439453125 0.389781748046875
0 0.294619892578125 0.36264880859375 0.329672802734375 0.12971230078125 0.25942001171875 0.117013888671875 0.224307392578125 0.36577380859375 0.294619892578125 0.36264880859375
0 0.434803974609375 0.362351189453125 0.46495168359375 0.1355654765625 0.40095440234375 0.12852182421875 0.36769271875 0.3673115078125 0.434803974609375 0.362351189453125
0 0.52520576171875 0.358333333984375 0.549979791015625 0.113988095703125 0.476994232421875 0.123164681640625 0.45712540234375 0.361359126953125 0.52520576171875 0.358333333984375
0 0.688299162109375 0.349107142578125 0.705380107421875 0.073462302734375 0.634626689453125 0.08253968359375 0.61337540234375 0.354414681640625 0.688299162109375 0.349107142578125
0 0.765514771484375 0.327876984375 0.769731041015625 0.060714287109375 0.709022265625 0.06934523828125 0.696318341796875 0.330952380859375 0.765514771484375 0.327876984375
0 0.940444041015625 0.3240575390625 0.929269546875 0.0694444453125 0.8621582890625 0.07440476171875 0.8670175625 0.3391865078125 0.940444041015625 0.3240575390625
0 0 0.99511447265625 0.084408068359375 0.992956349609375 0.132559890625 0.763392857421875 0.060809818359375 0.740873015625 0.040895060546875 0.769444443359375 0 0.881808673828125 0 0.99511447265625
0 0.303158068359375 0.983234126953125 0.327899947265625 0.784375 0.238761205078125 0.78635912890625 0.2116402109375 0.987301587890625 0.303158068359375 0.983234126953125
0 0.87235449609375 0.9579365078125 0.851309890625 0.731448412109375 0.767310587890625 0.73913690625 0.7698228984375 0.960515873046875 0.87235449609375 0.9579365078125
0 0.92592592578125 0.9555555546875 0.92185662890625 0.7401785703125 0.858180849609375 0.7588293671875 0.8757027109375 0.95778769921875 0.92592592578125 0.9555555546875
0 0.37427662037037035 0.8866319444444444 0.09982638888888884 0.19131944444444438
0 0.4862196180555555 0.8865234375 0.09714988425925919 0.18146701388888875
0 0.6059389467592593 0.8734157986111111 0.10018807870370372 0.19620225694444438
0 0.7126012731481481 0.8657552083333333 0.1055049189814814 0.20227864583333321
0 0.5328776041666667 0.006293402777777778 0.05533854166666652 0.012586805555555556
0 0.7399811921296297 0.0008029513888888895 0.0630063657407407 0.001605902777777779