0 0.7447554976851851 0.4140769675925926 0.11776620370370372 0.3028139467592592
0 0.646484375 0.4040798611111111 0.1078920717592593 0.2877097800925926
0 0.5442346643518519 0.39485677083333337 0.10167100694444442 0.3350549768518518
0 0.4390552662037037 0.41195023148148147 0.09834346064814814 0.3163990162037038
0 0.35290075231481477 0.38395543981481484 0.09953703703703698 0.26684751157407405
0 0.16731770833333334 0.38805700231481477 0.119140625 0.29510271990740744
1 0.27119502314814814 0.3885416666666667 0.12492766203703709 0.2681640624999999
1 0.04089807581018518 0.954833984375 0.08179615162037036 0.09033203125
1 0.11541521990740738 0.9648907696759259 0.09248408564814814 0.07021846064814818
1 0.19368489583333331 0.9639232494212964 0.09794560185185186 0.07215350115740726
1 0.27759693287037035 0.9681803385416667 0.08774594907407407 0.06363932291666652
1 0.3582899305555556 0.9739438657407408 0.0873842592592593 0.05211226851851847
1 0.44093605324074076 0.9809913917824074 0.08568431712962965 0.0380172164351853
1 0.5232928240740741 0.991919849537037 0.08535879629629628 0.016160300925925908
1 0.6056857638888888 0.9902958622685185 0.09255642361111116 0.019408275462962976
1 0.6891276041666667 0.9872829861111111 0.09613715277777768 0.025434027777777812
1 0 0.504457720703125 0.0464506171875 0.50223765625 0.044521603515625 0.3871141953125 0 0.38219940625 0 0.504457720703125
1 0.127006171875 0.512688615234375 0.124151236328125 0.37869512890625 0.04382716015625 0.380804181640625 0.04544753125 0.500094306640625 0.127006171875 0.512688615234375