1 0.9923929453125 0.60668986328125 0.954171484375 0.434389943359375 0.888648978515625 0.445310361328125 0.927552966796875 0.63459759765625 0.9923929453125 0.60668986328125
1 0.9241403359375 0.63217083984375 0.888648978515625 0.45016387890625 0.818348791015625 0.45623077734375 0.8579353046875 0.6394511171875 0.9241403359375 0.63217083984375
1 0.834046890625 0.55451453515625 0.818348791015625 0.458657537109375 0.74463597265625 0.465937814453125 0.76306417578125 0.58242226953125 0.834046890625 0.55451453515625
1 0.76306417578125 0.578782130859375 0.74463597265625 0.47321809375 0.668875576171875 0.481711751953125 0.694129041015625 0.5994095859375 0.76306417578125 0.578782130859375
1 0.61427348828125 0.7195341796875 0.586972443359375 0.510832865234375 0.503021734375 0.52418004296875 0.527592673828125 0.753508810546875 0.61427348828125 0.7195341796875
0 0.71187471875 0.715894041015625 0.662050314453125 0.451377259765625 0.593797705078125 0.476858232421875 0.63270169140625 0.7438017734375 0.71187471875 0.715894041015625
0 0.52622762109375 0.7680693671875 0.50438678515625 0.529033560546875 0.44022933203125 0.535100458984375 0.457292484375 0.797190482421875 0.52622762109375 0.7680693671875
0 0.436816703125 0.802044 0.416340919921875 0.492632169921875 0.3487708359375 0.5071927265625 0.3631038828125 0.8238848359375 0.436816703125 0.802044
0 0.3426281015625 0.85300594921875 0.30645421875 0.510832865234375 0.2286462421875 0.533887080078125 0.251169603515625 0.885767201171875 0.3426281015625 0.85300594921875
0 0.2204559296875 0.866353126953125 0.21158308984375 0.573928611328125 0.13514016796875 0.586062408203125 0.139917849609375 0.89304748046875 0.2204559296875 0.866353126953125
0 0.1064740703125 0.910034794921875 0.11534691015625 0.583635650390625 0.02320588671875 0.595769447265625 0.020475783203125 0.930662251953125 0.1064740703125 0.910034794921875
1 0 0.1383252890625 0.075760396484375 0.13104501171875 0.07712544921875 0.00121337890625 0 0 0 0.1383252890625
1 0.17131405078125 0.122551353515625 0.169948998046875 0.00121337890625 0.0819031328125 0 0.07917302734375 0.132258390625 0.17131405078125 0.122551353515625
1 0.262090021484375 0.11891121484375 0.25731233984375 0.003640138671875 0.171996576171875 0 0.1726791015625 0.122551353515625 0.262090021484375 0.11891121484375
1 0.26072496875 0 0.266185177734375 0.12133797265625 0.350135888671875 0.10556403515625 0.34399315234375 0 0.26072496875 0
1 0.34399315234375 0 0.3528659921875 0.116484455078125 0.43203901953125 0.10920417578125 0.422483654296875 0 0.34399315234375 0
1 0.42794386328125 0 0.44022933203125 0.107990794921875 0.512577099609375 0.101923896484375 0.50233920703125 0 0.42794386328125 0
1 0.503021734375 0 0.51598973046875 0.10435065625 0.58424233984375 0.101923896484375 0.5753695 0 0.503021734375 0
1 0.577417078125 0 0.591067599609375 0.095856998046875 0.660002736328125 0.091003478515625 0.643622109375 0 0.577417078125 0
1 0.647034740234375 0 0.6634153671875 0.09343023828125 0.72893787109375 0.091003478515625 0.71255724609375 0 0.647034740234375 0
1 0.715287349609375 0 0.7296203984375 0.091003478515625 0.7978730078125 0.083723201171875 0.77807975 0 0.715287349609375 0
1 0.858617830078125 0.082509822265625 0.841554677734375 0 0.780127330078125 0.00121337890625 0.7978730078125 0.084936580078125 0.858617830078125 0.082509822265625