1 0.79103546484375 0.56578269921875 0.798785935546875 0.40491865625 0.723982279296875 0.416709482421875 0.724031203125 0.5668101171875 0.79103546484375 0.56578269921875
1 0.565603197265625 0.596800888671875 0.5603397265625 0.441122849609375 0.48255982421875 0.4604480625 0.49981593359375 0.606585806640625 0.565603197265625 0.596800888671875
1 0.707378498046875 0.88124844140625 0.7064183515625 0.766520283203125 0.63980548828125 0.776354126953125 0.644437015625 0.880563498046875 0.707378498046875 0.88124844140625
1 0.522074583984375 0.902530638671875 0.51216327734375 0.791276125 0.4466369453125 0.8069319921875 0.4637829765625 0.913342970703125 0.522074583984375 0.902530638671875
1 0.399516453125 0.920094564453125 0.3809801484375 0.819652384765625 0.32008126953125 0.827676017578125 0.343962583984375 0.93663107421875 0.399516453125 0.920094564453125
1 0.35338056640625 0.627036283203125 0.330106732421875 0.494499578125 0.256889048828125 0.504724814453125 0.285246962890625 0.639903451171875 0.35338056640625 0.627036283203125
1 0.21618990625 0.948617599609375 0.1920700859375 0.85292110546875 0.129454765625 0.85957484765625 0.164437884765625 0.957570798828125 0.21618990625 0.948617599609375
1 0.09250243359375 0.978021275390625 0.057062685546875 0.869751166015625 0.038573494140625 0.86790361328125 0.04620346484375 0.97929331640625 0.09250243359375 0.978021275390625
1 0.204272693359375 0.64323032421875 0.176371408203125 0.518325849609375 0.101698216796875 0.53305215234375 0.140658498046875 0.66465929296875 0.204272693359375 0.64323032421875
1 0.1414188671875 0.663142630859375 0.103349421875 0.532954302734375 0.027524466796875 0.540390841796875 0.07417609765625 0.677428609375 0.1414188671875 0.663142630859375
1 0.072590125 0.678994197265625 0.02669886328125 0.540439765625 0.03137523828125 0.6829081640625 0.072590125 0.678994197265625
0 0.895452310546875 0.75725135546875 0.974769681640625 0.5977285859375 0.939106271484375 0.545412197265625 0.90646381640625 0.57637577734375 0.89571369140625 0.57943192578125 0.84725266796875 0.698420548828125 0.895452310546875 0.75725135546875
0 0.93026791015625 0.57617471484375 0.958706486328125 0.343465296875 0.88202637890625 0.3480093046875 0.868908744140625 0.55803890234375 0.93026791015625 0.57617471484375
0 1 0.35219163671875 0.936872802734375 0.51046758203125 0.988215716796875 0.578788525390625 1 0.55653684765625 1 0.35219163671875
0 0.8611611484375 0.628651955078125 0.873598521484375 0.372699744140625 0.802776029296875 0.386573037109375 0.79703402734375 0.609470619140625 0.8611611484375 0.628651955078125
0 0.6943576388888888 0.510105613425926 0.08092447916666679 0.26485098379629624
0 0.6001085069444444 0.5264612268518518 0.08665364583333335 0.2622685185185185
0 0.6171440972222222 0.8436704282407408 0.07276475694444429 0.21274594907407396
0 0.5532552083333333 0.8601851851851852 0.06642795138888902 0.2016565393518519
0 0.4530164930555556 0.5655309606481481 0.09364149305555558 0.2880063657407408
0 0.3830295138888889 0.5990523726851852 0.0903428819444444 0.25761718749999996
0 0.4253689236111111 0.8687427662037037 0.08359375000000002 0.2153356481481481
0 0.4072048611111111 0.010215928819444445 0.07022569444444438 0.02043185763888889
0 0.30305989583333337 0.02141203703703704 0.07389322916666674 0.04282407407407408
0 0.2091579861111111 0.04299045138888889 0.09019097222222222 0.08598090277777778
0 0.141015625 0.04956597222222222 0.06816406250000001 0.09913194444444444
0 0.3487691484375 0.963822685546875 0.318549498046875 0.83498201171875 0.264423546875 0.841818126953125 0.293036376953125 0.98043042578125 0.3487691484375 0.963822685546875
0 0.279928794921875 0.976368966796875 0.24640501953125 0.83441903515625 0.18826117578125 0.84270280078125 0.223356587890625 0.989397798828125 0.279928794921875 0.976368966796875
0 0.1645157265625 0.981998708984375 0.112187607421875 0.830277154296875 0.05124062109375 0.8520320859375 0.101211287109375 0.9966360390625 0.1645157265625 0.981998708984375
0 0.2915803515625 0.718044220703125 0.239248880859375 0.47439701953125 0.170783841796875 0.4953879140625 0.2272940546875 0.74120658984375 0.2915803515625 0.718044220703125