0 0.078125 0.6767578125 0.1123046875 0.341796875
0 0.2998046875 0.6904296875 0.087890625 0.263671875
0 0.4033203125 0.712890625 0.0810546875 0.30859375
0 0.5078125 0.7177734375 0.078125 0.296875
0 0.625 0.7294921875 0.0908203125 0.34765625
0 0.7255859375 0.6884765625 0.0888671875 0.2666015625
0 0.8232421875 0.703125 0.09375 0.349609375
0 0.8984375 0.7099609375 0.078125 0.3525390625
0 0.06640625 0.0595703125 0.1015625 0.119140625
0 0.158203125 0.0712890625 0.080078125 0.1416015625
0 0.240234375 0.0654296875 0.072265625 0.130859375
0 0.384765625 0.068359375 0.0732421875 0.1357421875
0 0.4794921875 0.0712890625 0.0751953125 0.1416015625
0 0.63671875 0.078125 0.0673828125 0.1552734375
0 0.71875 0.06640625 0.0703125 0.1328125
0 0.884765625 0.0712890625 0.0751953125 0.1416015625
1 0.1962890625 0.681640625 0.095703125 0.26953125
1 0.3154296875 0.056640625 0.072265625 0.11328125
1 0.5556640625 0.0556640625 0.0830078125 0.111328125
1 0.798828125 0.0595703125 0.0859375 0.119140625
1 0.9609375 0.0654296875 0.078125 0.130859375