1 0.99921820703125 0.514473005859375 0.997853154296875 0.31790548828125 0.95212390625 0.321545626953125 0.987615263671875 0.515686384765625 0.99921820703125 0.514473005859375
1 0.984885158203125 0.516899763671875 0.94939380078125 0.326399146484375 0.877728560546875 0.33974632421875 0.916632548828125 0.53752721875 0.984885158203125 0.516899763671875
1 0.890696556640625 0.440456841796875 0.873633404296875 0.342173083984375 0.798555533203125 0.354306880859375 0.816301212890625 0.4671511953125 0.890696556640625 0.440456841796875
1 0.814253634765625 0.464724435546875 0.7978730078125 0.35794701953125 0.719382505859375 0.37978785546875 0.743270919921875 0.48899203125 0.814253634765625 0.464724435546875
1 0.664097892578125 0.621250419921875 0.635431796875 0.406482208984375 0.550798560546875 0.41376248828125 0.577417078125 0.646731396484375 0.664097892578125 0.621250419921875
0 0.765111755859375 0.620037041015625 0.715969875 0.347026603515625 0.643622109375 0.34945336328125 0.68662125390625 0.640664498046875 0.765111755859375 0.620037041015625
0 0.57809960546875 0.664932091796875 0.548750982421875 0.4271096640625 0.48186342578125 0.4307498046875 0.509846994140625 0.6879863046875 0.57809960546875 0.664932091796875
0 0.486641107421875 0.68191940625 0.463435220703125 0.40769558984375 0.396547662109375 0.40405544921875 0.416340919921875 0.711040521484375 0.486641107421875 0.68191940625
0 0.391087453125 0.74865529296875 0.36378641015625 0.429536423828125 0.2887085390625 0.42589628515625 0.308501796875 0.77656302734375 0.391087453125 0.74865529296875
0 0.2825658046875 0.77292288671875 0.268232755859375 0.4792849921875 0.196567515625 0.492632169921875 0.20339277734375 0.791123583984375 0.2825658046875 0.77292288671875
0 0.17950436328125 0.8081108984375 0.17540920703125 0.48899203125 0.08941091796875 0.4950589296875 0.0900934453125 0.820244697265625 0.17950436328125 0.8081108984375
1 0.031396201171875 0 0.02934862109375 0.054602087890625 0.122172171875 0.03882815234375 0.120807119140625 0 0.031396201171875 0
1 0.126267328125 0 0.126949853515625 0.043681669921875 0.217043298828125 0.02548097265625 0.2143131953125 0 0.126267328125 0
1 0.219090876953125 0 0.2163607734375 0.027907732421875 0.305089166015625 0.01698731640625 0.30167653515625 0 0.219090876953125 0