0 0.1890798828125 0.99978485546875 0.214841408203125 0.79758117578125 0.127835498046875 0.780298810546875 0.08700591015625 1 0.1890798828125 0.99978485546875
0 0.3662109375 0.9306640625 0.08203125 0.138671875
0 0.4697265625 0.9365234375 0.0830078125 0.1259765625
0 0.5810546875 0.94140625 0.080078125 0.1171875
0 0.7060546875 0.9423828125 0.087890625 0.1142578125
0 0.81640625 0.9404296875 0.091796875 0.1181640625
0 0.9189453125 0.9306640625 0.1044921875 0.138671875
0 0.9794921875 0.9375 0.041015625 0.125
0 1 0.33787025 0.978938001953125 0.18664955078125 0.91040262109375 0.203067796875 0.934219880859375 0.451069744140625 1 0.459710927734375 1 0.33787025
0 0.79296875 0.3017578125 0.083984375 0.26171875
0 0.7138671875 0.3125 0.0810546875 0.2626953125
0 0.5537109375 0.3203125 0.0654296875 0.2431640625
0 0.470703125 0.3291015625 0.072265625 0.2373046875
0 0.3369140625 0.3037109375 0.076171875 0.2236328125
0 0.299416986328125 0.0492547421875 0.2211602734375 0.195290732421875 0.246435734375 0.248001947265625 0.26296199609375 0.227263107421875 0.2833767890625 0.235040173828125 0.346079373046875 0.118384205078125 0.299416986328125 0.0492547421875
0 0.1730396875 0.432059142578125 0.244977533203125 0.27997432421875 0.20366187890625 0.210844861328125 0.11811416796875 0.363793796875 0.1730396875 0.432059142578125
0 0 0.678332853515625 0.019928728515625 0.680925208984375 0.1288076328125 0.47094446484375 0.07193784765625 0.400950884765625 0 0.525383916015625 0 0.678332853515625
0 0.98046875 0.048828125 0.0390625 0.09765625
0 0.9140625 0.041015625 0.0673828125 0.08203125
0 0.7802734375 0.056640625 0.07421875 0.1123046875
0 0.6416015625 0.0439453125 0.056640625 0.087890625
0 0.5751953125 0.0498046875 0.0595703125 0.099609375
1 0.485018267578125 0 0.47704973046875 0.07460911328125 0.619420919921875 0.071775857421875 0.548766560546875 0 0.485018267578125 0
1 0.678388091796875 0 0.678388091796875 0.078386791015625 0.747979978515625 0.079331208984375 0.744261328125 0 0.678388091796875 0
1 0.81385321484375 0 0.818634337890625 0.07460911328125 0.890882404296875 0.075553533203125 0.88450757421875 0 0.81385321484375 0
1 0.67201326171875 0.4221553671875 0.67201326171875 0.272937138671875 0.59657778125 0.269159462890625 0.5933903671875 0.421210947265625 0.67201326171875 0.4221553671875
1 0.434550869140625 0.411766755859375 0.446769291015625 0.2587708515625 0.3808960546875 0.25593759375 0.362302802734375 0.408933498046875 0.434550869140625 0.411766755859375
1 0.30546057421875 0.9991954765625 0.321397646484375 0.8414774765625 0.225243970703125 0.8358109609375 0.200275888671875 1 0.30546057421875 0.9991954765625
1 0.924089548828125 0.42708433203125 0.907790423828125 0.282203216796875 0.8305467421875 0.275904037109375 0.84046794921875 0.42204498828125 0.924089548828125 0.42708433203125