0 0.5910373263888888 0.42270688657407407 0.08633535879629628 0.250904224537037
0 0.6587456597222222 0.4076605902777778 0.09118200231481488 0.2501085069444444
0 0.4303023726851852 0.13783998842592593 0.06275318287037035 0.19346788194444442
0 0.4912471064814815 0.12449363425925927 0.06571903935185186 0.1945529513888889
0 0.6219256365740741 0.12445746527777779 0.08242910879629628 0.19809751157407407
0 0.44104456018518523 0.4542100694444444 0.07638888888888884 0.24565972222222232
0 0.3486328125 0.4605396412037037 0.08416521990740744 0.24497251157407396
0 0.6281828703703705 0.9927300347222222 0.07161458333333348 0.01453993055555558
0 0.7304325810185186 0.9867621527777778 0.0780526620370372 0.02647569444444442
0 0.8271122685185186 0.9620949074074074 0.0917245370370372 0.07581018518518512
0 0.9012225115740742 0.9606843171296297 0.07631655092592604 0.0786313657407407
0 0.138702029296875 0.38078403125 0.200243529296875 0.2595490078125 0.152473091796875 0.194491390625 0.063469919921875 0.349415826171875 0.1059969453125 0.396925984375 0.129350958984375 0.376354576171875 0.138702029296875 0.38078403125
0 0.105005521484375 0.385660689453125 0.07972071875 0.60215028515625 0.16366740234375 0.605259421875 0.177755529296875 0.396521375 0.106351869140625 0.3755027578125 0.105005521484375 0.385660689453125
0 0.0228665859375 0.61739783203125 0.10602060546875 0.428571033203125 0.0566388125 0.366516076171875 0.01689202734375 0.44058166796875 0.0228665859375 0.61739783203125
0 0.243989126953125 0.572507013671875 0.2479240546875 0.353185123046875 0.181846623046875 0.33644689453125 0.166972931640625 0.58598703515625 0.243989126953125 0.572507013671875
0 0.779673931640625 0.184035322265625 0.747584048828125 0.03075063671875 0.70150305078125 0.0423140703125 0.727767443359375 0.1933414375 0.779673931640625 0.184035322265625
0 0.855230205078125 0.17764668359375 0.8204925859375 0.030388615234375 0.76919893359375 0.040738205078125 0.803051609375 0.195108958984375 0.855230205078125 0.17764668359375
0 0.996213216796875 0.1859306171875 0.94008786328125 0.034818068359375 0.878641009765625 0.034583818359375 0.93334430078125 0.193809935546875 0.996213216796875 0.1859306171875
0 0.866187900390625 0.520013716796875 0.820757595703125 0.285593345703125 0.75325100390625 0.29228012109375 0.804461841796875 0.54324705859375 0.866187900390625 0.520013716796875
1 0.406764486328125 0.207992708984375 0.4021765 0.099620138671875 0.3394661171875 0.096276751953125 0.338531482421875 0.210569458984375 0.406764486328125 0.207992708984375
1 0.319666076171875 0.553873490234375 0.32038775390625 0.402824828125 0.254303224609375 0.401398033203125 0.242347009765625 0.559176056640625 0.319666076171875 0.553873490234375
1 0.56128430859375 0.53526126171875 0.545407361328125 0.385639392578125 0.476940109375 0.397394486328125 0.482429603515625 0.545610853515625 0.56128430859375 0.53526126171875
1 0.790177322265625 0.514136171875 0.76045596875 0.37829246484375 0.688773099609375 0.38074144140625 0.7128203984375 0.518416556640625 0.790177322265625 0.514136171875
1 0.59862470703125 0.194683048828125 0.582000052734375 0.086885455078125 0.52212669921875 0.082626365234375 0.533266587890625 0.19736627734375 0.59862470703125 0.194683048828125
1 0.72570178515625 0.1840779140625 0.700566048828125 0.07902743359375 0.646170359375 0.08313745703125 0.661380044921875 0.183737185546875 0.72570178515625 0.1840779140625
1 0.919514087890625 0.176965232421875 0.883453783203125 0.071510138671875 0.82936805859375 0.06848618359375 0.852468896484375 0.18060675390625 0.919514087890625 0.176965232421875
1 0.941441306640625 0.505447626953125 0.900106828125 0.366111462890625 0.83865287890625 0.381188646484375 0.866535728515625 0.513901921875 0.941441306640625 0.505447626953125
1 1 0.4586293671875 0.970064763671875 0.363598599609375 0.90305743359375 0.3682623046875 0.941403447265625 0.504425443359375 1 0.50245674609375 1 0.4586293671875
1 1 0.355858029296875 0.97102542578125 0.35853028125 1 0.449928794921875 1 0.355858029296875
1 1 0.064721091796875 0.95571162890625 0.06908245703125 0.988783470703125 0.171364525390625 1 0.171779953125 1 0.064721091796875