1 0.214050548828125 0 0.17163984375 0.003141533203125 0.204325580078125 0.280175263671875 0.2891470078125 0.2738921953125 0.264607095703125 0 0.214050548828125 0
1 0.32996674609375 0.6791501328125 0.3487617578125 0.84027777734375 0.41146751953125 0.821759259765625 0.401454107421875 0.66989087109375 0.32996674609375 0.6791501328125
1 0.562726888671875 0.620287697265625 0.5711245234375 0.8059689140625 0.63808880859375 0.801008595703125 0.640881283203125 0.612516533203125 0.562726888671875 0.620287697265625
1 0.811816578125 0.587962962890625 0.802063125 0.794808201171875 0.870261060546875 0.781828705078125 0.8932603984375 0.5839120390625 0.811816578125 0.587962962890625
0 0.04541377314814815 0.5832971643518519 0.0908275462962963 0.2591869212962963
0 0.1413990162037037 0.7933304398148149 0.11153790509259259 0.21994357638888884
0 0.23791956018518517 0.9286024305555556 0.10800781250000002 0.1133535879629628
0 0.22758246527777778 0.7703631365740741 0.08142361111111113 0.22844328703703698
0 0.3023003472222222 0.7970196759259259 0.07949942129629628 0.23025173611111116
0 0.4405164930555555 0.7516637731481481 0.07473234953703711 0.23770254629629628
0 0.5294560185185185 0.7401982060185185 0.07088396990740731 0.24131944444444442
0 0.6874565972222222 0.7421513310185186 0.08108362268518521 0.27133969907407396
0 0.7665002893518518 0.7401982060185185 0.08022280092592604 0.27907986111111116
0 0.9308810763888888 0.7065610532407407 0.09191261574074083 0.2779947916666665
0 0.1236328125 0.15566225405092593 0.1326027199074074 0.31132450810185186
0 0.33796296296296297 0.11603009259259259 0.09360532407407407 0.23206018518518517
0 0.44548611111111114 0.10516131365740741 0.09047309027777772 0.21032262731481483
0 0.5550057870370371 0.09136284722222222 0.09116030092592586 0.18272569444444445
0 0.6741030092592593 0.08971715856481481 0.08245804398148149 0.17943431712962962
0 0.780519386574074 0.08796296296296297 0.0952112268518519 0.17592592592592593
0 0.8868344907407407 0.09302662037037036 0.10719039351851856 0.18605324074074073
0 0.961009837962963 0.09266493055555555 0.07798032407407396 0.1853298611111111