0 0.9416937934027778 0.3716796875 0.11661241319444438 0.36002604166666674
0 0.7236472800925926 0.3439453125 0.10432581018518516 0.283203125
0 0.6178819444444444 0.31549479166666666 0.10893373842592591 0.31171875000000004
0 0.513621238425926 0.31243489583333334 0.09934172453703694 0.3139973958333333
0 0.39764178240740744 0.30859375 0.11348379629629624 0.3392578125
0 0.2988498263888889 0.3321614583333333 0.1079427083333333 0.27858072916666665
0 0.19981192129629627 0.31875 0.11916956018518521 0.33671874999999996
0 0.1259910300925926 0.3041015625 0.10050636574074073 0.3500651041666667
0 0.9699291087962962 0.9615071614583333 0.06014178240740753 0.07698567708333348
0 0.9080295138888889 0.947265625 0.07589699074074074 0.10546875
0 0.8301432291666666 0.9649088541666666 0.08713831018518503 0.07018229166666679
0 0.6834201388888889 0.9396484375 0.08370949074074074 0.12070312499999991
0 0.5839265046296296 0.9384928385416667 0.08537326388888888 0.1230143229166667
0 0.4263020833333333 0.942919921875 0.08812210648148144 0.11416015625000009
0 0.34748987268518516 0.9450520833333333 0.07978877314814814 0.1098958333333333
0 0.18296440972222222 0.9318684895833333 0.08944589120370372 0.1362630208333333
1 0.8327980324074074 0.3638671875 0.10615596064814836 0.26484375000000004
1 0.7506365740740741 0.9569986979166667 0.06715133101851833 0.08600260416666661
1 0.5077618634259259 0.9525716145833334 0.08047598379629628 0.09485677083333321
1 0.2674696180555555 0.9432291666666667 0.08748553240740742 0.11354166666666665
1 0.10633680555555555 0.9379231770833334 0.08357928240740742 0.12415364583333321