1 0.255859375 0.7158203125 0.0771484375 0.2978515625
1 0.384765625 0.087890625 0.05859375 0.17578125
1 0.619140625 0.08984375 0.0703125 0.1796875
1 0.861328125 0.0869140625 0.0732421875 0.1630859375
0 0.0498046875 0.2958984375 0.099609375 0.263671875
0 0.1513671875 0.7041015625 0.111328125 0.3291015625
0 0.3583984375 0.73828125 0.0859375 0.2861328125
0 0.4560546875 0.7529296875 0.0791015625 0.3037109375
0 0.5673828125 0.7763671875 0.0771484375 0.3076171875
0 0.6865234375 0.7841796875 0.0947265625 0.345703125
0 0.791015625 0.7412109375 0.0986328125 0.275390625
0 0.8974609375 0.76171875 0.1025390625 0.349609375
0 0.966796875 0.7626953125 0.06640625 0.34765625
0 0.150390625 0.0849609375 0.1015625 0.169921875
0 0.2392578125 0.103515625 0.078125 0.2060546875
0 0.30859375 0.1015625 0.068359375 0.2021484375
0 0.447265625 0.1044921875 0.0634765625 0.2080078125
0 0.541015625 0.0947265625 0.0634765625 0.1884765625
0 0.7041015625 0.09765625 0.083984375 0.1953125
0 0.78515625 0.0849609375 0.07421875 0.169921875
0 0.9521484375 0.09765625 0.087890625 0.1953125