1 0.22960069444444445 0.27838541666666666 0.0881076388888889 0.27473958333333337
1 0.38393373842592593 0.9034505208333333 0.07573784722222221 0.15117187499999996
1 0.6197916666666667 0.875 0.07472511574074092 0.17643229166666674
1 0.8587962962962963 0.8522135416666667 0.0869502314814814 0.1908854166666667
1 0.9918348524305556 0.8470052083333334 0.01633029513888884 0.17792968750000004
0 0.1181640625 0.2828776041666667 0.13158275462962965 0.3438802083333333
0 0.3330078125 0.24212239583333334 0.10152633101851849 0.29511718750000004
0 0.4380063657407407 0.22239583333333332 0.10091145833333326 0.33111979166666666
0 0.5411603009259259 0.20572916666666669 0.09747540509259256 0.3172526041666667
0 0.6597945601851851 0.18411458333333333 0.10315393518518512 0.3390625
0 0.762767650462963 0.2154296875 0.1064453125 0.27011718749999997
0 0.8598813657407407 0.19427083333333334 0.1200810185185186 0.34895833333333337
0 0.9390552662037037 0.19095052083333333 0.0971498842592593 0.3610677083333333
0 0.05805121527777778 0.7479817708333334 0.06879340277777778 0.22669270833333321
0 0.14742476851851855 0.9143229166666667 0.10438368055555558 0.16184895833333335
0 0.2248263888888889 0.8895833333333333 0.08043981481481477 0.19921875
0 0.3070746527777778 0.8899739583333333 0.08199508101851849 0.18860677083333321
0 0.44838686342592593 0.8727213541666667 0.07964409722222221 0.2040364583333334
0 0.5384837962962963 0.8735677083333333 0.0791377314814814 0.1903645833333334
0 0.7006293402777778 0.8637369791666667 0.0849247685185186 0.18880208333333348
0 0.7766927083333333 0.8557291666666667 0.08315248842592604 0.19355468750000004
0 0.9413339120370371 0.833984375 0.080078125 0.2157552083333334