0 0.1913845486111111 0.69140625 0.12458043981481481 0.3154296875
0 0.39770688657407405 0.7333984375 0.09461082175925917 0.259765625
0 0.5019748263888888 0.7587890625 0.09470486111111098 0.2958984375
0 0.6058666087962963 0.771484375 0.09717881944444451 0.3134765625
0 0.7253544560185186 0.783203125 0.10112123842592591 0.34765625
0 0.8300130208333334 0.755859375 0.10734230324074057 0.2939453125
0 0.9340205439814815 0.7724609375 0.12222945601851842 0.3349609375
0 0.9865668402777779 0.78515625 0.026866319444444287 0.3515625
0 0.07221498842592593 0.294921875 0.1334201388888889 0.2841796875
0 0.18128616898148148 0.0869140625 0.10553385416666666 0.1669921875
0 0.2616825810185185 0.09765625 0.08195891203703698 0.1953125
0 0.33564091435185184 0.0888671875 0.07753182870370368 0.177734375
0 0.47256221064814813 0.095703125 0.07497829861111105 0.1904296875
0 0.5683810763888889 0.099609375 0.0810691550925926 0.1982421875
0 0.7273003472222221 0.0908203125 0.08448350694444429 0.181640625
0 0.8105685763888889 0.099609375 0.0888816550925926 0.1982421875
0 0.96875 0.1025390625 0.0625 0.205078125
1 0.40790653935185184 0.0888671875 0.058000578703703676 0.177734375
1 0.6443214699074074 0.091796875 0.0737991898148147 0.18359375
1 0.890357349537037 0.08984375 0.08149594907407409 0.1796875
1 0.29711371527777775 0.7001953125 0.08062789351851851 0.2822265625