0 0.7416160300925926 0.33721788194444446 0.10528067129629637 0.32891348379629637
0 0.6457971643518519 0.3467954282407407 0.09849537037037037 0.2973162615740741
0 0.5463035300925927 0.34879195601851853 0.09052372685185173 0.35728443287037037
0 0.4452835648148148 0.3694010416666667 0.08232783564814805 0.3109809027777778
0 0.35128038194444444 0.3506004050925926 0.08229166666666665 0.2768590856481481
0 0.16935040509259258 0.37112991898148145 0.11027199074074079 0.29996383101851853
1 0.27097077546296294 0.363158275462963 0.10951967592592593 0.2745732060185184
1 0.8885127314814815 0.9397424768518519 0.08628472222222228 0.01681134259259265
1 0.8028356481481481 0.9360460069444445 0.08778211805555558 0.034447337962963065
1 0.7139973958333333 0.9403356481481482 0.08367332175925934 0.0273799189814814
1 0.6290364583333333 0.9453703703703704 0.08367332175925934 0.0273799189814814
1 0.5454282407407407 0.9376519097222222 0.08637876157407409 0.05288628472222223
1 0.4633680555555556 0.9434895833333334 0.08827401620370368 0.051048900462963065
1 0.37964409722222225 0.9396773726851853 0.08807870370370363 0.07735821759259265
1 0.2974971064814815 0.9484447337962962 0.08491753472222219 0.0693721064814814
1 0.21457609953703705 0.9504340277777777 0.08216145833333333 0.07505787037037037
1 0.13444010416666669 0.9571325231481481 0.08095341435185188 0.06718749999999996
1 0.05654658564814816 0.9539496527777778 0.08736255787037037 0.08608940972222223
1 0 0.998244169921875 0.017824076171875 0.997187927734375 0.014388603515625 0.9181654453125 0 0.91540047265625 0 0.998244169921875
1 0.133941072265625 0.509703513671875 0.124187986328125 0.3709432265625 0.049079962890625 0.371234720703125 0.052505888671875 0.489573197265625 0.133941072265625 0.509703513671875
1 0 0.490004564453125 0.046657125 0.49199946484375 0.044388603515625 0.373592400390625 0 0.37289213671875 0 0.490004564453125