0 0.933975916015625 0.74144480078125 0.9013716640625 0.43713846484375 0.8117099765625 0.435930900390625 0.849069013671875 0.755935578125 0.933975916015625 0.74144480078125
0 0.7240860546875 0.751105318359375 0.7077839296875 0.485441056640625 0.635782876953125 0.49027131640625 0.6466509609375 0.7607658359375 0.7240860546875 0.751105318359375
0 0.6283110703125 0.75835070703125 0.618801498046875 0.446798982421875 0.548158955078125 0.45766706640625 0.5549515078125 0.75472801171875 0.6283110703125 0.75835070703125
1 0.999184416015625 0.590499197265625 0.984920056640625 0.468535150390625 0.8993338984375 0.464912455078125 0.91903230078125 0.598952150390625 0.999184416015625 0.590499197265625
1 0.8218988046875 0.726954021484375 0.800162638671875 0.485441056640625 0.710500951171875 0.485441056640625 0.726803076171875 0.72936915234375 0.8218988046875 0.726954021484375
1 0.987637078125 0.0362269453125 0.98424080078125 0.00241512890625 0.9054471953125 0 0.9095227265625 0.039849638671875 0.987637078125 0.0362269453125
1 0.82121955078125 0 0.824615826171875 0.039849638671875 0.906126451171875 0.037434509765625 0.8993338984375 0 0.82121955078125 0
1 0.7383504140625 0 0.74174669140625 0.043472333984375 0.822578060546875 0.03864207421875 0.8178232734375 0 0.7383504140625 0
1 0.655481279296875 0 0.658198298828125 0.043472333984375 0.7383504140625 0.0446798984375 0.73359562890625 0 0.655481279296875 0
1 0.570574376953125 0 0.5732913984375 0.04951015625 0.6548020234375 0.0446798984375 0.652085001953125 0 0.570574376953125 0
1 0.570574376953125 0.05071772265625 0.568536611328125 0 0.48838449609375 0.00241512890625 0.4877052421875 0.05917067578125 0.570574376953125 0.05071772265625
1 0.405515361328125 0 0.405515361328125 0.0603782421875 0.48838449609375 0.055547982421875 0.4856674765625 0 0.405515361328125 0
1 0.32332548046875 0 0.321966970703125 0.066416064453125 0.4041568515625 0.0603782421875 0.4041568515625 0 0.32332548046875 0
1 0.242494109375 0 0.24181485546875 0.066416064453125 0.321966970703125 0.0603782421875 0.321966970703125 0 0.242494109375 0
0 0.525743533203125 0.804238169921875 0.51691321484375 0.456459501953125 0.4428743984375 0.463704890625 0.44559141796875 0.8090684296875 0.525743533203125 0.804238169921875
0 0.4224967421875 0.77525661328125 0.432006314453125 0.49389401171875 0.364760048828125 0.4926864453125 0.349137177734375 0.77404905078125 0.4224967421875 0.77525661328125
0 0.330797287109375 0.7933700859375 0.34166537109375 0.49389401171875 0.269664318359375 0.485441056640625 0.24589038671875 0.789747392578125 0.330797287109375 0.7933700859375
1 0.162030669921875 0 0.157077767578125 0.062894001953125 0.238446880859375 0.0603782421875 0.2405695546875 0 0.162030669921875 0
1 0.08419934375 0 0.07712376953125 0.072957041015625 0.15778532421875 0.06918340234375 0.162030669921875 0 0.08419934375 0
0 0.001415115234375 0 0 0.11069344140625 0.067925521484375 0.099372521484375 0.07358598046875 0 0.001415115234375 0