1 0.23883928515625 0.99603174609375 0.2433035703125 0.938492064453125 0.13727678515625 0.9464285703125 0.1316964296875 0.99603174609375 0.23883928515625 0.99603174609375
1 0.35491071484375 0.498015873046875 0.364955357421875 0.34722222265625 0.299107142578125 0.337301587890625 0.28125 0.498015873046875 0.35491071484375 0.498015873046875
1 0.595982142578125 0.49603174609375 0.59040178515625 0.33134920703125 0.52008928515625 0.33134920703125 0.517857142578125 0.49603174609375 0.595982142578125 0.49603174609375
1 0.8292410703125 0.466269841796875 0.8113839296875 0.333333333984375 0.736607142578125 0.335317458984375 0.75446428515625 0.470238095703125 0.8292410703125 0.466269841796875
1 0.98772321484375 0.466269841796875 0.958705357421875 0.33134920703125 0.89397321484375 0.34325396875 0.91071428515625 0.47222222265625 0.98772321484375 0.466269841796875
1 0.45758928515625 0.1488095234375 0.46428571484375 0.03571428515625 0.4051339296875 0.03174603125 0.396205357421875 0.1488095234375 0.45758928515625 0.1488095234375
1 0.654017857421875 0.142857142578125 0.6484375 0.02777777734375 0.58928571484375 0.03571428515625 0.59040178515625 0.142857142578125 0.654017857421875 0.142857142578125
1 0.7890625 0.1329365078125 0.77008928515625 0.01984126953125 0.713169642578125 0.029761904296875 0.72321428515625 0.142857142578125 0.7890625 0.1329365078125
1 0.9854910703125 0.130952380859375 0.9609375 0.029761904296875 0.90625 0.037698412109375 0.92522321484375 0.134920634765625 0.9854910703125 0.130952380859375
0 0.013671875 0.599609375 0.0263671875 0.150390625
0 0.080078125 0.9560546875 0.1083984375 0.0869140625
0 0.294921875 0.9765625 0.07421875 0.046875
0 0.404296875 0.978515625 0.0625 0.04296875
0 0.5166015625 0.974609375 0.076171875 0.05078125
0 0.6337890625 0.970703125 0.07421875 0.05859375
0 0.7431640625 0.970703125 0.08203125 0.05859375
0 0.8388671875 0.951171875 0.080078125 0.09765625
0 0.9169921875 0.9541015625 0.0654296875 0.0908203125
0 0.075892857421875 0.521825396484375 0.15625 0.369047619140625 0.1082589296875 0.28571428515625 0.0223214296875 0.466269841796875 0.075892857421875 0.521825396484375
0 0.205357142578125 0.138888888671875 0.1328125 0.291666666015625 0.158482142578125 0.329365080078125 0.177455357421875 0.309523810546875 0.19196428515625 0.3055555546875 0.26116071484375 0.182539681640625 0.205357142578125 0.138888888671875
0 0.19866071484375 0.537698412109375 0.2254464296875 0.317460318359375 0.1651785703125 0.3035714296875 0.12834821484375 0.52777777734375 0.19866071484375 0.537698412109375
0 0.279017857421875 0.521825396484375 0.30133928515625 0.28174603125 0.234375 0.2738095234375 0.20758928515625 0.51190476171875 0.279017857421875 0.521825396484375
0 0.419642857421875 0.5238095234375 0.4285714296875 0.289682541015625 0.37053571484375 0.289682541015625 0.35602678515625 0.51984126953125 0.419642857421875 0.5238095234375
0 0.5145089296875 0.515873015625 0.5167410703125 0.283730158203125 0.455357142578125 0.287698412109375 0.4464285703125 0.51984126953125 0.5145089296875 0.515873015625
0 0.674107142578125 0.501984126953125 0.658482142578125 0.2420634921875 0.595982142578125 0.25 0.6015625 0.5079365078125 0.674107142578125 0.501984126953125
0 0.74553571484375 0.48809523828125 0.720982142578125 0.240079365234375 0.6651785703125 0.24603174609375 0.67522321484375 0.48809523828125 0.74553571484375 0.48809523828125
0 0.908482142578125 0.48809523828125 0.880580357421875 0.240079365234375 0.814732142578125 0.25396825390625 0.84375 0.50396825390625 0.908482142578125 0.48809523828125
0 0.46428571484375 0 0.463169642578125 0.001984126953125 0.463169642578125 0.186507935546875 0.5145089296875 0.184523810546875 0.5167410703125 0 0.46428571484375 0
0 0.52678571484375 0 0.5301339296875 0.17460317578125 0.58258928515625 0.17460317578125 0.58147321484375 0 0.52678571484375 0
0 0.6484375 0 0.661830357421875 0.182539681640625 0.7254464296875 0.1785714296875 0.70647321484375 0 0.6484375 0
0 0.775669642578125 0 0.786830357421875 0.146825396484375 0.84821428515625 0.146825396484375 0.828125 0 0.775669642578125 0
0 0.84821428515625 0 0.869419642578125 0.158730158203125 0.927455357421875 0.15277777734375 0.90178571484375 0 0.84821428515625 0
0 0.982142857421875 0 0.96875 0.037698412109375 0.997767857421875 0.15079365234375 1 0 0.982142857421875 0