0 0.5607277199074074 0.020533130787037036 0.07360387731481488 0.04106626157407407
0 0.37907262731481484 0.019612630208333332 0.05501302083333326 0.039225260416666664
0 0.8767939814814815 0.22922453703703705 0.0737485532407407 0.20126591435185182
0 0.7793041087962963 0.2531322337962963 0.083984375 0.26488715277777775
0 0.6210069444444445 0.2427806712962963 0.0810691550925926 0.266796875
0 0.5497034143518518 0.24188368055555556 0.08501157407407423 0.2717375578703704
0 0.408080150462963 0.24105179398148147 0.088816550925926 0.25812355324074077
0 0.26489438657407405 0.03125542534722222 0.0698206018518519 0.06251085069444444
0 0.12136140046296297 0.035481770833333336 0.06694155092592594 0.07096354166666667
0 0.07155671296296295 0.035814525462962966 0.05717592592592591 0.07162905092592593
0 0.027662037037037037 0.04296875 0.055324074074074074 0.0859375
0 0.9661458333333333 0.9251880787037037 0.06770833333333348 0.12219328703703702
0 0.8593822337962963 0.9111979166666666 0.10464409722222223 0.1538773148148147
0 0.7352936921296296 0.904246238425926 0.10183738425925926 0.1704354745370371
0 0.6150390625 0.8874710648148147 0.1011429398148147 0.2085069444444443
0 0.5153501157407407 0.8782045717592593 0.09544270833333335 0.22990451388888888
0 0.4263671875 0.8638961226851851 0.0917607060185186 0.2601200810185187
0 0.36182002314814815 0.8521556712962963 0.08219039351851853 0.28634259259259265
1 0.74102037109375 0.344885888671875 0.73913241796875 0.196403697265625 0.661918982421875 0.198948638671875 0.658290947265625 0.347512548828125 0.74102037109375 0.344885888671875
1 0.506145052734375 0.341360326171875 0.51540321875 0.208124439453125 0.451596126953125 0.21187180859375 0.43679084375 0.3409867578125 0.506145052734375 0.341360326171875
1 0.468643998046875 0 0.46592407421875 0.018316126953125 0.526620681640625 0.02021899609375 0.52760740625 0 0.468643998046875 0
1 0.304312888671875 0 0.296086748046875 0.0350064921875 0.349318091796875 0.025700482421875 0.353603142578125 0 0.304312888671875 0
1 0.202139283203125 0 0.190144021484375 0.0429640625 0.2350550546875 0.04229871484375 0.2408160390625 0 0.202139283203125 0
1 0.157415869140625 0 0.143483857421875 0.05004337109375 0.193209060546875 0.0525007265625 0.20414344921875 0 0.157415869140625 0
1 0.3654801484375 0.34805747265625 0.380662419921875 0.21474821484375 0.324326609375 0.209194771484375 0.301320330078125 0.33729656640625 0.3654801484375 0.34805747265625
1 0.30015424609375 0.341572541015625 0.324326609375 0.209194771484375 0.268046 0.211093232421875 0.242053537109375 0.34030394140625 0.30015424609375 0.341572541015625
1 0.24204565234375 0.339239384765625 0.26504404296875 0.21007303125 0.209330703125 0.207704390625 0.1815496875 0.33800626953125 0.24204565234375 0.339239384765625
1 0.183338244140625 0.336915099609375 0.210536216796875 0.208751205078125 0.159030345703125 0.20844958203125 0.127033974609375 0.335619888671875 0.183338244140625 0.336915099609375
1 0.125867888671875 0.339895861328125 0.154846533203125 0.209576236328125 0.102221890625 0.21993793359375 0.073164390625 0.339611978515625 0.125867888671875 0.339895861328125
1 0.06656166796875 0.337580447265625 0.101599421875 0.216753130859375 0.0578702421875 0.215271623046875 0.018041978515625 0.336169908203125 0.06656166796875 0.337580447265625
1 0.0017821484375 0.24059007421875 0.002507625 0.338529396484375 0.02105970703125 0.3393192265625 0.05307184765625 0.21427803515625 0.008783283203125 0.218128185546875 0.0017821484375 0.24059007421875