1 0.88088978515625 0 0.859531236328125 0.0829317109375 0.92156250390625 0.095494232421875 0.9461621328125 0 0.88088978515625 0
1 0.80606164453125 0 0.790781236328125 0.069829861328125 0.8578124765625 0.079894380859375 0.858437513671875 0.078749865234375 0.87907521875 0 0.80606164453125 0
1 0.729299681640625 0 0.718124986328125 0.054152775390625 0.79031250390625 0.0678252109375 0.8052289453125 0 0.729299681640625 0
1 0.65000623046875 0 0.641562486328125 0.04006712890625 0.714687513671875 0.05284109765625 0.724870916015625 0 0.65000623046875 0
1 0.46959821875 0 0.468124986328125 0.008782408203125 0.556093763671875 0.01638695703125 0.55811902734375 0 0.46959821875 0
0 0.609375 0.04083658854166666 0.09375 0.08167317708333333
0 0.3369140625 0.012709780092592592 0.072265625 0.025419560185185184
0 0.4345703125 0.00022243923611110945 0.0576171875 0.0004448784722222189
0 0.4111328125 0.8321976273148148 0.06640625 0.1880135995370371
0 0.3427734375 0.8337890625 0.0634765625 0.16930700231481488
0 0.2724609375 0.8569661458333333 0.056640625 0.1933666087962962
0 0.631093763671875 0.751425806640625 0.60109374609375 0.90200039453125 0.668593763671875 0.916293716796875 0.69171874609375 0.825015966796875 0.67859375390625 0.751187017578125 0.631093763671875 0.751425806640625
0 0.70046875390625 0.708905703125 0.665781236328125 0.924922453125 0.73171875390625 0.933038041015625 0.77234375390625 0.7852487890625 0.74796874609375 0.706442740234375 0.70046875390625 0.708905703125
0 0.8109374765625 0.683213640625 0.75593750390625 0.879567814453125 0.82843749609375 0.891377705078125 0.88156249609375 0.746276521484375 0.860312486328125 0.68176551953125 0.8109374765625 0.683213640625
0 0.9109374765625 0.650226396484375 0.844687486328125 0.868423609375 0.91593749609375 0.8912889921875 0.991562486328125 0.726115734375 0.958437513671875 0.647763431640625 0.9109374765625 0.650226396484375
1 0.74640624609375 0.44586912890625 0.714218736328125 0.5821331015625 0.7664062265625 0.57716991015625 0.80515625390625 0.44504700390625 0.74640624609375 0.44586912890625
1 0.6851562265625 0.441260470703125 0.654843736328125 0.58104513671875 0.71140625390625 0.5777975859375 0.74640624609375 0.44586912890625 0.6851562265625 0.441260470703125
1 0.618906236328125 0.43913524609375 0.59328124609375 0.5794742421875 0.6539062265625 0.579666962890625 0.68390624609375 0.443549458984375 0.618906236328125 0.43913524609375
1 0.55265624609375 0.437010017578125 0.529843736328125 0.58058217578125 0.5914062265625 0.57957146484375 0.6195312265625 0.440214943359375 0.55265624609375 0.437010017578125
1 0.479531240234375 0.43857751171875 0.462656236328125 0.58406597265625 0.528281236328125 0.57950837109375 0.54890625390625 0.438316568359375 0.479531240234375 0.43857751171875
1 0.404531240234375 0.43245768359375 0.393906236328125 0.583464119140625 0.462656236328125 0.580686978515625 0.47765624609375 0.438674732421875 0.404531240234375 0.43245768359375
1 0.44640624609375 0.772686337890625 0.433749986328125 0.886953703125 0.49015624609375 0.879401900390625 0.50828123046875 0.762805529296875 0.44640624609375 0.772686337890625
1 0.50703125 0.769542818359375 0.492343736328125 0.878359953125 0.548281263671875 0.86749133984375 0.56515624609375 0.76319269140625 0.50703125 0.769542818359375
1 0.32374999609375 0.43368886328125 0.317343736328125 0.5902118046875 0.39187500390625 0.582511744140625 0.402499986328125 0.438502181640625 0.32374999609375 0.43368886328125
1 0.236874986328125 0.430408908203125 0.236093736328125 0.5902581015625 0.3156249765625 0.58646544921875 0.3218749765625 0.434898193359375 0.236874986328125 0.430408908203125
1 0.14375 0.433013482421875 0.152499986328125 0.594592591796875 0.23562500390625 0.585053185546875 0.235000013671875 0.43161823828125 0.14375 0.433013482421875
1 0.16749999609375 0.800750494140625 0.172031236328125 0.917190970703125 0.24249999609375 0.90806986328125 0.239999986328125 0.791430826171875 0.16749999609375 0.800750494140625
1 0.08937499609375 0.80702559375 0.103281236328125 0.92770023046875 0.171249986328125 0.91732471875 0.16374998046875 0.799832875 0.08937499609375 0.80702559375
1 0.04718749609375 0.4270792578125 0.061562513671875 0.59425834765625 0.150937486328125 0.59073615625 0.1453124765625 0.43311212109375 0.04718749609375 0.4270792578125
1 0.000937486328125 0.592729166015625 0.05906250390625 0.5899396328125 0.0453124765625 0.431624830078125 0 0.4328622578125 0.000937486328125 0.592729166015625
0 0.04296875 0.8883969907407407 0.0703125 0.21555989583333335