0 0.25 0.6982421875 0.09375 0.3046875
0 0.34375 0.6982421875 0.087890625 0.291015625
0 0.4423828125 0.6875 0.0849609375 0.34765625
0 0.5419921875 0.6689453125 0.078125 0.3369140625
0 0.6357421875 0.6884765625 0.0830078125 0.28515625
0 0.822265625 0.6708984375 0.1044921875 0.3330078125
1 0.7216796875 0.681640625 0.099609375 0.251953125
1 0.892578125 0.609375 0.0771484375 0.12890625
1 0.970703125 0.615234375 0.0537109375 0.1025390625
1 0.0869140625 0.0400390625 0.0712890625 0.0791015625
1 0.1708984375 0.0390625 0.0751953125 0.078125
1 0.251953125 0.046875 0.0703125 0.08984375
1 0.3359375 0.046875 0.0693359375 0.0849609375
1 0.4150390625 0.0439453125 0.072265625 0.087890625
1 0.5 0.052734375 0.0703125 0.10546875
1 0.580078125 0.0498046875 0.072265625 0.0966796875
1 0.66015625 0.0556640625 0.0732421875 0.111328125
1 0.7412109375 0.0625 0.07421875 0.1171875
1 0.8193359375 0.064453125 0.072265625 0.12890625
1 0.896484375 0.0634765625 0.060546875 0.1259765625
1 0.9697265625 0.0654296875 0.060546875 0.1279296875