0 0.947265625 0.019303385416666666 0.103515625 0.03860677083333333
0 0.38697916666666665 0.006754557291666666 0.059049479166666696 0.013509114583333332
0 0.280078125 0.01482204861111111 0.06874999999999998 0.02964409722222222
0 0.18138020833333335 0.03136935763888889 0.0854166666666667 0.06273871527777777
0 0.10234375000000001 0.031206597222222222 0.07356770833333331 0.062413194444444445
0 0.872172619140625 0.658184525390625 0.96494708984375 0.5035714296875 0.932233796875 0.409201388671875 0.8258597890625 0.583928572265625 0.872172619140625 0.658184525390625
0 0.7546378984375 0.83315972265625 0.847412369140625 0.678546626953125 0.828075396484375 0.6175595234375 0.804431216796875 0.63789682421875 0.78394510546875 0.644295634765625 0.713186177734375 0.752852181640625 0.7546378984375 0.83315972265625
0 0.817691798828125 0.63958333203125 0.86946924609375 0.414558533203125 0.803753306640625 0.414037697265625 0.755588625 0.635019841796875 0.817691798828125 0.63958333203125
0 0.744072419921875 0.6907490078125 0.784234458984375 0.45607638671875 0.710573744140625 0.45771329296875 0.67691798828125 0.678373017578125 0.744072419921875 0.6907490078125
0 0.601686509765625 0.670138890625 0.637913359375 0.42762896875 0.576661705078125 0.427008927734375 0.547073412109375 0.65352182421875 0.601686509765625 0.670138890625
0 0.5028645833333334 0.5602430555555555 0.07708333333333339 0.24939236111111107
0 0.3487630208333333 0.5899956597222222 0.0932291666666667 0.25755208333333335
0 0.27923177083333334 0.5944661458333333 0.08821614583333337 0.25549045138888893
0 0.46953125 0.8700954861111111 0.06705729166666663 0.20138888888888884
0 0.4057942708333333 0.8754123263888889 0.06894531249999991 0.18582899305555545
0 0.27578125 0.8802517361111111 0.07317708333333339 0.20542534722222205
0 0.178224205078125 0.97078373046875 0.177910052734375 0.808333333984375 0.128538359375 0.813392857421875 0.129571759765625 0.981770833984375 0.178224205078125 0.97078373046875
0 0.109482474609375 0.98221726171875 0.102546296875 0.80208333203125 0.04706514453125 0.815203373046875 0.060110779296875 0.98727678515625 0.109482474609375 0.98221726171875
0 0.16371527734375 0.703645833984375 0.1503802890625 0.452331349609375 0.077893517578125 0.46979166796875 0.0996279765625 0.72884424609375 0.16371527734375 0.703645833984375
1 0.677008927734375 0.626860119140625 0.706960978515625 0.461755953125 0.637896826171875 0.4613095234375 0.612541337890625 0.624330357421875 0.677008927734375 0.626860119140625
1 0.5550181875 0.918824404296875 0.569973544921875 0.811507935546875 0.50524140234375 0.812946427734375 0.49586640234375 0.920138888671875 0.5550181875 0.918824404296875
1 0.369485779296875 0.926909720703125 0.374661044921875 0.815848212890625 0.31202876953125 0.81922123046875 0.310333994140625 0.928224205078125 0.369485779296875 0.926909720703125
1 0.459904099609375 0.623759919921875 0.47317294921875 0.4748759921875 0.396164021484375 0.476587302734375 0.39142691796875 0.631225197265625 0.459904099609375 0.623759919921875
1 0.241418650390625 0.62465277734375 0.236168982421875 0.486086310546875 0.160276125 0.487772818359375 0.171957671875 0.63015873046875 0.241418650390625 0.62465277734375
1 0.0896329375 0.62802579296875 0.078538359375 0.493551587890625 0.0034970234375 0.499181546875 0.024371693359375 0.63740079296875 0.0896329375 0.62802579296875
1 0.24586640234375 0.925694443359375 0.243229166015625 0.814806546875 0.17862930078125 0.8142609140625 0.18854993359375 0.93291170703125 0.24586640234375 0.925694443359375
1 0 0.903471541015625 0.00577876953125 0.9330109140625 0.05363756640625 0.9339285703125 0.04581680078125 0.817212302734375 0 0.82117526953125 0 0.903471541015625