0 0.23046875 0.6650390625 0.0908203125 0.3125
0 0.330078125 0.662109375 0.0849609375 0.283203125
0 0.4248046875 0.6640625 0.0830078125 0.3359375
0 0.529296875 0.6455078125 0.078125 0.3359375
0 0.623046875 0.673828125 0.0859375 0.28515625
0 0.8056640625 0.6484375 0.1044921875 0.3017578125
1 0.701171875 0.6591796875 0.0830078125 0.2392578125
1 0.8779296875 0.5888671875 0.0703125 0.1435546875
1 0.9619140625 0.5849609375 0.0673828125 0.1318359375
1 0.06640625 0.0302734375 0.0751953125 0.0595703125
1 0.154296875 0.03515625 0.0732421875 0.0693359375
1 0.2392578125 0.03515625 0.078125 0.0703125
1 0.32421875 0.0361328125 0.0751953125 0.072265625
1 0.4052734375 0.0439453125 0.0751953125 0.0869140625
1 0.4873046875 0.046875 0.0751953125 0.09375
1 0.5703125 0.0439453125 0.072265625 0.087890625
1 0.6494140625 0.0556640625 0.072265625 0.1103515625
1 0.73046875 0.0517578125 0.0771484375 0.099609375
1 0.80859375 0.0546875 0.0703125 0.1064453125
1 0.8837890625 0.0498046875 0.0712890625 0.099609375
1 0.958984375 0.05859375 0.0673828125 0.1025390625