0 0.0107421875 0.560546875 0.0205078125 0.2529296875
0 0.087890625 0.5419921875 0.0810546875 0.275390625
0 0.263671875 0.5048828125 0.083984375 0.267578125
0 0.3349609375 0.49609375 0.0859375 0.2685546875
0 0.095703125 0.19921875 0.068359375 0.2041015625
0 0.171875 0.1982421875 0.0654296875 0.212890625
0 0.310546875 0.2119140625 0.072265625 0.216796875
0 0.533203125 0.9755859375 0.0576171875 0.048828125
1 0 0.279870478515625 0.0615156484375 0.2751667734375 0.063500025390625 0.1528704296875 0 0.149342650390625 0 0.279870478515625
1 0.282442818359375 0.270463068359375 0.2705365625 0.171685251953125 0.2090209140625 0.166981544921875 0.2156355 0.271638994140625 0.282442818359375 0.270463068359375
1 0.226218837890625 0.62676876171875 0.216296958984375 0.471546478515625 0.13427609375 0.478602037109375 0.134937552734375 0.639703951171875 0.226218837890625 0.62676876171875
1 0.406797033203125 0.28104640625 0.390260568359375 0.181092662109375 0.335359505859375 0.17521303125 0.34594284375 0.2751667734375 0.406797033203125 0.28104640625
1 0.455083509765625 0.5809076328125 0.431932458984375 0.453907583984375 0.36843243359375 0.45743536328125 0.3849688984375 0.59384282421875 0.455083509765625 0.5809076328125
1 0.579218447265625 0.565045833984375 0.552557671875 0.45073557421875 0.50184991796875 0.465605203125 0.51857825 0.5724806484375 0.579218447265625 0.565045833984375
1 0.63724484375 0.55482296484375 0.606401984375 0.44701816796875 0.55360319140625 0.45166492578125 0.57974120703125 0.562257779296875 0.63724484375 0.55482296484375
1 0.68952087890625 0.54367074609375 0.657632498046875 0.439583353515625 0.60849302734375 0.44423011328125 0.638290365234375 0.557611021484375 0.68952087890625 0.54367074609375
1 0.742842431640625 0.540882689453125 0.70781748828125 0.434936595703125 0.6597235390625 0.438654001953125 0.68952087890625 0.539023986328125 0.742842431640625 0.540882689453125
1 0.79041362109375 0.538094634765625 0.753297638671875 0.432148541015625 0.708863009765625 0.435865947265625 0.74179691015625 0.54645880078125 0.79041362109375 0.538094634765625
1 0.83746205078125 0.532518525390625 0.797732265625 0.428431134765625 0.754865919921875 0.434007244140625 0.79041362109375 0.537165283203125 0.83746205078125 0.532518525390625
1 0.5687632421875 0.28345226953125 0.54523902734375 0.19144644921875 0.50341819921875 0.18587033984375 0.51962376953125 0.28531097265625 0.5687632421875 0.28345226953125
1 0.66076905859375 0.28345226953125 0.634108283203125 0.194234505859375 0.605879224609375 0.19144644921875 0.626266876953125 0.276017455078125 0.66076905859375 0.28345226953125
1 0.7052036875 0.28345226953125 0.678020150390625 0.196093208984375 0.639858646484375 0.197951912109375 0.6628601015625 0.28716967578125 0.7052036875 0.28345226953125
0 0.45532425 0.276946806640625 0.434936595703125 0.134755998046875 0.38997920703125 0.148696271484375 0.407230298828125 0.27973486328125 0.45532425 0.276946806640625
0 0.520669291015625 0.28624032421875 0.498713357421875 0.139402755859375 0.45061940625 0.1542723828125 0.47571190234375 0.295533841796875 0.520669291015625 0.28624032421875
0 0.632540001953125 0.305756708984375 0.593855736328125 0.148696271484375 0.544193505859375 0.165424603515625 0.579218447265625 0.31040346875 0.632540001953125 0.305756708984375
0 0.519101009765625 0.589208978515625 0.48721262890625 0.375458087890625 0.4312772734375 0.39311576953125 0.463165654296875 0.59478508984375 0.519101009765625 0.589208978515625
0 0.754816068359375 0.29672998046875 0.728374783203125 0.17039939453125 0.68086309765625 0.17700971484375 0.71474099609375 0.300402380859375 0.754816068359375 0.29672998046875
0 0.7940648515625 0.28718173828125 0.767210419921875 0.182885556640625 0.72961421875 0.185088998046875 0.755642359375 0.28865069921875 0.7940648515625 0.28718173828125
0 0.839510810546875 0.301136861328125 0.80935121875 0.176275236328125 0.764318404296875 0.184354517578125 0.804393478515625 0.309950623046875 0.839510810546875 0.301136861328125
0 0.9374261953125 0.293792060546875 0.96304119140625 0.284978296875 0.9836984453125 0.236502607421875 0.94073135546875 0.16232011328125 0.89445910546875 0.192433798828125 0.9374261953125 0.293792060546875
1 0.860581208984375 0.284978296875 0.8267033125 0.2049199609375 0.81472210546875 0.204185482421875 0.836618794921875 0.28718173828125 0.860581208984375 0.284978296875
1 0.89156708984375 0.28571277734375 0.86099435546875 0.211530283203125 0.82711645703125 0.206388921875 0.859754919921875 0.284978296875 0.89156708984375 0.28571277734375
1 0.87859074609375 0.523460673828125 0.838870673828125 0.42061062890625 0.798718861328125 0.4267509296875 0.835848494140625 0.5280658984375 0.87859074609375 0.523460673828125
1 0.92219648046875 0.520390521484375 0.87859074609375 0.42061062890625 0.83843893359375 0.422145705078125 0.879885966796875 0.523460673828125 0.92219648046875 0.520390521484375
1 0.958030892578125 0.514250220703125 0.9135616796875 0.414470328125 0.8794542265625 0.42061062890625 0.920037779296875 0.515017759765625 0.958030892578125 0.514250220703125
1 0.991706607421875 0.5073423828125 0.949827833984375 0.409097564453125 0.91442516015625 0.412935251953125 0.95759915234375 0.5111800703125 0.991706607421875 0.5073423828125
1 0.99213834765625 0.510412533203125 0.999909666015625 0.50964499609375 0.99947792578125 0.448241984375 0.981344849609375 0.410632638671875 0.948532615234375 0.412935251953125 0.99213834765625 0.510412533203125
0 1 0.83569326171875 0.9574017890625 0.775084109375 0.917693880859375 0.790771185546875 0.96863230859375 0.892737169921875 1 0.867067412109375 1 0.83569326171875
0 0.970637759765625 0.892737169921875 0.92130369140625 0.79647557421875 0.87517834375 0.819293138671875 0.9192982421875 0.94478973828125 0.970637759765625 0.892737169921875