1 0.041193181640625 0.28409091015625 0.0617897734375 0.162878787109375 0.032670455078125 0.169191919921875 0 0.28030303125 0.041193181640625 0.28409091015625
1 0.1711647734375 0.267676767578125 0.181818181640625 0.16161616015625 0.142755681640625 0.169191919921875 0.119318181640625 0.260101009765625 0.1711647734375 0.267676767578125
1 0.303267044921875 0.26262626171875 0.36434658984375 0.26262626171875 0.376420455078125 0.15277777734375 0.3210227265625 0.16161616015625 0.303267044921875 0.26262626171875
1 0.43394886328125 0.260101009765625 0.4921875 0.2588383828125 0.5007102265625 0.15530303125 0.44176136328125 0.154040404296875 0.43394886328125 0.260101009765625
1 0.494318181640625 0.2588383828125 0.55752841015625 0.26136363671875 0.561079544921875 0.157828283203125 0.50284091015625 0.15277777734375 0.494318181640625 0.2588383828125
1 0.764204544921875 0.272727271484375 0.833806818359375 0.270202021484375 0.811079544921875 0.140151515625 0.751420455078125 0.14393939453125 0.764204544921875 0.272727271484375
1 0.83950667578125 0.267676767578125 0.90200667578125 0.275252525390625 0.87926136328125 0.135101009765625 0.818181818359375 0.1325757578125 0.83950667578125 0.267676767578125
0 0.95028408984375 0.09469696875 0.9765625 0.236223484375 0.997869318359375 0.228647728515625 1 0.0720820703125 0.985795455078125 0.069556818359375 0.95028408984375 0.09469696875
1 0.079545455078125 0.607323232421875 0.11363636328125 0.407828283203125 0.06676136328125 0.40656565625 0.015625 0.599747474609375 0.079545455078125 0.607323232421875
1 0.23863636328125 0.58964646484375 0.26207386328125 0.44949494921875 0.193892044921875 0.453282828125 0.16122158984375 0.59343434375 0.23863636328125 0.58964646484375
1 0.240056818359375 0.58838383984375 0.313920455078125 0.59469696875 0.33309658984375 0.44823232421875 0.26207386328125 0.44823232421875 0.240056818359375 0.58838383984375
1 0.318181818359375 0.587121212890625 0.3913352265625 0.58964646484375 0.40340908984375 0.44949494921875 0.337357955078125 0.450757576171875 0.318181818359375 0.587121212890625
1 0.392755681640625 0.59090908984375 0.4694602265625 0.59090908984375 0.4772727265625 0.446969697265625 0.407670455078125 0.4444444453125 0.392755681640625 0.59090908984375
1 0.470880681640625 0.58964646484375 0.5461647734375 0.592171716796875 0.549005681640625 0.44823232421875 0.477982955078125 0.44823232421875 0.470880681640625 0.58964646484375
1 0.54971591015625 0.595959595703125 0.62855113671875 0.59343434375 0.625 0.446969697265625 0.55184658984375 0.446969697265625 0.54971591015625 0.595959595703125
1 0.62997158984375 0.58964646484375 0.70809658984375 0.587121212890625 0.697443181640625 0.4444444453125 0.6257102265625 0.446969697265625 0.62997158984375 0.58964646484375
1 0.7116477265625 0.59090908984375 0.795454544921875 0.59722222265625 0.7727272734375 0.440656564453125 0.701704544921875 0.44191919140625 0.7116477265625 0.59090908984375
1 0.798295455078125 0.599747474609375 0.87997158984375 0.602272728515625 0.852982955078125 0.4368686875 0.779829544921875 0.439393939453125 0.798295455078125 0.599747474609375
1 0.8835227265625 0.602272728515625 0.96875 0.603535353515625 0.93323863671875 0.43308080859375 0.8586647734375 0.435606060546875 0.8835227265625 0.602272728515625
0 0.0944602265625 0.291666666015625 0.1321022734375 0.15656565625 0.12144886328125 0.119949494140625 0.076704544921875 0.111111111328125 0.056107955078125 0.1641414140625 0.0390625 0.282828283203125 0.0944602265625 0.291666666015625
0 0.1789772734375 0.255050505859375 0.22230113671875 0.2563131328125 0.243607955078125 0.140151515625 0.21875 0.122474748046875 0.1960227265625 0.1161616171875 0.173295455078125 0.233585857421875 0.1789772734375 0.255050505859375
0 0.26917613671875 0.109848484375 0.25 0.184343435546875 0.244318181640625 0.2563131328125 0.29190341015625 0.26136363671875 0.311079544921875 0.135101009765625 0.29332386328125 0.11363636328125 0.26917613671875 0.109848484375
0 0.41690341015625 0.11237373828125 0.3828125 0.108585857421875 0.368607955078125 0.1881313125 0.368607955078125 0.275252525390625 0.41761363671875 0.27651515234375 0.424005681640625 0.138888888671875 0.41690341015625 0.11237373828125
0 0.607954544921875 0.270202021484375 0.610795455078125 0.1161616171875 0.568892044921875 0.1186868671875 0.560369318359375 0.26262626171875 0.607954544921875 0.270202021484375
0 0.63565341015625 0.2588383828125 0.681818181640625 0.2575757578125 0.67542613671875 0.122474748046875 0.6321022734375 0.125 0.63565341015625 0.2588383828125
0 0.705255681640625 0.2739898984375 0.76207386328125 0.26893939453125 0.740056818359375 0.10606060546875 0.69176136328125 0.11237373828125 0.693181818359375 0.127525251953125 0.705255681640625 0.2739898984375
0 0 0.583333333984375 0.0461647734375 0.391414142578125 0 0.372474748046875 0 0.583333333984375
0 0.122869318359375 0.373737373046875 0.088068181640625 0.541666666015625 0.1008522734375 0.6010101015625 0.147017044921875 0.58964646484375 0.18465908984375 0.40909091015625 0.158380681640625 0.375 0.122869318359375 0.373737373046875