1 0.330078125 0.0927734375 0.0654296875 0.1806640625
1 0.5712890625 0.0751953125 0.0830078125 0.14453125
1 0.8154296875 0.0791015625 0.0810546875 0.158203125
1 0.2080078125 0.6708984375 0.103515625 0.2412109375
0 0.3134765625 0.7080078125 0.0859375 0.2666015625
0 0.09375 0.6748046875 0.109375 0.3330078125
0 0.4140625 0.73046875 0.0908203125 0.2890625
0 0.521484375 0.7333984375 0.0751953125 0.294921875
0 0.638671875 0.7412109375 0.083984375 0.2998046875
0 0.744140625 0.7080078125 0.0810546875 0.255859375
0 0.9013671875 0.0791015625 0.068359375 0.158203125
0 0.7392578125 0.068359375 0.072265625 0.125
0 0.65625 0.078125 0.068359375 0.150390625
0 0.49609375 0.076171875 0.0673828125 0.1474609375
0 0.40234375 0.080078125 0.064453125 0.150390625
0 0.2607421875 0.068359375 0.0654296875 0.1357421875
0 0.1767578125 0.0791015625 0.0654296875 0.158203125
0 0.083984375 0.0654296875 0.1015625 0.130859375
0 0.8330078125 0.724609375 0.083984375 0.322265625
0 0.9150390625 0.720703125 0.064453125 0.3193359375
0 0.0205078125 0.224609375 0.041015625 0.1611328125
1 0.96875 0.080078125 0.0625 0.1552734375