0 0.0986328125 0.6884765625 0.125 0.328125
0 0.3115234375 0.70703125 0.0859375 0.275390625
0 0.4150390625 0.7412109375 0.0888671875 0.3115234375
0 0.51953125 0.740234375 0.0859375 0.330078125
0 0.6416015625 0.7529296875 0.095703125 0.3388671875
0 0.7412109375 0.7138671875 0.095703125 0.2724609375
0 0.841796875 0.7412109375 0.099609375 0.361328125
0 0.9169921875 0.7529296875 0.078125 0.35546875
0 0.0263671875 0.232421875 0.052734375 0.2197265625
0 0.09765625 0.06640625 0.10546875 0.1328125
0 0.1845703125 0.0927734375 0.080078125 0.185546875
0 0.265625 0.078125 0.068359375 0.1552734375
0 0.408203125 0.091796875 0.0703125 0.18359375
0 0.5009765625 0.0830078125 0.072265625 0.166015625
0 0.66015625 0.087890625 0.0830078125 0.1748046875
0 0.744140625 0.0859375 0.078125 0.171875
0 0.904296875 0.0947265625 0.087890625 0.1884765625
1 0.2099609375 0.6884765625 0.0888671875 0.2724609375
1 0.3359375 0.0693359375 0.068359375 0.138671875
1 0.578125 0.072265625 0.078125 0.14453125
1 0.8193359375 0.080078125 0.080078125 0.16015625
1 0.9697265625 0.08203125 0.060546875 0.1640625