0 0.5650824652777777 0.9229673032407408 0.08029513888888884 0.10170717592592604
0 0.451953125 0.9356770833333333 0.07606336805555558 0.08685619212962958
0 0.3336371527777778 0.9349681712962963 0.08420138888888884 0.10190972222222228
0 0.22526041666666666 0.9415653935185185 0.08806423611111108 0.10015914351851851
0 0.12354600694444445 0.9399956597222222 0.09422743055555555 0.11413483796296298
0 0.05032552083333334 0.9447699652777778 0.060980902777777776 0.11046006944444442
0 0.10967881944444445 0.055553747106481484 0.0601779513888889 0.11110749421296297
0 0.03179253472222222 0.068115234375 0.06356336805555556 0.13623046875
0 0.24270833333333333 0.0620533130787037 0.07428385416666666 0.1241066261574074
0 0.2348090277777778 0.31535011574074073 0.08810763888888884 0.2776909722222223
0 0.3082465277777778 0.3203414351851852 0.08537326388888888 0.28632812500000004
0 0.4677951388888889 0.3286892361111111 0.07285156249999991 0.24958767361111112
0 0.5555555555555556 0.31827256944444443 0.07187499999999991 0.249537037037037
0 0.6870225694444445 0.29483506944444443 0.07723524305555562 0.22737991898148147
0 0.6714409722222223 0.9135416666666667 0.08632812500000009 0.1098234953703705
0 0.94895722265625 0.95194707421875 0.9065575546875 0.770494552734375 0.82125009765625 0.79096700390625 0.848640529296875 0.9571486796875 0.94895722265625 0.95194707421875
0 1 0.445674763671875 0.95420972265625 0.375823716796875 0.901731666015625 0.45176883984375 1 0.63506367578125 1 0.445674763671875
0 0.911095392578125 0.339942654296875 0.82698605859375 0.185818974609375 0.778408509765625 0.259555708984375 0.85401966015625 0.412113896484375 0.911095392578125 0.339942654296875
0 0.808973861328125 0.187756009765625 0.72950673046875 0.0394100390625 0.678563552734375 0.108254091796875 0.736873587890625 0.218577404296875 0.756465189453125 0.21154312890625 0.77275743359375 0.23376893359375 0.808973861328125 0.187756009765625
0 0.813820623046875 0.431250462890625 0.77607905859375 0.20551076953125 0.71056358984375 0.2279661796875 0.74159371875 0.43098328515625 0.813820623046875 0.431250462890625
1 0.66186915234375 0.3980036015625 0.635941830078125 0.2468814921875 0.57586174609375 0.2600274453125 0.59482576171875 0.402482994140625 0.66186915234375 0.3980036015625
1 0.431677896484375 0.42398241015625 0.42612840234375 0.275815947265625 0.3534715078125 0.281589478515625 0.356744427734375 0.428870916015625 0.431677896484375 0.42398241015625
1 0.839623298828125 0.957616240234375 0.815021529296875 0.815363623046875 0.7167518046875 0.8365081953125 0.734773740234375 0.96196041796875 0.839623298828125 0.957616240234375
1 0.46802271875 0 0.473658115234375 0.078756056640625 0.54300033984375 0.076163603515625 0.535095423828125 0 0.46802271875 0
1 0.275343673828125 0 0.2723275625 0.08317700390625 0.340653958984375 0.085652568359375 0.341088767578125 0 0.275343673828125 0
1 0.142489279296875 0 0.131500125 0.093488376953125 0.2013836640625 0.08986478515625 0.208448388671875 0 0.142489279296875 0
1 0.190645087890625 0.444504958984375 0.198013333984375 0.293662548828125 0.12015066015625 0.29368759765625 0.1065385390625 0.442847625 0.190645087890625 0.444504958984375
1 0.018754126953125 0.45341782421875 0.0322034375 0.32232148046875 0.0079028359375 0.320572306640625 0.010197263671875 0.458876857421875 0.018754126953125 0.45341782421875
0 0.092787166015625 0.489408208984375 0.119527912109375 0.202301064453125 0.042451251953125 0.203401814453125 0.015931458984375 0.47601841796875 0.092787166015625 0.489408208984375
0 0.4408420138888889 0.051841001157407404 0.05941840277777777 0.10368200231481481
0 0.3783854166666667 0.05543981481481482 0.06145833333333339 0.11087962962962963