0 0.18606450390625 1 0.21385837109375 0.7603853203125 0.119668041015625 0.74803248828125 0.09110212109375 1 0.18606450390625 1
0 0.365234375 0.9140625 0.0888671875 0.1708984375
0 0.470703125 0.91796875 0.080078125 0.1640625
0 0.5791015625 0.9228515625 0.080078125 0.154296875
0 0.703125 0.9208984375 0.0849609375 0.158203125
0 0.8125 0.92578125 0.0927734375 0.1474609375
0 0.916015625 0.9140625 0.1005859375 0.1708984375
0 0.9794921875 0.912109375 0.041015625 0.1748046875
0 0.982421875 0.03125 0.0341796875 0.0625
0 0.9150390625 0.0244140625 0.064453125 0.048828125
0 0.78125 0.0390625 0.06640625 0.078125
0 0.79296875 0.267578125 0.0859375 0.2607421875
0 0.7158203125 0.283203125 0.0771484375 0.2734375
0 0.6396484375 0.03125 0.05859375 0.0615234375
0 0.5732421875 0.0400390625 0.0625 0.080078125
0 1 0.315683435546875 0.977417681640625 0.1482339609375 0.908705064453125 0.174312158203125 0.933410724609375 0.421368759765625 1 0.421368759765625 1 0.315683435546875
0 0.5537109375 0.2919921875 0.0751953125 0.26171875
0 0.46484375 0.296875 0.0751953125 0.2470703125
0 0.337890625 0.267578125 0.0751953125 0.2275390625
0 0.299903087890625 0.01961462109375 0.2166523984375 0.1604832578125 0.24473696875 0.21397767578125 0.264295865234375 0.19703777734375 0.28385476171875 0.19882092578125 0.33851937109375 0.090048939453125 0.299903087890625 0.01961462109375
0 0.2863623125 0.411015455078125 0.308930271484375 0.219327119140625 0.2482475390625 0.188122041015625 0.21765541796875 0.402991291015625 0.2863623125 0.411015455078125
0 0.162489298828125 0.411015455078125 0.242730927734375 0.2442911796875 0.201607091796875 0.176531583984375 0.1158488515625 0.32185808984375 0.162489298828125 0.411015455078125
0 0 0.67848755078125 0.1288881171875 0.451136267578125 0.073220486328125 0.36554519921875 0.000501509765625 0.49928124609375 0 0.67848755078125
1 0.30190912890625 0.99767091796875 0.31996349609375 0.804199435546875 0.22417505078125 0.797066845703125 0.19609048046875 1 0.30190912890625 0.99767091796875
1 0.431800265625 0.379810376953125 0.443836509765625 0.233592296875 0.3806462265625 0.22824285546875 0.36158883984375 0.373569361328125 0.431800265625 0.379810376953125
1 0.541630994140625 0.043687107421875 0.545643076171875 0.00089157421875 0.4799452421875 0.00089157421875 0.474930140625 0.043687107421875 0.541630994140625 0.043687107421875
1 0.6785432734375 0 0.67954629296875 0.043687107421875 0.74725016796875 0.039229240234375 0.745244126953125 0 0.6785432734375 0
1 0.66951608984375 0.390509259765625 0.670519111328125 0.237158591796875 0.59579409375 0.2398333125 0.5907789921875 0.38872611328125 0.66951608984375 0.390509259765625
1 0.921274201171875 0.39496712890625 0.907231916015625 0.243399607421875 0.828996328125 0.2442911796875 0.83902653125 0.39318398046875 0.921274201171875 0.39496712890625
1 0.814452533203125 0 0.81996914453125 0.0419039609375 0.892186609375 0.039229240234375 0.8871715078125 0 0.814452533203125 0