1 0.32366071484375 0.478174603515625 0.3348214296875 0.34722222265625 0.27008928515625 0.33928571484375 0.247767857421875 0.48809523828125 0.32366071484375 0.478174603515625
1 0.5636160703125 0.490079365234375 0.560267857421875 0.327380953125 0.489955357421875 0.333333333984375 0.48772321484375 0.490079365234375 0.5636160703125 0.490079365234375
1 0.796875 0.470238095703125 0.7745535703125 0.32341269921875 0.70647321484375 0.333333333984375 0.72209821484375 0.4761904765625 0.796875 0.470238095703125
1 0.95758928515625 0.47222222265625 0.90959821484375 0.313492064453125 0.8604910703125 0.337301587890625 0.877232142578125 0.484126984375 0.95758928515625 0.47222222265625
1 1 0.37103174609375 0.9832589296875 0.3194444453125 0.92633928515625 0.333333333984375 0.95758928515625 0.470238095703125 1 0.470238095703125 1 0.37103174609375
1 0.4296875 0.15277777734375 0.43415178515625 0.03174603125 0.3761160703125 0.03571428515625 0.364955357421875 0.15277777734375 0.4296875 0.15277777734375
1 0.622767857421875 0.15079365234375 0.614955357421875 0.03174603125 0.5613839296875 0.03571428515625 0.5636160703125 0.16071428515625 0.622767857421875 0.15079365234375
1 0.7578125 0.1488095234375 0.73883928515625 0.02777777734375 0.6796875 0.039682541015625 0.69196428515625 0.15277777734375 0.7578125 0.1488095234375
1 0.9520089296875 0.1329365078125 0.93303571484375 0.03571428515625 0.872767857421875 0.02579365234375 0.8895089296875 0.142857142578125 0.9520089296875 0.1329365078125
0 0 0.432539681640625 0.00334821484375 0.521825396484375 0.0535714296875 0.5238095234375 0.12834821484375 0.361111111328125 0.07366071484375 0.291666666015625 0 0.432539681640625
0 0.1707589296875 0.12896825390625 0.083705357421875 0.295634919921875 0.127232142578125 0.34325396875 0.138392857421875 0.289682541015625 0.1640625 0.307539681640625 0.2265625 0.20039682421875 0.1707589296875 0.12896825390625
0 0.80915178515625 0.13690476171875 0.799107142578125 0 0.74665178515625 0.001984126953125 0.7589285703125 0.14484126953125 0.80915178515625 0.13690476171875
0 0.81696428515625 0 0.833705357421875 0.158730158203125 0.841517857421875 0.154761904296875 0.8895089296875 0.15079365234375 0.8660714296875 0 0.81696428515625 0
0 0.931919642578125 0 0.96875 0.184523810546875 1 0.1805555546875 1 0.039682541015625 0.9854910703125 0 0.931919642578125 0
0 0.158482142578125 0.541666666015625 0.19084821484375 0.341269841796875 0.1316964296875 0.307539681640625 0.088169642578125 0.537698412109375 0.158482142578125 0.541666666015625
0 0.247767857421875 0.50396825390625 0.26897321484375 0.295634919921875 0.200892857421875 0.28174603125 0.1796875 0.505952380859375 0.247767857421875 0.50396825390625
0 0.3203125 0.52777777734375 0.3895089296875 0.53174603125 0.396205357421875 0.29365079296875 0.345982142578125 0.265873015625 0.34375 0.279761904296875 0.3203125 0.52777777734375
0 0.484375 0.505952380859375 0.486607142578125 0.26984126953125 0.421875 0.27777777734375 0.4140625 0.505952380859375 0.484375 0.505952380859375
0 0.64508928515625 0.5 0.627232142578125 0.248015873046875 0.56696428515625 0.259920634765625 0.5703125 0.513888888671875 0.64508928515625 0.5
0 0.64508928515625 0.48015873046875 0.7198660703125 0.47222222265625 0.697544642578125 0.228174603515625 0.63727678515625 0.240079365234375 0.63616071484375 0.240079365234375 0.64508928515625 0.48015873046875
0 0.8738839296875 0.501984126953125 0.8448660703125 0.234126984375 0.775669642578125 0.259920634765625 0.8136160703125 0.509920634765625 0.8738839296875 0.501984126953125
0 0.0498046875 0.9423828125 0.099609375 0.115234375
0 0.26953125 0.974609375 0.0703125 0.05078125
0 0.3759765625 0.978515625 0.068359375 0.04296875
0 0.4873046875 0.9775390625 0.068359375 0.044921875
0 0.60546875 0.96875 0.0791015625 0.0625
0 0.7109375 0.95703125 0.083984375 0.0859375
0 0.8056640625 0.9384765625 0.0869140625 0.123046875
0 0.8583984375 0.9306640625 0.0615234375 0.119140625