0 0.17028356481481483 0.03334418402777778 0.08959056712962965 0.06668836805555556
0 0.29224537037037035 0.027625868055555555 0.0825376157407407 0.05525173611111111
0 0.3904079861111111 0.012364366319444445 0.0698423032407407 0.02472873263888889
0 0.4855324074074074 0.02124565972222222 0.07067418981481477 0.04249131944444444
0 0.114563177734375 0.99655439453125 0.17873015234375 0.99370252734375 0.158392560546875 0.842605978515625 0.12837675 0.82821583203125 0.091359669921875 0.84768177734375 0.114563177734375 0.99655439453125
0 0.248357630859375 0.97907690625 0.23379063671875 0.82457905078125 0.16946134765625 0.838969197265625 0.194036037109375 0.993022267578125 0.248357630859375 0.97907690625
0 0.315305732421875 0.987632501953125 0.31342580859375 0.809508640625 0.255223234375 0.81419198046875 0.262912513671875 0.98996108984375 0.315305732421875 0.987632501953125
0 0.51218184765625 0.937999576171875 0.512780224609375 0.747186220703125 0.4572424921875 0.760137353515625 0.459866150390625 0.9424212734375 0.51218184765625 0.937999576171875
1 0.108676298828125 0.996816033203125 0.088912859375 0.8771423359375 0.033653724609375 0.881694853515625 0.037445068359375 0.999981865234375 0.108676298828125 0.996816033203125
1 0.056280658203125 0.6647437578125 0.023076724609375 0.500591423828125 0.020172044921875 0.501768796875 0.02574641015625 0.668197392578125 0.056280658203125 0.6647437578125
1 0.142352634765625 0.648338990234375 0.120132697265625 0.494181265625 0.029041125 0.502422892578125 0.0609513984375 0.663487890625 0.142352634765625 0.648338990234375
1 0.229757033203125 0.6360681171875 0.21515127734375 0.48052370703125 0.12491972265625 0.496065068359375 0.14647344921875 0.64815584375 0.229757033203125 0.6360681171875
1 0.311313314453125 0.625105443359375 0.302083271484375 0.47141866796875 0.216994861328125 0.482538326171875 0.23152309765625 0.635989626953125 0.311313314453125 0.625105443359375
1 0.387888765625 0.607026185546875 0.384422046875 0.465662607421875 0.3038493359375 0.47134017578125 0.312885572265625 0.619794169921875 0.387888765625 0.607026185546875
1 0.461908390625 0.599543306640625 0.463151173828125 0.457970421875 0.38972023828125 0.4654271328125 0.39094848828125 0.61003503515625 0.461908390625 0.599543306640625
1 0.38425004296875 0.92271985546875 0.385718130859375 0.8031508125 0.31561824609375 0.820942267578125 0.32188323046875 0.942334619140625 0.38425004296875 0.92271985546875
1 0.44669958984375 0.905338861328125 0.448322720703125 0.789956041015625 0.38458212109375 0.804320025390625 0.38645235546875 0.918499302734375 0.44669958984375 0.905338861328125
1 0.529239748046875 0.58814061328125 0.538406740234375 0.452991630859375 0.46396953515625 0.456299951171875 0.46177208984375 0.5966164765625 0.529239748046875 0.58814061328125
1 0.594699830078125 0.575372138671875 0.60579338671875 0.442328447265625 0.536480177734375 0.4508863359375 0.528624564453125 0.588167955078125 0.594699830078125 0.575372138671875
1 0.65859790625 0.570341306640625 0.672848390625 0.439348224609375 0.605137697265625 0.441262130859375 0.595930197265625 0.57531745703125 0.65859790625 0.570341306640625
1 0.56322926953125 0.873640451171875 0.57168487890625 0.7691959609375 0.514796857421875 0.78048799609375 0.510072857421875 0.885862099609375 0.56322926953125 0.873640451171875
0 0.613449005859375 0.915226859375 0.626899498046875 0.829183189453125 0.6270665859375 0.733870755859375 0.576613943359375 0.752544994140625 0.56654062890625 0.8964979375 0.589416341796875 0.915199517578125 0.613449005859375 0.915226859375
0 0.68009894921875 0.9013100390625 0.69436715625 0.820707328125 0.69157225 0.745244814453125 0.65166633203125 0.74920933203125 0.632170330078125 0.87167186328125 0.647825865234375 0.8950761796875 0.68009894921875 0.9013100390625
0 0.725047853515625 0.634211025390625 0.74064262890625 0.522876478515625 0.732949037109375 0.3983359921875 0.6817191875 0.41266293359375 0.662678876953125 0.613978322265625 0.691908955078125 0.637874783203125 0.725047853515625 0.634211025390625
0 0.843292203125 0.615810201171875 0.86244896484375 0.51746286328125 0.86331984375 0.407878169921875 0.8103735546875 0.409135880859375 0.780389052734375 0.59779216015625 0.806421697265625 0.6185443515625 0.843292203125 0.615810201171875
0 0.906681419921875 0.3807554140625 0.866152724609375 0.401179505859375 0.845598505859375 0.594893962890625 0.893041056640625 0.61140822265625 0.93069889453125 0.4136472265625 0.906681419921875 0.3807554140625
0 0.78255865234375 0.872656158203125 0.79920658203125 0.789756759765625 0.8048698125 0.693104595703125 0.7524576953125 0.692147640625 0.730161724609375 0.838834734375 0.744991951171875 0.873230330078125 0.78255865234375 0.872656158203125
0 0.878000703125 0.854173310546875 0.897603033203125 0.767856228515625 0.894848630859375 0.693487375 0.857241423828125 0.69296788671875 0.824826568359375 0.816004591796875 0.840150462890625 0.847091865234375 0.878000703125 0.854173310546875
0 0.92353187890625 0.8357178046875 0.94322281640625 0.735155806640625 0.940670943359375 0.666255251953125 0.90334727734375 0.673391380859375 0.88449937109375 0.813352466796875 0.904582708984375 0.83984637109375 0.92353187890625 0.8357178046875
1 0.72241496875 0.829319896484375 0.738042654296875 0.735511244140625 0.698177244140625 0.740569419921875 0.6866052109375 0.8440569609375 0.72241496875 0.829319896484375
1 0.778032115234375 0.550792138671875 0.79600661328125 0.437160908203125 0.7433514609375 0.429641998046875 0.7359566015625 0.546089404296875 0.778032115234375 0.550792138671875
1 0.8185127109375 0.8119033671875 0.840664380859375 0.711232001953125 0.806910298828125 0.714923103515625 0.7916471640625 0.81857469140625 0.8185127109375 0.8119033671875
1 0.95305314453125 0.777666908203125 0.979557103515625 0.67412060546875 0.949926798828125 0.676538244140625 0.931662244140625 0.785222025390625 0.95305314453125 0.777666908203125
1 0.9356967265625 0.52637000390625 0.969300458984375 0.39719125390625 0.928047490234375 0.403427658203125 0.910230640625 0.524199626953125 0.9356967265625 0.52637000390625
0 1 0.372865111328125 0.97231741796875 0.378344671875 0.941171005859375 0.540436255859375 0.966751560546875 0.562414775390625 1 0.560937068359375 1 0.372865111328125