0 0.23910590277777777 0.3783637152777778 0.10036892361111116 0.30595341435185186
0 0.3394314236111111 0.37622974537037035 0.09368489583333339 0.287181712962963
0 0.4414279513888889 0.3897569444444445 0.10881076388888888 0.3423394097222222
0 0.5424479166666667 0.40324797453703703 0.09457465277777777 0.3291377314814815
0 0.6336805555555556 0.3939525462962963 0.09898003472222228 0.27470341435185186
0 0.8161024305555555 0.41825810185185186 0.12180989583333335 0.3057725694444444
1 0.665138888671875 0.276303154296875 0.67125 0.517798353515625 0.75787037109375 0.51684670703125 0.758981482421875 0.2818587109375 0.665138888671875 0.276303154296875
1 0.85712962890625 0.41028806640625 0.851296296875 0.5390260625 0.936296296875 0.5276148828125 0.93912037109375 0.409164951171875 0.85712962890625 0.41028806640625
1 1 0.4151347421875 0.9380555546875 0.41120541796875 0.937731482421875 0.53390775 1 0.526556439453125 1 0.4151347421875
1 1 0.957242224609375 0.97032407421875 0.955255486328125 0.96903844140625 1 1 1 1 0.957242224609375
1 0.966473896484375 1 0.96907407421875 0.953129287109375 0.89625 0.952512001953125 0.892091892578125 1 0.966473896484375 1
1 0.8931826875 1 0.89527777734375 0.956635802734375 0.8181018515625 0.962097048828125 0.8158294375 1 0.8931826875 1
1 0.8120709375 1 0.812407408203125 0.96396605078125 0.733796294921875 0.963134431640625 0.73406975 1 0.8120709375 1
1 0.731643955078125 1 0.73407407421875 0.969384431640625 0.652962962890625 0.964300412109375 0.65171263671875 1 0.731643955078125 1
1 0.654549611328125 1 0.652962962890625 0.964300412109375 0.57166666796875 0.9550497265625 0.57124694140625 1 0.654549611328125 1
1 0.5287543402777778 0.9847728587962963 0.08606770833333321 0.03045428240740744
1 0.44494357638888893 0.9871600115740741 0.08181423611111116 0.02567997685185186
1 0.36095920138888893 0.9855685763888888 0.08572048611111116 0.02886284722222232
1 0.2751953125 0.9878472222222222 0.08927951388888888 0.02430555555555558