0 0.0078125 0.5546875 0.015625 0.2451171875
0 0.0869140625 0.5498046875 0.0859375 0.2939453125
0 0.2578125 0.5078125 0.0849609375 0.279296875
0 0.3330078125 0.501953125 0.0888671875 0.2861328125
0 0.3076171875 0.2099609375 0.0751953125 0.19140625
0 0.169921875 0.181640625 0.0703125 0.2158203125
0 0.09375 0.1923828125 0.064453125 0.2353515625
0 0.529296875 0.9765625 0.0576171875 0.046875
0 0.470703125 0.990234375 0.064453125 0.01953125
1 0.05948638671875 0.26260157421875 0.05948638671875 0.152095029296875 0.0013367734375 0.143777333984375 0 0.26022508984375 0.05948638671875 0.26260157421875
1 0.280722271484375 0.269731029296875 0.2706964765625 0.1651656953125 0.207199771484375 0.156848 0.21321525 0.26854278515625 0.280722271484375 0.269731029296875
1 0.409052453125 0.2756722421875 0.391674408203125 0.171106908203125 0.33486156640625 0.169918666015625 0.3488976796875 0.269731029296875 0.409052453125 0.2756722421875
1 0.221235884765625 0.62026254296875 0.213883634765625 0.466979271484375 0.1323405 0.471732240234375 0.13300888671875 0.627391998046875 0.221235884765625 0.62026254296875
1 0.45383433984375 0.57986230078125 0.4324459765625 0.451532119140625 0.3662757265625 0.451532119140625 0.3856589296875 0.58342702734375 0.45383433984375 0.57986230078125
1 0.56728798046875 0.276846421875 0.544423431640625 0.185662876953125 0.503020060546875 0.179071296875 0.518469080078125 0.273550630859375 0.56728798046875 0.276846421875
1 0.5796471953125 0.559185828125 0.5518389609375 0.4427345546875 0.4986943359375 0.451523330078125 0.5203229609375 0.570171796875 0.5796471953125 0.559185828125
1 0.6377355078125 0.551495650390625 0.6049835859375 0.43614297265625 0.5530748828125 0.446030345703125 0.5784112734375 0.555890037109375 0.6377355078125 0.551495650390625
1 0.68655440625 0.53391809765625 0.656274330078125 0.4317485859375 0.60683746875 0.43394578125 0.635881625 0.54710126171875 0.68655440625 0.53391809765625
1 0.7415529140625 0.54160827734375 0.70571119140625 0.4317485859375 0.658746171875 0.435044376953125 0.685318486328125 0.537213890625 0.7415529140625 0.54160827734375
1 0.79037181640625 0.5295237109375 0.753294169921875 0.42735419921875 0.70694711328125 0.429551392578125 0.7427888359375 0.537213890625 0.79037181640625 0.5295237109375
1 0.835374560546875 0.527326517578125 0.796443033203125 0.42186121484375 0.755039662109375 0.4262556015625 0.78964546484375 0.53611529296875 0.835374560546875 0.527326517578125
1 0.6617275859375 0.276846421875 0.635773234375 0.18895866796875 0.603021314453125 0.187860072265625 0.62403198046875 0.273550630859375 0.6617275859375 0.276846421875
1 0.6617275859375 0.272452033203125 0.70251299609375 0.273550630859375 0.70313095703125 0.274649228515625 0.67717660546875 0.19115586328125 0.63700915625 0.192254458984375 0.6617275859375 0.272452033203125
1 0.878631814453125 0.517439146484375 0.838464365234375 0.416368228515625 0.795825072265625 0.417466826171875 0.837228443359375 0.526227919921875 0.878631814453125 0.517439146484375
1 0.916327419921875 0.5130447578125 0.876777931640625 0.417466826171875 0.83908232421875 0.413072439453125 0.8804856953125 0.516340548828125 0.916327419921875 0.5130447578125
0 0.45347480859375 0.273550630859375 0.433700064453125 0.135127419921875 0.3885889296875 0.136226017578125 0.410217556640625 0.272452033203125 0.45347480859375 0.273550630859375
0 0.517742728515625 0.286733794921875 0.4948781796875 0.1329302265625 0.447913162109375 0.13402882421875 0.4707777109375 0.281240810546875 0.517742728515625 0.286733794921875
0 0.518978650390625 0.5888479453125 0.48746265234375 0.371325755859375 0.42813841796875 0.37022716015625 0.463980142578125 0.59763671875 0.518978650390625 0.5888479453125
0 0.630829548828125 0.298818359375 0.59313394140625 0.1439161953125 0.544933001953125 0.15600076171875 0.5783028828125 0.302114150390625 0.630829548828125 0.298818359375
0 0.753237423828125 0.288020958984375 0.7264702578125 0.163629298828125 0.681388716796875 0.170308044921875 0.711443078125 0.290525490234375 0.753237423828125 0.288020958984375
0 0.79315337109375 0.275498310546875 0.766855806640625 0.173647419921875 0.72600066015625 0.178656478515625 0.751828625 0.281342212890625 0.79315337109375 0.275498310546875
0 0.84246130859375 0.29219517578125 0.80019736328125 0.167803515625 0.76309901171875 0.17949132421875 0.7992581640625 0.299708767578125 0.84246130859375 0.29219517578125
0 0.93503381640625 0.283890138671875 0.96241836328125 0.28037083984375 0.9828742890625 0.227581349609375 0.9459216484375 0.15836846484375 0.896431501953125 0.189455607421875 0.93503381640625 0.283890138671875
1 0.85902193359375 0.28100161328125 0.8257232421875 0.200822486328125 0.813499671875 0.2000731484375 0.834996296875 0.281750951171875 0.85902193359375 0.28100161328125
1 0.858600431640625 0.283249626953125 0.85902193359375 0.283249626953125 0.8910561171875 0.281750951171875 0.85902193359375 0.203819837890625 0.82698775 0.203819837890625 0.858600431640625 0.283249626953125
1 0.95681049609375 0.511048267578125 0.91339574609375 0.41213569921875 0.87798954296875 0.413634376953125 0.91929678125 0.51329628125 0.95681049609375 0.511048267578125
1 0.991795197265625 0.50580290625 0.948380447265625 0.40763967578125 0.91339574609375 0.4098876875 0.957231998046875 0.511797607421875 0.991795197265625 0.50580290625
1 0.9913736953125 0.50805091796875 0.9998037421875 0.505053568359375 1 0.448853244140625 0.980414630859375 0.40838901171875 0.949644955078125 0.40763967578125 0.9913736953125 0.50805091796875
0 1 0.833263453125 0.9576535 0.77781246875 0.917189267578125 0.7995432578125 0.96776955859375 0.885717087890625 1 0.852746232421875 1 0.833263453125
0 0.9669265546875 0.890962451171875 0.920561287109375 0.79354855859375 0.87546052734375 0.813780673828125 0.91887527734375 0.943416083984375 0.9669265546875 0.890962451171875