0 0.4978226273148148 0.0005425347222222203 0.058145254629629606 0.0010850694444444406
1 0.086589078125 0.711824845703125 0.1244223671875 0.799257330078125 0.143576923828125 0.802907986328125 0.113864240234375 0.70924961328125 0.086589078125 0.711824845703125
1 0.226083998046875 0.718523341796875 0.2614165390625 0.818856095703125 0.2863618828125 0.821045525390625 0.25682012890625 0.71925154296875 0.226083998046875 0.718523341796875
1 0.059368568359375 0.428800154296875 0.108374056640625 0.55048225390625 0.132839291015625 0.544569830078125 0.09915069921875 0.427898341796875 0.059368568359375 0.428800154296875
1 0.232580482421875 0.43142843359375 0.2717517578125 0.552459490234375 0.31060849609375 0.546961806640625 0.2834303203125 0.42995273828125 0.232580482421875 0.43142843359375
1 0.3325815546875 0.730415703125 0.360409701171875 0.825332755859375 0.394401041015625 0.82589216796875 0.372808962890625 0.726007908203125 0.3325815546875 0.730415703125
1 0.359259259765625 0.420216048828125 0.39305126953125 0.54965277734375 0.4525018203125 0.550053048828125 0.4279615703125 0.422458525390625 0.359259259765625 0.420216048828125
0 0.132782494140625 0.7860532421875 0.16047239453125 0.856597220703125 0.185588669921875 0.850651041015625 0.1974435234375 0.8302999609375 0.162520361328125 0.692795138671875 0.11622781640625 0.694034529296875 0.132782494140625 0.7860532421875
0 0.0419603046875 0.39951774609375 0.023319615234375 0.393518517578125 0.03353909375 0.56597222265625 0.04947434375 0.60345775390625 0.092202501953125 0.58614969140625 0.099533822265625 0.555584490234375 0.0419603046875 0.39951774609375
0 0.182947529296875 0.795061728515625 0.208752892578125 0.866864390625 0.24401148828125 0.85574845703125 0.258333333984375 0.83294753125 0.21289116015625 0.705275849609375 0.167524005859375 0.711111111328125 0.182947529296875 0.795061728515625
0 0.275532623046875 0.792582947265625 0.30000214453125 0.87490355078125 0.340674833984375 0.86698977734375 0.35832047265625 0.84517746875 0.315207046875 0.69068287109375 0.255722736328125 0.7007330234375 0.275532623046875 0.792582947265625
0 0.12201003125 0.51610725390625 0.16381923046875 0.62655285546875 0.20689032421875 0.615031830078125 0.15788055078125 0.405116705078125 0.0990810390625 0.404682677734375 0.12201003125 0.51610725390625
0 0.184373927734375 0.532609955078125 0.2148062421875 0.627391974609375 0.27298846875 0.6174093359375 0.22545278125 0.42134934375 0.169120263671875 0.418465470703125 0.184373927734375 0.532609955078125
0 0.305707197265625 0.51935281640625 0.335009431640625 0.628125 0.391717572265625 0.60428723046875 0.353741748046875 0.4042486484375 0.28431980859375 0.4008825234375 0.305707197265625 0.51935281640625
0 0.387512859375 0.808834876953125 0.408555169921875 0.87740162109375 0.45440136328125 0.857609955078125 0.422939171875 0.723408564453125 0.373768111328125 0.72015335546875 0.387512859375 0.808834876953125
0 0.4533028984375 0.8170331796875 0.473968513671875 0.890263310546875 0.51923225390625 0.87166280859375 0.496335947265625 0.72772955078125 0.440756814453125 0.715518904296875 0.4533028984375 0.8170331796875
0 0.555100630859375 0.716555748046875 0.58409797265625 0.897323494140625 0.62853973828125 0.886892361328125 0.611295974609375 0.717124806640625 0.555100630859375 0.716555748046875
0 0.7587753984375 0.73734085546875 0.777630421875 0.923278357421875 0.828000150390625 0.9137008125 0.816718107421875 0.73433641796875 0.7587753984375 0.73734085546875
1 0.500859482421875 0.737943673828125 0.5226573203125 0.841300154296875 0.57580321875 0.845510224609375 0.558425498046875 0.739602625 0.500859482421875 0.737943673828125
1 0.6249351640625 0.748924576171875 0.63799511328125 0.84809027734375 0.700735705078125 0.85992958984375 0.689525462890625 0.747897376953125 0.6249351640625 0.748924576171875
1 0.69103330859375 0.751302083984375 0.70340845703125 0.860951966796875 0.7645726171875 0.86822916796875 0.75843353515625 0.753612076171875 0.69103330859375 0.751302083984375
1 0.428612611328125 0.42242476953125 0.455757029296875 0.549884259765625 0.519833462890625 0.5512056328125 0.498136896484375 0.41649787890625 0.428612611328125 0.42242476953125
1 0.4988565234375 0.41762152734375 0.5216494140625 0.548789544921875 0.588261423828125 0.548818478515625 0.5705396953125 0.4150655859375 0.4988565234375 0.41762152734375
1 0.5715674296875 0.410368439453125 0.59185956640625 0.554436728515625 0.66100716015625 0.553173224609375 0.6452723125 0.408868634765625 0.5715674296875 0.410368439453125
1 0.6512002734375 0.409722220703125 0.6647076484375 0.54949845703125 0.7384811171875 0.549156056640625 0.730113490234375 0.407952353515625 0.6512002734375 0.409722220703125
1 0.731860853515625 0.404378859375 0.742764060546875 0.544290123046875 0.818902177734375 0.55079089453125 0.815776640625 0.398866705078125 0.731860853515625 0.404378859375
1 0.819922412109375 0.39168595703125 0.82273983984375 0.54943094140625 0.9019959921875 0.553448109375 0.91010909765625 0.392814427734375 0.819922412109375 0.39168595703125
1 1 0.3902578203125 0.91069155078125 0.391623263671875 0.907718193359375 0.550829474609375 0.990949181640625 0.55580150390625 1 0.45586099609375 1 0.3902578203125
1 1 0.76405914453125 0.987018818359375 0.764978779296875 0.97910933203125 0.884968171875 1 0.887857310546875 1 0.76405914453125
0 0.919376927734375 0.725530478515625 0.917707796875 0.928785685546875 0.97260105859375 0.929422259765625 0.986331875 0.731346451171875 0.919376927734375 0.725530478515625
0 0.838168724609375 0.74367283984375 0.84386466796875 0.905912423828125 0.899134625 0.901885609375 0.898201732421875 0.7428819453125 0.838168724609375 0.74367283984375