1 0.292680775390625 0.478703705078125 0.3161495078125 0.6321097890625 0.380764072265625 0.62609126953125 0.367486955078125 0.482903439453125 0.292680775390625 0.478703705078125
1 0.529258525390625 0.48373016015625 0.5347819296875 0.63065476171875 0.601805005859375 0.636607142578125 0.604035310546875 0.485945767578125 0.529258525390625 0.48373016015625
1 0.764955357421875 0.504596560546875 0.751417365234375 0.64500661328125 0.822845935546875 0.647123015625 0.844284611328125 0.512896826171875 0.764955357421875 0.504596560546875
1 1 0.521348783203125 0.92690329296875 0.51732804296875 0.90975253515625 0.63978174609375 0.97234071875 0.647585978515625 1 0.541098875 1 0.521348783203125
1 0.41489473046875 0.821461640625 0.42520484375 0.914980158203125 0.486647560546875 0.9207671953125 0.4807429453125 0.82341269921875 0.41489473046875 0.821461640625
1 0.607945693359375 0.825198412109375 0.60618478125 0.932242064453125 0.663104421875 0.933928572265625 0.6726778359375 0.827116400390625 0.607945693359375 0.825198412109375
1 0.740787587890625 0.8311177265625 0.730068708984375 0.93591269921875 0.789338072265625 0.9456018515625 0.803346376953125 0.83693783203125 0.740787587890625 0.8311177265625
1 1 0.844747859375 0.94176862890625 0.843022486328125 0.925498787109375 0.9496362421875 0.97792475 0.94920634765625 1 0.865359681640625 1 0.844747859375
0 0.020102719907407408 0.3685980902777778 0.031857638888888894 0.17371961805555558
0 0.08542390046296296 0.03376736111111111 0.09662905092592591 0.06533564814814814
0 0.8461371527777778 0.05435474537037037 0.08192274305555558 0.060995370370370366
0 0.9222945601851852 0.05563512731481481 0.05943287037037037 0.05837673611111112
0 0.034281306640625 0.50674603125 0.122423390625 0.6581018515625 0.172733869140625 0.5901785703125 0.0855608828125 0.42893518359375 0.034281306640625 0.50674603125
0 0.144833001953125 0.664715607421875 0.225191982421875 0.817824072265625 0.275561251953125 0.753869046875 0.20844907421875 0.666600529296875 0.174408435546875 0.627910052734375 0.144833001953125 0.664715607421875
0 0.137957453125 0.4265211640625 0.179166666015625 0.64788359765625 0.2439869921875 0.65575396875 0.2082111640625 0.4246362421875 0.137957453125 0.4265211640625
0 0.2152309296875 0.446660052734375 0.250096451171875 0.691633599609375 0.316943158203125 0.685681216796875 0.292239857421875 0.448941798828125 0.2152309296875 0.446660052734375
0 0.3657536015625 0.441203703125 0.386991107421875 0.66990740625 0.44285346875 0.675529099609375 0.4270787421875 0.439054232421875 0.3657536015625 0.441203703125
0 0.45747721875 0.457804234375 0.46197365625 0.686011904296875 0.5255309375 0.6839285703125 0.521005109375 0.4537367734375 0.45747721875 0.457804234375
0 0.61460813671875 0.446593916015625 0.61179177734375 0.708300263671875 0.676612103515625 0.716170634765625 0.682982435546875 0.468452380859375 0.61460813671875 0.446593916015625
0 0.691969796875 0.472685185546875 0.682368828125 0.7282407421875 0.7414324296875 0.724041005859375 0.757876798828125 0.478604498046875 0.691969796875 0.472685185546875
0 0.8527134765625 0.479431216796875 0.82710537890625 0.70873016015625 0.8965075703125 0.7246693125 0.921909904296875 0.481481482421875 0.8527134765625 0.479431216796875
0 0.4814474921875 0.79566798828125 0.4862075625 0.966369048828125 0.5388686796875 0.981812169921875 0.5350777109375 0.801223544921875 0.4814474921875 0.79566798828125
0 0.54400628125 0.80148809375 0.54873695703125 0.97020502734375 0.6046875 0.9817791015625 0.607622353515625 0.803373015625 0.54400628125 0.80148809375
0 0.67775848828125 0.793551587890625 0.66939025 0.981712962890625 0.7253701875 0.995271162109375 0.742520025390625 0.797453705078125 0.67775848828125 0.793551587890625
0 0.8435603515625 1 0.8667566875 0.82493386328125 0.81303828515625 0.813425927734375 0.7955063203125 0.985449736328125 0.827833943359375 1 0.8435603515625 1
0 0.916715107421875 1 0.943824404296875 0.83118386328125 0.88672839453125 0.817592591796875 0.8691964296875 0.98961640234375 0.90594799609375 1 0.916715107421875 1
0 1 0.896628828125 0.9837108671875 0.96326058203125 1 0.980840490234375 1 0.896628828125