1 0.92434130859375 0.370953615234375 0.88248701171875 0.563203521484375 0.94484798828125 0.5768338203125 0.98777972265625 0.394270728515625 0.92434130859375 0.370953615234375
1 0.85382597265625 0.3562312734375 0.813983298828125 0.549664224609375 0.88043943359375 0.56323385546875 0.920856775390625 0.373430931640625 0.85382597265625 0.3562312734375
1 0.7603182109375 0.426748859375 0.737899896484375 0.538662916015625 0.809995998046875 0.546084755859375 0.82986340625 0.451188349609375 0.7603182109375 0.426748859375
1 0.68649809765625 0.408436935546875 0.659768916015625 0.52769194140625 0.735241697265625 0.5362766015625 0.754139525390625 0.428053240234375 0.68649809765625 0.408436935546875
1 0.527185833984375 0.25919123046875 0.49718501953125 0.4888637890625 0.57955496484375 0.494920576171875 0.611746603515625 0.283408265625 0.527185833984375 0.25919123046875
0 0.63685682421875 0.264843556640625 0.5879239140625 0.534820546875 0.652727380859375 0.5581174375 0.71114375 0.290425646484375 0.63685682421875 0.264843556640625
0 0.46435860546875 0.21524666015625 0.43227369921875 0.469207037109375 0.49334152734375 0.480430798828125 0.530419265625 0.24216346875 0.46435860546875 0.21524666015625
0 0.36657817578125 0.199715400390625 0.340168064453125 0.4924028125 0.40737862890625 0.503535572265625 0.43612337109375 0.224154890625 0.36657817578125 0.199715400390625
0 0.2564780078125 0.116447216796875 0.22518067578125 0.481977859375 0.30658048046875 0.497751794921875 0.34057140234375 0.156438189453125 0.2564780078125 0.116447216796875
0 0.1435376328125 0.129036029296875 0.13246610546875 0.433624677734375 0.20894498046875 0.43127880859375 0.224793630859375 0.149663486328125 0.1435376328125 0.129036029296875
0 0.026539177734375 0.094383927734375 0.0214300625 0.427992572265625 0.110050599609375 0.430318216796875 0.121769263671875 0.103888736328125 0.026539177734375 0.094383927734375
1 0 0.99956104296875 0.0515909765625 0.998796732421875 0.056299564453125 0.885932193359375 0 0.88428258203125 0 0.99956104296875
1 0.060502576171875 0.882231384765625 0.055003607421875 0.998746173828125 0.143767951171875 0.99621830078125 0.149733734375 0.8869736796875 0.060502576171875 0.882231384765625
1 0.2317778671875 0.996127296875 0.2395395625 0.895345998046875 0.15375698828125 0.88933976953125 0.147144630859375 0.997381123046875 0.2317778671875 0.996127296875
1 0.319823732421875 0.9948229140625 0.32877072265625 0.900088291015625 0.246472681640625 0.891604744140625 0.23519049609375 0.99607673828125 0.319823732421875 0.9948229140625
1 0.402409390625 0.993599421875 0.4138348203125 0.90731801171875 0.331536779296875 0.89883446484375 0.322553837890625 0.994782466796875 0.402409390625 0.993599421875
1 0.480217365234375 0.9924467109375 0.492289369140625 0.9073685703125 0.41318824609375 0.906114744140625 0.40309191796875 0.993589310546875 0.480217365234375 0.9924467109375
1 0.49430099609375 0.908551615234375 0.480217365234375 0.9924467109375 0.553283609375 0.99015140234375 0.56801381640625 0.907459572265625 0.49430099609375 0.908551615234375
1 0.626277951171875 0.9902828515625 0.637990435546875 0.917338505859375 0.569271009765625 0.91107948828125 0.555295236328125 0.991334447265625 0.626277951171875 0.9902828515625
1 0.694530560546875 0.989271701171875 0.709583771484375 0.91870355859375 0.639355486328125 0.917318283203125 0.628325529296875 0.990252515625 0.694530560546875 0.989271701171875
1 0.696578138671875 0.9892413671875 0.760735591796875 0.988290884765625 0.77966824609375 0.9249423515625 0.77151388671875 0.923850310546875 0.712385779296875 0.916236353515625 0.696578138671875 0.9892413671875
1 0.77837509765625 0.922535814453125 0.76630365625 0.98456985546875 0.82421051953125 0.987350515625 0.841634314453125 0.928875724609375 0.77837509765625 0.922535814453125