1 0 0.84280509375 0.006441521484375 0.8632853828125 0.033755876953125 0.86765873046875 0.013380916015625 0.75524140234375 0 0.754343162109375 0 0.84280509375
1 0.093121232421875 0.7643601171875 0.1191720859375 0.863963294921875 0.1593359609375 0.866542658203125 0.14057631640625 0.762086640625 0.093121232421875 0.7643601171875
1 0 0.45327079296875 0.033155587890625 0.57198247265625 0.082270080078125 0.571717923828125 0.0559036953125 0.43936838671875 0 0.44522432421875 0 0.45327079296875
1 0.142443322265625 0.434697419921875 0.1709830625 0.57501653515625 0.24016479296875 0.57802579296875 0.218894216796875 0.435830025390625 0.142443322265625 0.434697419921875
1 0.221133708984375 0.43487103125 0.242962318359375 0.57707506640625 0.312716783203125 0.578108466796875 0.29592519140625 0.433994708984375 0.221133708984375 0.43487103125
1 0.298744763671875 0.430067791015625 0.3155143125 0.57715773828125 0.384130658203125 0.58115079296875 0.37292676953125 0.43612764453125 0.298744763671875 0.430067791015625
1 0.278389091796875 0.767104826171875 0.296576001953125 0.87353670703125 0.351256154296875 0.875338955078125 0.341447126953125 0.76803901953125 0.278389091796875 0.767104826171875
0 0 0.645956279296875 0.027876064453125 0.606630291015625 0 0.490841916015625 0 0.645956279296875
0 0.0288952265625 0.8457589296875 0.052376359375 0.91555886328125 0.084720384765625 0.91901455078125 0.1150306796875 0.895651455078125 0.07053571484375 0.724338623046875 0.009166484375 0.72144510546875 0.0288952265625 0.8457589296875
0 0.06865722265625 0.52587632421875 0.098430611328125 0.650338955078125 0.140297986328125 0.6489748671875 0.168427578125 0.618634259765625 0.128734935546875 0.401752646484375 0.05895842578125 0.403695435546875 0.06865722265625 0.52587632421875
0 0.154901068359375 0.862508265625 0.17347745703125 0.91636078125 0.20304600390625 0.917791005859375 0.22386969140625 0.8942873671875 0.197503306640625 0.761937830078125 0.145033251953125 0.763144841796875 0.154901068359375 0.862508265625
0 0.212621712890625 0.755216599609375 0.245853083984375 0.940252974609375 0.2963702421875 0.901314484375 0.27738325 0.752207341796875 0.212621712890625 0.755216599609375
0 0.339956734375 0.7432126328125 0.35979525 0.92805059375 0.41072347265625 0.908961640625 0.401920744140625 0.741154099609375 0.339956734375 0.7432126328125
0 0.540203375 0.758085318359375 0.5445418125 0.925826720703125 0.599794697265625 0.925653107421875 0.598819169921875 0.75597718359375 0.540203375 0.758085318359375
0 0.60997253515625 0.75713458984375 0.60603597265625 0.911855158203125 0.6568466171875 0.90863921875 0.66576141015625 0.759945435546875 0.60997253515625 0.75713458984375
0 0.680901859375 0.750248015625 0.6723319921875 0.927719908203125 0.721439134765625 0.928447421875 0.73948826171875 0.75210813671875 0.680901859375 0.750248015625
1 0.409527482421875 0.7690476171875 0.4165536796875 0.875314154296875 0.476828888671875 0.8752149453125 0.472020134765625 0.770965607421875 0.409527482421875 0.7690476171875
1 0.473701591796875 0.769998345703125 0.47961906640625 0.87525628125 0.53650196484375 0.88105985546875 0.535621509765625 0.7738921953125 0.473701591796875 0.769998345703125
1 0.376289681640625 0.434193123046875 0.389160330078125 0.580233134765625 0.455015890625 0.5802166015625 0.4493997109375 0.434284060546875 0.376289681640625 0.434193123046875
1 0.454436728515625 0.432374337890625 0.4600455625 0.57929894140625 0.52922729296875 0.582308201171875 0.52919881640625 0.43546626953125 0.454436728515625 0.432374337890625
1 0.533097716796875 0.436516205078125 0.53427166015625 0.5794064140625 0.603431345703125 0.585391865234375 0.60842519140625 0.438624337890625 0.533097716796875 0.436516205078125
1 0.613476908203125 0.434730490234375 0.60790298046875 0.5844659375 0.6771067578125 0.5844990078125 0.6893624140625 0.436846890625 0.613476908203125 0.434730490234375
1 0.696602181640625 0.438938494140625 0.683803185546875 0.58459821484375 0.75243423046875 0.586607142578125 0.7730677734375 0.438086970703125 0.696602181640625 0.438938494140625
1 0.742087375 0.777943123046875 0.72840011328125 0.892832341796875 0.790878068359375 0.89673445703125 0.8073334609375 0.784862763671875 0.742087375 0.777943123046875
1 0.80956560546875 0.78489583203125 0.793675595703125 0.895783728515625 0.856197642578125 0.89373346484375 0.875949810546875 0.788855822265625 0.80956560546875 0.78489583203125
1 0.77980829296875 0.432233794921875 0.757999888671875 0.588673943359375 0.8305298359375 0.5917328046875 0.857918595703125 0.435375330078125 0.77980829296875 0.432233794921875
1 0.862382880859375 0.435441466796875 0.83499412109375 0.591798943359375 0.908669533203125 0.5909060859375 0.943848748046875 0.43764054296875 0.862382880859375 0.435441466796875
1 0.99603174609375 0.550529099609375 0.99689153515625 0.434457671875 0.947211658203125 0.43570601953125 0.912546388671875 0.594932208984375 0.983438970703125 0.593005951171875 0.99603174609375 0.550529099609375
0 0.9206431875 0.9333829375 0.9911756875 0.980067791015625 0.99427542578125 0.7876322734375 0.960271990234375 0.782167658203125 0.9206431875 0.9333829375