0 0.0791015625 0.478515625 0.083984375 0.2744140625
0 0.0888671875 0.1201171875 0.0693359375 0.2099609375
0 0.162109375 0.12109375 0.0703125 0.2197265625
0 0.2529296875 0.4482421875 0.0830078125 0.28125
0 0.3251953125 0.4287109375 0.0888671875 0.279296875
0 0.458984375 0.95703125 0.0810546875 0.0859375
0 0.5234375 0.947265625 0.0556640625 0.10546875
1 0 0.195766330078125 0.050888123046875 0.194283251953125 0.05172235546875 0.0771200703125 0 0.0711877578125 0 0.195766330078125
1 0.274462171875 0.20614787890625 0.263617162109375 0.097883166015625 0.20021556640625 0.0904677734375 0.205220955078125 0.20318172265625 0.274462171875 0.20614787890625
1 0.40209959375 0.21652942578125 0.38541496484375 0.11271394921875 0.329521453125 0.10826471484375 0.341200693359375 0.21059711328125 0.40209959375 0.21652942578125
1 0.21356326953125 0.556154349609375 0.20688941796875 0.4048803671875 0.1259689609375 0.4108126796875 0.12680319140625 0.5680189765625 0.21356326953125 0.556154349609375
1 0.4504850234375 0.523526626953125 0.425458078125 0.394498818359375 0.36205648046875 0.395981896484375 0.3770726484375 0.53094201953125 0.4504850234375 0.523526626953125
1 0.573117056640625 0.513145080078125 0.5464216484375 0.3989480546875 0.4938650625 0.4063634453125 0.511383923828125 0.520560470703125 0.573117056640625 0.513145080078125
1 0.628176337890625 0.504246609375 0.599812466796875 0.391532662109375 0.54975857421875 0.4004311328125 0.572282826171875 0.508695845703125 0.628176337890625 0.504246609375
1 0.603117484375 0.39178866015625 0.6294928828125 0.50536569140625 0.6828298046875 0.491819806640625 0.6535238046875 0.390746669921875 0.603703603515625 0.39178866015625 0.603117484375 0.39178866015625
1 0.73265000390625 0.49807175390625 0.70158564453125 0.390746669921875 0.65293768359375 0.39178866015625 0.67872696484375 0.485567861328125 0.73265000390625 0.49807175390625
1 0.782470205078125 0.491819806640625 0.748475244140625 0.38345273046875 0.70334400390625 0.388662685546875 0.734994484375 0.501197728515625 0.782470205078125 0.491819806640625
1 0.8293598046875 0.48765184375 0.791848125 0.38553671484375 0.749061365234375 0.386578705078125 0.781884083984375 0.49807175390625 0.8293598046875 0.48765184375
1 0.868629845703125 0.48244188671875 0.832290404296875 0.38553671484375 0.793606484375 0.38345273046875 0.8293598046875 0.483483876953125 0.868629845703125 0.48244188671875
1 0.909072125 0.478273921875 0.870388205078125 0.378242775390625 0.834634884765625 0.381368748046875 0.870388205078125 0.481399896484375 0.909072125 0.478273921875
1 0.5644335625 0.22507008203125 0.542747123046875 0.134416853515625 0.49996036328125 0.125038935546875 0.51461336328125 0.221944107421875 0.5644335625 0.22507008203125
1 0.658212763671875 0.23132202734375 0.63359572265625 0.141710791015625 0.601945244140625 0.137542828125 0.62011496484375 0.227154064453125 0.658212763671875 0.23132202734375
1 0.7009995234375 0.234448001953125 0.674624125 0.14796273828125 0.63652632421875 0.1437947734375 0.6587988828125 0.236531982421875 0.7009995234375 0.234448001953125
0 0.448381802734375 0.21673415234375 0.431384322265625 0.072939376953125 0.385666962890625 0.085443271484375 0.404422802734375 0.218818134765625 0.448381802734375 0.21673415234375
0 0.515199482421875 0.2281960546875 0.49351304296875 0.072939376953125 0.446037322265625 0.078149333984375 0.4665515234375 0.229238044921875 0.515199482421875 0.2281960546875
0 0.6242178046875 0.249035876953125 0.589050603515625 0.088569244140625 0.544505484375 0.105241103515625 0.57498372265625 0.251119859375 0.6242178046875 0.249035876953125
0 0.511682763671875 0.535583435546875 0.4829628828125 0.321975255859375 0.4243508828125 0.3344791484375 0.45600136328125 0.541835380859375 0.511682763671875 0.535583435546875
0 0.749647484375 0.249035876953125 0.7250304453125 0.116703005859375 0.679313083984375 0.12816490625 0.70979132421875 0.24695189453125 0.749647484375 0.249035876953125
0 0.78950364453125 0.23965795703125 0.764300484375 0.135458845703125 0.725616564453125 0.131290880859375 0.75550868359375 0.252161849609375 0.78950364453125 0.23965795703125
0 0.834048765625 0.253203841796875 0.802984404296875 0.130248890625 0.763714365234375 0.139626810546875 0.7965370859375 0.2573718046875 0.834048765625 0.253203841796875
0 0.931344685546875 0.256329814453125 0.965339646484375 0.24799388671875 0.982337125 0.1969363203125 0.9465838046875 0.1292068984375 0.893246884765625 0.1531726953125 0.931344685546875 0.256329814453125
1 0.8551738203125 0.242299248046875 0.82444101171875 0.161532833984375 0.81152432421875 0.160741005859375 0.832458265625 0.244674732421875 0.8551738203125 0.242299248046875
1 0.889469853515625 0.242299248046875 0.856955431640625 0.166283798828125 0.82533181640625 0.16311648828125 0.856955431640625 0.243882904296875 0.889469853515625 0.242299248046875
1 0.94870845703125 0.47668022265625 0.90817678125 0.376909943359375 0.871653732421875 0.37849359765625 0.91084919921875 0.484598498046875 0.94870845703125 0.47668022265625
1 0.985676908203125 0.4719292578125 0.94202741015625 0.374534458984375 0.907285974609375 0.377701771484375 0.949153859375 0.478263876953125 0.985676908203125 0.4719292578125
1 0.983004490234375 0.47430473828125 0.9999298046875 0.461635498046875 0.99948440234375 0.43392153125 0.97454183203125 0.376909943359375 0.942472814453125 0.377701771484375 0.983004490234375 0.47430473828125
0 0.956515130859375 0.849078888671875 0.906195060546875 0.76039217578125 0.86151430859375 0.77967189453125 0.90315850390625 0.90306210546875 0.956515130859375 0.849078888671875
0 0.993387595703125 0.8097482578125 0.94870684375 0.743426021484375 0.912268171875 0.766561685546875 0.95261098828125 0.85293483203125 0.993387595703125 0.8097482578125
0 1 0.7634769296875 0.98774827734375 0.758078607421875 0.9669261796875 0.7681040625 0.99642415234375 0.810519447265625 1 0.803578748046875 1 0.7634769296875