1 0.2880859375 0.7041015625 0.0771484375 0.2734375
1 0.435546875 0.0849609375 0.05859375 0.169921875
1 0.6689453125 0.1025390625 0.0673828125 0.1884765625
1 0.91796875 0.0966796875 0.0751953125 0.1923828125
0 0.0830078125 0.28515625 0.140625 0.255859375
0 0.20703125 0.0791015625 0.103515625 0.158203125
0 0.2841796875 0.0927734375 0.080078125 0.185546875
0 0.35546875 0.083984375 0.078125 0.16796875
0 0.498046875 0.1025390625 0.0712890625 0.2041015625
0 0.5908203125 0.109375 0.0703125 0.2177734375
0 0.75 0.107421875 0.080078125 0.2138671875
0 0.83203125 0.1015625 0.0751953125 0.2021484375
0 0.9833984375 0.111328125 0.033203125 0.22265625
0 0.185546875 0.677734375 0.1181640625 0.3115234375
0 0.3876953125 0.720703125 0.091796875 0.2822265625
0 0.486328125 0.76171875 0.0849609375 0.2978515625
0 0.591796875 0.7841796875 0.080078125 0.3173828125
0 0.716796875 0.8154296875 0.0927734375 0.3291015625
0 0.8251953125 0.7900390625 0.0849609375 0.2861328125
0 0.935546875 0.8154296875 0.1162109375 0.369140625