0 0.228515625 0.646484375 0.08984375 0.3193359375
0 0.32421875 0.6455078125 0.080078125 0.2919921875
0 0.4208984375 0.6455078125 0.0810546875 0.3466796875
0 0.5283203125 0.6298828125 0.0908203125 0.330078125
0 0.615234375 0.6435546875 0.0791015625 0.27734375
0 0.80078125 0.630859375 0.1025390625 0.3115234375
1 0.697265625 0.634765625 0.087890625 0.25390625
1 0.0595703125 0.0205078125 0.08203125 0.03515625
1 0.146484375 0.021484375 0.0751953125 0.0419921875
1 0.2314453125 0.0234375 0.0810546875 0.0400390625
1 0.3173828125 0.029296875 0.0791015625 0.0517578125
1 0.4013671875 0.0302734375 0.0771484375 0.0576171875
1 0.4853515625 0.033203125 0.0751953125 0.0595703125
1 0.5673828125 0.03125 0.076171875 0.0595703125
1 0.6484375 0.037109375 0.0751953125 0.0673828125
1 0.7255859375 0.04296875 0.0751953125 0.0791015625
1 0.8076171875 0.0361328125 0.0751953125 0.0703125
1 0.8828125 0.0439453125 0.0673828125 0.0869140625
1 0.9609375 0.0478515625 0.0634765625 0.0947265625
1 0.873046875 0.568359375 0.076171875 0.126953125
1 0.962890625 0.5703125 0.0732421875 0.1171875