0 0.0927734375 0.6767578125 0.123046875 0.3583984375
0 0.3095703125 0.6982421875 0.083984375 0.2802734375
0 0.412109375 0.7099609375 0.0830078125 0.30859375
0 0.521484375 0.7431640625 0.068359375 0.302734375
0 0.638671875 0.7431640625 0.078125 0.3193359375
0 0.73828125 0.7001953125 0.0732421875 0.2607421875
0 0.837890625 0.72265625 0.0908203125 0.3115234375
0 0.400390625 0.078125 0.0673828125 0.150390625
0 0.4951171875 0.0791015625 0.0595703125 0.1474609375
0 0.658203125 0.080078125 0.068359375 0.14453125
0 0.740234375 0.068359375 0.064453125 0.1357421875
0 0.9033203125 0.0830078125 0.078125 0.150390625
0 0.1767578125 0.0751953125 0.072265625 0.14453125
0 0.259765625 0.0615234375 0.080078125 0.1220703125
0 0.0849609375 0.0732421875 0.091796875 0.1357421875
1 0.568359375 0.072265625 0.0751953125 0.138671875
1 0.2099609375 0.6845703125 0.091796875 0.296875
0 0.9140625 0.720703125 0.056640625 0.3134765625
0 0.0205078125 0.2041015625 0.037109375 0.1416015625
1 0.8134765625 0.068359375 0.0830078125 0.1357421875
1 0.9677734375 0.0712890625 0.064453125 0.1416015625
1 0.330078125 0.0693359375 0.0732421875 0.138671875