1 0.96713948046875 0.57028847265625 0.999900732421875 0.565434955078125 0.99921820703125 0.384641373046875 0.9964881015625 0.3628005390625 0.9323306484375 0.37614771484375 0.96713948046875 0.57028847265625
1 0.963726849609375 0.566648333984375 0.92891801953125 0.377361095703125 0.8599828828125 0.3870681328125 0.89683929296875 0.579995509765625 0.963726849609375 0.566648333984375
1 0.87295087890625 0.48899203125 0.85725277734375 0.390708271484375 0.7835399609375 0.40769558984375 0.7999205859375 0.516899763671875 0.87295087890625 0.48899203125
1 0.796507955078125 0.514473005859375 0.78080985546875 0.41376248828125 0.70368440625 0.42468290625 0.72689029296875 0.538740599609375 0.796507955078125 0.514473005859375
1 0.647034740234375 0.66250533203125 0.62041622265625 0.452590638671875 0.53851308984375 0.453804017578125 0.561718978515625 0.6879863046875 0.647034740234375 0.66250533203125
0 0.7480486015625 0.6576518125 0.700954302734375 0.395561791015625 0.627924009765625 0.406482208984375 0.6716056796875 0.68677292578125 0.7480486015625 0.6576518125
0 0.557623822265625 0.70254686328125 0.535782986328125 0.4671511953125 0.47435563671875 0.4829251328125 0.490736263671875 0.721960939453125 0.557623822265625 0.70254686328125
0 0.4668478515625 0.725601078125 0.449102171875 0.440456841796875 0.3808495625 0.4392434609375 0.39586513671875 0.7438017734375 0.4668478515625 0.725601078125
0 0.37197672265625 0.78869682421875 0.343310626953125 0.46229767578125 0.270962861328125 0.470791333984375 0.292121169921875 0.815391177734375 0.37197672265625 0.78869682421875
0 0.260042443359375 0.798403861328125 0.2484395 0.51204624609375 0.180869416015625 0.514473005859375 0.18155194140625 0.8117510390625 0.260042443359375 0.798403861328125
0 0.15356837109375 0.84208553125 0.154933423828125 0.522966662109375 0.072347765625 0.52418004296875 0.064839978515625 0.865139748046875 0.15356837109375 0.84208553125
1 0.0177456796875 0 0.0177456796875 0.084936580078125 0.111934279296875 0.0740161640625 0.110569228515625 0 0.0177456796875 0
1 0.11329933203125 0 0.113981859375 0.071589404296875 0.20339277734375 0.059455607421875 0.200662671875 0 0.11329933203125 0
1 0.2968988515625 0.05702884765625 0.28939106640625 0 0.20339277734375 0.002426759765625 0.20544035546875 0.0618823671875 0.2968988515625 0.05702884765625
1 0.3808495625 0.04489505078125 0.375389353515625 0 0.29553380078125 0.003640138671875 0.29553380078125 0.054602087890625 0.3808495625 0.04489505078125
1 0.3808495625 0 0.382214615234375 0.05096194921875 0.465482798828125 0.04004153125 0.45797501171875 0 0.3808495625 0
1 0.54602087890625 0.02912111328125 0.5412431953125 0.00121337890625 0.46411774609375 0.002426759765625 0.465482798828125 0.03518801171875 0.54602087890625 0.02912111328125
1 0.623828853515625 0.02426759375 0.62041622265625 0 0.54397330078125 0.00121337890625 0.54602087890625 0.031547873046875 0.623828853515625 0.02426759375