0 0.10475260416666667 0.6775535300925926 0.12198350694444446 0.35611979166666674
0 0.32024739583333334 0.7227647569444444 0.09027777777777779 0.2894241898148149
0 0.42693142361111114 0.7413917824074074 0.08467881944444455 0.3007089120370372
0 0.5326605902777778 0.7609230324074074 0.08980034722222219 0.31181278935185186
0 0.65078125 0.7677228009259259 0.10108506944444451 0.3370225694444444
0 0.7515190972222222 0.7381365740740741 0.09492187500000004 0.27904369212962954
0 0.8525390625 0.7651186342592593 0.10933159722222219 0.35713252314814814
0 0.9277560763888889 0.7716652199074074 0.09952256944444438 0.3544560185185186
0 0.020225694444444445 0.2081886574074074 0.034765625 0.16051793981481483
0 0.08235677083333334 0.06459780092592593 0.10219184027777778 0.12358940972222221
0 0.17150607638888887 0.08387586805555555 0.08615451388888884 0.14775028935185186
0 0.24930555555555556 0.07501446759259259 0.07673611111111112 0.11877893518518517
0 0.3951605902777778 0.10141782407407407 0.08426649305555556 0.15053530092592593
0 0.4898220486111111 0.10550491898148148 0.07632378472222223 0.1440972222222222
0 0.6480251736111111 0.11722366898148148 0.07827690972222223 0.14424189814814814
0 0.7299913194444445 0.12037037037037038 0.07326388888888902 0.13802083333333331
0 0.8943142361111112 0.14424189814814814 0.0845052083333333 0.16127748842592593
1 0.21803385416666668 0.6859447337962963 0.09437934027777778 0.2985026041666665
1 0.3217230902777778 0.08720341435185185 0.06814236111111116 0.12691695601851852
1 0.5657118055555556 0.09845196759259259 0.07673611111111112 0.11877893518518517
1 0.8098524305555556 0.11653645833333334 0.08454861111111112 0.1193576388888889
1 0.9638671875 0.13389756944444445 0.072265625 0.13035300925925924