0 0.928833732421875 0.493942900390625 0.9427440546875 0.516743828125 0.960105166015625 0.516358025390625 0.965706447265625 0.440740740234375 0.904013775390625 0.314236111328125 0.850944501953125 0.37550154296875 0.899205533203125 0.496141974609375 0.928833732421875 0.493942900390625
0 0.9444444453125 0.72777777734375 0.953589392578125 0.604320986328125 0.942265375 0.499807099609375 0.873917609375 0.49824459765625 0.890967935546875 0.72434413671875 0.9444444453125 0.72777777734375
0 0.876007373046875 0.69232253125 0.869809529296875 0.43670910546875 0.797303669921875 0.444483025390625 0.7947530859375 0.689506173828125 0.876007373046875 0.69232253125
0 0.715760029296875 0.69126157421875 0.716528064453125 0.458603396484375 0.66357667578125 0.45978009375 0.6464298984375 0.69126157421875 0.715760029296875 0.69126157421875
0 0.6156684027777778 0.2437065972222222 0.05946180555555558 0.17096354166666672
0 0.5521556712962963 0.2324435763888889 0.06401909722222232 0.17983940972222223
0 0.5953776041666666 0.5571180555555556 0.08271846064814814 0.2348524305555555
1 0.794685212890625 0.6787229921875 0.7885731015625 0.51554783984375 0.7182606015625 0.51711033984375 0.716378029296875 0.67121913671875 0.794685212890625 0.6787229921875
1 0.707193787109375 0.315528548828125 0.7073831171875 0.20767746875 0.64326131640625 0.207561728515625 0.63820658984375 0.310898919921875 0.707193787109375 0.315528548828125
1 0.54818244140625 0.648765431640625 0.563953904296875 0.49434799609375 0.492248228515625 0.4913194453125 0.470400376953125 0.645871912109375 0.54818244140625 0.648765431640625
1 0.50891275 0.301446759765625 0.525709447265625 0.191685958984375 0.468189158203125 0.1960455234375 0.447509431640625 0.299729939453125 0.50891275 0.301446759765625
0 0.4597550859375 0.64918981640625 0.4923446796875 0.408121140625 0.434117083984375 0.398630400390625 0.3895568984375 0.64920910546875 0.4597550859375 0.64918981640625
0 0.384623626953125 0.63391203515625 0.435556697265625 0.3908950625 0.376575361328125 0.379880400390625 0.324774234375 0.62291666796875 0.384623626953125 0.63391203515625
0 0.44076860546875 0.332233796875 0.4705682734375 0.14052855078125 0.420449673828125 0.13856095703125 0.384277119140625 0.322704474609375 0.44076860546875 0.332233796875
0 0.3277911328125 0.28070245703125 0.356882123046875 0.155261751953125 0.309834005859375 0.142441240234375 0.280836994140625 0.2828125 0.3277911328125 0.28070245703125
0 0.237515828125 0.616559830078125 0.295727484375 0.397676283203125 0.234810265625 0.3776976484375 0.171884890625 0.61161858984375 0.237515828125 0.616559830078125
1 0.387696859375 0.290037392578125 0.4101599609375 0.18927617578125 0.35074390625 0.1895299140625 0.327316298828125 0.287112712890625 0.387696859375 0.290037392578125
1 0.320369380859375 0.615785255859375 0.35252948046875 0.473210470703125 0.2852539375 0.46617254296875 0.24876098046875 0.602443908203125 0.320369380859375 0.615785255859375
1 0.173878205078125 0.600908119140625 0.207334203125 0.4732371796875 0.150987259765625 0.456356837890625 0.1061129921875 0.584281517578125 0.173878205078125 0.600908119140625
0 0.255327041015625 0.2951121796875 0.294335134765625 0.14918536328125 0.247272177734375 0.120365919921875 0.20571680078125 0.284481837890625 0.255327041015625 0.2951121796875
1 0.205353255859375 0.2812900625 0.234426935546875 0.180381943359375 0.1865082890625 0.179313568359375 0.146491177734375 0.274065169921875 0.205353255859375 0.2812900625
1 0.10535375 0.586431625 0.149026095703125 0.458533654296875 0.08815586328125 0.446020298828125 0.03755638671875 0.57833867578125 0.10535375 0.586431625
1 0 0.5665489140625 0.0367180078125 0.581557158203125 0.087112220703125 0.4439102578125 0.027411759765625 0.439903845703125 0 0.50413384375 0 0.5665489140625
1 0.0832640859375 0.269070513671875 0.11991284765625 0.17119391015625 0.07956928515625 0.173157052734375 0.0389512109375 0.267922009765625 0.0832640859375 0.269070513671875
1 0 0.267291888671875 0.036547365234375 0.267975427734375 0.08024938671875 0.1720753203125 0.030844412109375 0.16677350390625 0 0.233367265625 0 0.267291888671875
0 0.12637256640625 0.310777244140625 0.188771169921875 0.156864314453125 0.135936015625 0.1249732890625 0.075624705078125 0.283106302734375 0.12637256640625 0.310777244140625
0 0 0.219107572265625 0.02122902734375 0.1669871796875 0.01599596484375 0.14043803515625 0 0.12911408984375 0 0.219107572265625