0 0.9446781640625 0.949387892578125 0.96447375390625 0.995509275390625 0.97033344921875 0.8372975078125 0.9446781640625 0.949387892578125
0 0.8469328703703703 0.8824363425925926 0.07848668981481488 0.22434895833333335
0 0.6293041087962963 0.867238136574074 0.06673177083333326 0.19644820601851842
0 0.5632233796296295 0.855005787037037 0.06528501157407396 0.18370225694444442
0 0.4968532986111111 0.8505859375 0.06937210648148151 0.18878761574074066
1 0.933865951171875 0.9510160625 0.9615139453125 0.826594330078125 0.888694484375 0.822818505859375 0.86810176171875 0.943370458984375 0.933865951171875 0.9510160625
1 0.79395128515625 0.93405956640625 0.808209818359375 0.8186452265625 0.733292830078125 0.80929459375 0.723683982421875 0.9235835078125 0.79395128515625 0.93405956640625
1 0.7236405703125 0.924755630859375 0.733343345703125 0.807930693359375 0.664407001953125 0.8029896953125 0.659447779296875 0.9161532109375 0.7236405703125 0.924755630859375
1 0.98531909765625 0.448236208984375 0.958429916015625 0.4536745234375 0.930391681640625 0.609369775390625 0.978936875 0.62055623828125 0.98531909765625 0.448236208984375
1 0.844288763671875 0.611737748046875 0.927131294921875 0.614456720703125 0.9552123359375 0.457607216796875 0.8661443515625 0.457088435546875 0.844288763671875 0.611737748046875
1 0.757671966796875 0.607246505859375 0.84270523046875 0.613022158203125 0.858529658203125 0.455327080078125 0.77257834375 0.453603357421875 0.757671966796875 0.607246505859375
1 0.758433666015625 0.607416087890625 0.7702787578125 0.453484119140625 0.686576509765625 0.453243560546875 0.678669802734375 0.6045166171875 0.758433666015625 0.607416087890625
1 0.59971815234375 0.600422828125 0.67402017578125 0.60564201953125 0.681160314453125 0.454329240234375 0.59965656640625 0.4569356875 0.59971815234375 0.600422828125
1 0.59829630859375 0.602525970703125 0.59953419140625 0.455055583984375 0.52268006640625 0.4565366328125 0.528873841796875 0.600341736328125 0.59829630859375 0.602525970703125
1 0.523508220703125 0.60006351953125 0.517929412109375 0.46038983203125 0.44516046484375 0.455250134765625 0.459836470703125 0.598128541015625 0.523508220703125 0.60006351953125
1 0.454258248046875 0.60359058203125 0.443374875 0.4619901171875 0.374388017578125 0.458413021484375 0.39079909765625 0.595915318359375 0.454258248046875 0.60359058203125
1 0.388272017578125 0.5967557734375 0.36973833203125 0.45953841796875 0.303817568359375 0.4561203046875 0.32631032421875 0.595304494140625 0.388272017578125 0.5967557734375
1 0.472214703125 0.896358880859375 0.4629817890625 0.7827709921875 0.404776748046875 0.77838643359375 0.417700037109375 0.885644607421875 0.472214703125 0.896358880859375
1 0.412384931640625 0.8840024921875 0.405391712890625 0.782517853515625 0.348054208984375 0.775445265625 0.36036253515625 0.8785720078125 0.412384931640625 0.8840024921875
1 0.257925525390625 0.59102462109375 0.32305467578125 0.595080783203125 0.301151474609375 0.460714119140625 0.236148763671875 0.453244076171875 0.257925525390625 0.59102462109375
1 0.199568939453125 0.590731763671875 0.257837333984375 0.593405794921875 0.232880611328125 0.458540693359375 0.166858818359375 0.45785037890625 0.199568939453125 0.590731763671875
1 0.14187783203125 0.593206447265625 0.200082876953125 0.59759098046875 0.1698743984375 0.459373236328125 0.1061016171875 0.460166029296875 0.14187783203125 0.593206447265625
0 0.227748041015625 0.763007125 0.212604330078125 0.84011319140625 0.238861595703125 0.939863669921875 0.303982349609375 0.92859533203125 0.27680531640625 0.7655508359375 0.227748041015625 0.763007125
0 0.15185036328125 0.717927095703125 0.127769849609375 0.80823491015625 0.16738745703125 0.961972193359375 0.234944232421875 0.952321986328125 0.2023902578125 0.72191417578125 0.15185036328125 0.717927095703125
0 0.041108986328125 0.701252849609375 0.017221744140625 0.76560690234375 0.067520076171875 0.92126451953125 0.135588333984375 0.88743743359375 0.088986904296875 0.694169802734375 0.041108986328125 0.701252849609375
0 0 0.915346888671875 0.058827 0.90714862890625 0 0.713239509765625 0 0.915346888671875
1 0.13399930078125 0.07498943359375 0.11792637109375 0.006114701171875 0.04658494140625 0.00390460546875 0.06291913671875 0.0812763671875 0.13399930078125 0.07498943359375
1 0.212114220703125 0.0653866328125 0.19994411328125 0.01036747265625 0.12236940625 0.010567208984375 0.134862212890625 0.067242052734375 0.212114220703125 0.0653866328125
1 0.291893087890625 0.06269671484375 0.28656091015625 0.014858712890625 0.204437666015625 0.01345610546875 0.2142684921875 0.059060796875 0.291893087890625 0.06269671484375
0 0.3277633101851852 0.053197337962962964 0.08861400462962965 0.07672164351851853