0 0.03246527777777778 0.5547453703703704 0.026519097222222218 0.24523292824074083
0 0.11134982638888889 0.5504484953703703 0.0990017361111111 0.29458188657407414
0 0.2803819444444445 0.5097222222222222 0.09737413194444444 0.27992621527777795
0 0.35531684027777777 0.504419849537037 0.1015842013888889 0.28679108796296293
0 0.3169487847222222 0.21223958333333331 0.08370225694444444 0.19196325231481481
0 0.17799479166666665 0.18289930555555556 0.07990451388888886 0.2163411458333333
0 0.10230034722222223 0.19307725694444444 0.07491319444444444 0.2358289930555556
0 0.5726996527777777 0.9784161603009259 0.059700520833333215 0.04316767939814814
0 0.5147135416666666 0.9918583622685185 0.06532118055555558 0.01628327546296293
1 0.071157568359375 0.26304221484375 0.066246166015625 0.152535669921875 0.007726876953125 0.143787236328125 0.01156555859375 0.26022508984375 0.071157568359375 0.26304221484375
1 0.29271031640625 0.271810453125 0.278037173828125 0.167170853515625 0.21417079296875 0.1583828125 0.225150484375 0.270122158203125 0.29271031640625 0.271810453125
1 0.421304552734375 0.278702259765625 0.39927916015625 0.17400819921875 0.3424135078125 0.17239912109375 0.360885724609375 0.27231545703125 0.421304552734375 0.278702259765625
1 0.248803109375 0.621901328125 0.23463826953125 0.46856359375 0.153306376953125 0.472712541015625 0.160892974609375 0.62837725 0.248803109375 0.621901328125
1 0.479605998046875 0.583224037109375 0.4525140703125 0.454735421875 0.3863438203125 0.4542452734375 0.41158901953125 0.586283759765625 0.479605998046875 0.583224037109375
1 0.579592265625 0.2810485546875 0.552675115234375 0.189695642578125 0.51097878515625 0.18279737109375 0.53062688671875 0.277391142578125 0.579592265625 0.2810485546875
1 0.6044998984375 0.56347951171875 0.571516052734375 0.44682225 0.5187620390625 0.455217361328125 0.5456639296875 0.574026041015625 0.6044998984375 0.56347951171875
1 0.66224642578125 0.5562196171875 0.62436771875 0.44062433203125 0.572898453125 0.450127197265625 0.603117498046875 0.560174564453125 0.66224642578125 0.5562196171875
1 0.710284099609375 0.539003685546875 0.67546315625 0.436609876953125 0.626123947265625 0.438440873046875 0.660197236328125 0.55181149609375 0.710284099609375 0.539003685546875
1 0.765624392578125 0.54710126171875 0.724900017578125 0.436976076171875 0.6780814765625 0.439923978515625 0.70919466015625 0.54229032421875 0.765624392578125 0.54710126171875
1 0.813906203125 0.53537831640625 0.772287689453125 0.43293415625 0.726038287109375 0.434788037109375 0.766665009765625 0.542716029296875 0.813906203125 0.53537831640625
1 0.858811294921875 0.5335144765625 0.815192419921875 0.42776079296875 0.77398435546875 0.43184848828125 0.813472810546875 0.54196451953125 0.858811294921875 0.5335144765625
1 0.67403187109375 0.281748107421875 0.644171396484375 0.193668099609375 0.611370650390625 0.192326896484375 0.636189787109375 0.27817308984375 0.67403187109375 0.281748107421875
1 0.645553798828125 0.196973044921875 0.673836564453125 0.27735371875 0.714670802734375 0.278754431640625 0.71533758984375 0.27985760546875 0.685672421875 0.196171986328125 0.645553798828125 0.196973044921875
1 0.901629109375 0.52394753125 0.856969619140625 0.422579076171875 0.814379154296875 0.423361826171875 0.8606163515625 0.532429611328125 0.901629109375 0.52394753125
1 0.939129408203125 0.519832369140625 0.895332013671875 0.4239614765625 0.857441099609375 0.41928786328125 0.9034341640625 0.522862666015625 0.939129408203125 0.519832369140625
0 0.465632615234375 0.276909703125 0.439705728515625 0.138340013671875 0.394643419921875 0.139104453125 0.42232653515625 0.275490681640625 0.465632615234375 0.276909703125
0 0.530486453125 0.29056892578125 0.500786189453125 0.136595990234375 0.453869998046875 0.13734669921875 0.483277302734375 0.284728052734375 0.530486453125 0.29056892578125
0 0.545149669921875 0.592692232421875 0.50396601953125 0.37493658984375 0.444592958984375 0.373398556640625 0.490541775390625 0.601073609375 0.545149669921875 0.592692232421875
0 0.644110365234375 0.303491169921875 0.599530216796875 0.148309779296875 0.551866369140625 0.160037302734375 0.591730177734375 0.306397875 0.644110365234375 0.303491169921875
0 0.76603835546875 0.29360049609375 0.733742671875 0.169010560546875 0.688957962890625 0.175355369140625 0.724355322265625 0.295795439453125 0.76603835546875 0.29360049609375
0 0.805397740234375 0.281373521484375 0.774573470703125 0.179327833984375 0.733940947265625 0.18403426171875 0.76433272265625 0.286911314453125 0.805397740234375 0.281373521484375
0 0.85544776171875 0.298435630859375 0.807655296875 0.173730904296875 0.771076404296875 0.18514391015625 0.8125785546875 0.30562919921875 0.85544776171875 0.298435630859375
0 0.904851751953125 0.19609583984375 0.94765115625 0.290816314453125 0.9748792890625 0.287499865234375 0.992989015625 0.234861900390625 0.95296024609375 0.165375291015625 0.904851751953125 0.19609583984375
1 0.87151089453125 0.28736473828125 0.834648685546875 0.206938955078125 0.8223918125 0.206099072265625 0.847518560546875 0.287936109375 0.87151089453125 0.28736473828125
1 0.83604641015625 0.209945673828125 0.8711893046875 0.289609630859375 0.871610806640625 0.289612751953125 0.903578380859375 0.2883513671875 0.86808059375 0.210182962890625 0.83604641015625 0.209945673828125
1 0.979523751953125 0.518135751953125 0.931712888671875 0.41890159375 0.89637329296875 0.42013800390625 0.94210994921875 0.52010588671875 0.979523751953125 0.518135751953125
1 1 0.48372352734375 0.966497765625 0.414664716796875 0.9316129765625 0.41665358203125 0.97997855859375 0.51888821484375 1 0.51553814453125 1 0.48372352734375
1 1 0.418376025390625 0.99856525390625 0.415651341796875 0.9677622734375 0.41467408203125 1 0.48496834765625 1 0.418376025390625
0 1 0.79458429296875 0.992222943359375 0.78490619921875 0.9527245234375 0.806337251953125 1 0.88153673046875 1 0.79458429296875
0 1 0.885542595703125 0.955830111328125 0.80036753125 0.911628556640625 0.82026556640625 0.960804880859375 0.950222568359375 1 0.90555994140625 1 0.885542595703125