0 0.0234375 0.203125 0.046875 0.205078125
0 0.0966796875 0.0595703125 0.103515625 0.119140625
0 0.1796875 0.0791015625 0.0751953125 0.158203125
0 0.2607421875 0.0751953125 0.0751953125 0.150390625
0 0.404296875 0.078125 0.0810546875 0.1552734375
0 0.50390625 0.08203125 0.076171875 0.1640625
0 0.66015625 0.0791015625 0.076171875 0.158203125
0 0.7431640625 0.0732421875 0.080078125 0.146484375
0 0.9013671875 0.08203125 0.087890625 0.1640625
0 0.0947265625 0.6787109375 0.1298828125 0.341796875
0 0.310546875 0.705078125 0.0888671875 0.283203125
0 0.4140625 0.73046875 0.083984375 0.3056640625
0 0.5234375 0.740234375 0.0810546875 0.3134765625
0 0.63671875 0.7431640625 0.0859375 0.330078125
0 0.7412109375 0.7080078125 0.0859375 0.2724609375
0 0.8427734375 0.7333984375 0.111328125 0.3447265625
0 0.9111328125 0.73046875 0.0751953125 0.349609375
1 0.208984375 0.681640625 0.0830078125 0.2587890625
1 0.3369140625 0.0634765625 0.072265625 0.126953125
1 0.576171875 0.072265625 0.0751953125 0.14453125
1 0.8232421875 0.0732421875 0.080078125 0.146484375
1 0.9716796875 0.0791015625 0.056640625 0.158203125