0 0.013671875 0.587890625 0.0263671875 0.1171875
0 0.0732421875 0.953125 0.103515625 0.0927734375
0 0.2958984375 0.9765625 0.068359375 0.046875
0 0.4013671875 0.9775390625 0.076171875 0.044921875
0 0.5185546875 0.978515625 0.076171875 0.04296875
0 0.6337890625 0.970703125 0.0791015625 0.05859375
0 0.7412109375 0.9677734375 0.0751953125 0.0634765625
0 0.8408203125 0.955078125 0.087890625 0.0888671875
0 0.921875 0.9541015625 0.0693359375 0.0908203125
0 0.07366071484375 0.533730158203125 0.1551339296875 0.36309523828125 0.1026785703125 0.311507935546875 0.02008928515625 0.47420634765625 0.07366071484375 0.533730158203125
0 0.200892857421875 0.13690476171875 0.12053571484375 0.291666666015625 0.1629464296875 0.33134920703125 0.1875 0.3055555546875 0.200892857421875 0.307539681640625 0.2578125 0.19841269921875 0.200892857421875 0.13690476171875
0 0.1953125 0.53174603125 0.22991071484375 0.3214285703125 0.158482142578125 0.3214285703125 0.1171875 0.529761904296875 0.1953125 0.53174603125
0 0.27790178515625 0.5238095234375 0.30133928515625 0.28174603125 0.234375 0.287698412109375 0.2042410703125 0.5238095234375 0.27790178515625 0.5238095234375
0 0.4140625 0.53571428515625 0.421875 0.297619046875 0.372767857421875 0.297619046875 0.3515625 0.533730158203125 0.4140625 0.53571428515625
0 0.51116071484375 0.521825396484375 0.5089285703125 0.283730158203125 0.45758928515625 0.289682541015625 0.44866071484375 0.517857142578125 0.51116071484375 0.521825396484375
0 0.6651785703125 0.505952380859375 0.6551339296875 0.255952380859375 0.59375 0.255952380859375 0.599330357421875 0.501984126953125 0.6651785703125 0.505952380859375
0 0.74665178515625 0.490079365234375 0.71875 0.23809523828125 0.666294642578125 0.240079365234375 0.6863839296875 0.5 0.74665178515625 0.490079365234375
0 0.91071428515625 0.498015873046875 0.8738839296875 0.24603174609375 0.810267857421875 0.255952380859375 0.8426339296875 0.50396825390625 0.91071428515625 0.498015873046875
0 0.4620535703125 0 0.4598214296875 0.1944444453125 0.517857142578125 0.182539681640625 0.517857142578125 0 0.4620535703125 0
0 0.591517857421875 0.17460317578125 0.58258928515625 0 0.5301339296875 0.001984126953125 0.525669642578125 0.172619046875 0.591517857421875 0.17460317578125
0 0.65178571484375 0 0.66071428515625 0.190476189453125 0.728794642578125 0.1805555546875 0.7020089296875 0 0.65178571484375 0
0 0.7734375 0 0.791294642578125 0.16071428515625 0.841517857421875 0.1488095234375 0.8270089296875 0 0.7734375 0
0 0.84709821484375 0 0.8660714296875 0.16071428515625 0.9296875 0.14484126953125 0.8973214296875 0 0.84709821484375 0
0 0.9854910703125 0 0.966517857421875 0.041666666015625 1 0.17460317578125 1 0 0.9854910703125 0
1 0.458705357421875 0.15277777734375 0.4598214296875 0.045634919921875 0.40178571484375 0.04960317578125 0.39397321484375 0.15277777734375 0.458705357421875 0.15277777734375
1 0.65290178515625 0.146825396484375 0.6473214296875 0.033730158203125 0.5859375 0.029761904296875 0.59040178515625 0.1488095234375 0.65290178515625 0.146825396484375
1 0.783482142578125 0.13690476171875 0.771205357421875 0.02777777734375 0.7098214296875 0.037698412109375 0.7265625 0.1488095234375 0.783482142578125 0.13690476171875
1 0.9854910703125 0.140873015625 0.958705357421875 0.029761904296875 0.9073660703125 0.033730158203125 0.92522321484375 0.14484126953125 0.9854910703125 0.140873015625
1 0.3504464296875 0.5 0.36272321484375 0.345238095703125 0.30133928515625 0.345238095703125 0.2823660703125 0.501984126953125 0.3504464296875 0.5
1 0.588169642578125 0.482142857421875 0.58258928515625 0.34722222265625 0.5145089296875 0.3511904765625 0.5145089296875 0.484126984375 0.588169642578125 0.482142857421875
1 0.8292410703125 0.478174603515625 0.80803571484375 0.335317458984375 0.736607142578125 0.337301587890625 0.7511160703125 0.48015873046875 0.8292410703125 0.478174603515625
1 0.98883928515625 0.47420634765625 0.958705357421875 0.32341269921875 0.892857142578125 0.33134920703125 0.9151785703125 0.482142857421875 0.98883928515625 0.47420634765625
1 0.23883928515625 1 0.244419642578125 0.942460318359375 0.13616071484375 0.9444444453125 0.1328125 1 0.23883928515625 1