0 0.8602647569444445 0.005072699652777776 0.08410734953703702 0.010145399305555552
0 0.9440972222222221 0.006528501157407406 0.06688368055555571 0.013057002314814811
0 0.3764973958333333 0.5211588541666667 0.07635271990740744 0.23187934027777768
0 0.46701388888888895 0.5236545138888888 0.08241464120370368 0.23600260416666652
0 0.6162905092592592 0.5395688657407407 0.09272280092592577 0.265625
0 0.6890769675925925 0.5456452546296297 0.09610821759259247 0.2745225694444444
0 0.6512731481481482 0.8423755787037037 0.07658420138888888 0.1987485532407407
0 0.5208839699074074 0.8569516782407407 0.07319878472222219 0.18985098379629628
0 0.45821759259259254 0.843677662037037 0.07205584490740735 0.20540364583333348
0 0.24097222222222223 0.5407986111111112 0.08391203703703703 0.22728587962962976
0 0.108549287109375 0.63198704296875 0.185666802734375 0.7879992421875 0.237131033203125 0.730673947265625 0.18742740625 0.620444865234375 0.162194564453125 0.6127586484375 0.1410079140625 0.59383873046875 0.108549287109375 0.63198704296875
0 0.119755568359375 0.40250592578125 0.146349134765625 0.624429359375 0.209337263671875 0.5986972421875 0.18859676171875 0.39749317578125 0.119755568359375 0.40250592578125
0 0.016290126953125 0.4740725703125 0.092585607421875 0.632578291015625 0.143045576171875 0.567900962890625 0.08290571484375 0.4051022734375 0.016290126953125 0.4740725703125
0 0 0.399345755859375 0.039153978515625 0.353766572265625 0 0.2837362578125 0 0.399345755859375
1 0.275518701171875 0.431219986328125 0.283731041015625 0.593478841796875 0.35131205078125 0.5860496875 0.348706560546875 0.435898552734375 0.275518701171875 0.431219986328125
1 0.508653556640625 0.43736381640625 0.5023640546875 0.585381322265625 0.568173033203125 0.585407029296875 0.582033359375 0.43834066015625 0.508653556640625 0.43736381640625
1 0.367331712890625 0.771418607421875 0.370916330078125 0.87596657421875 0.430414669921875 0.877457546875 0.434154666015625 0.765249068359375 0.367331712890625 0.771418607421875
1 0.562484490234375 0.775274568359375 0.551429591796875 0.88159627734375 0.611558025390625 0.884295451171875 0.6290515234375 0.774040662109375 0.562484490234375 0.775274568359375
1 0.6947965234375 0.775300275390625 0.676928853515625 0.879411232421875 0.737303498046875 0.890722052734375 0.758395322265625 0.777870916015625 0.6947965234375 0.775300275390625
1 0.897145953125 0.77396354296875 0.870181642578125 0.893189869140625 0.9250134140625 0.8911590625 0.95748928515625 0.7828124453125 0.897145953125 0.77396354296875
1 0.7419803515625 0.439805923828125 0.71998308984375 0.583479048828125 0.796011224609375 0.586820880859375 0.824319123046875 0.4416824921875 0.7419803515625 0.439805923828125
1 0.90652993359375 0.446026875 0.88183007421875 0.575021638671875 0.945172951171875 0.58252791015625 0.974444091796875 0.45582691796875 0.90652993359375 0.446026875
0 0.7619936484375 0.775274568359375 0.73089974609375 0.934063060546875 0.790462068359375 0.934320125 0.81656949609375 0.77817939453125 0.7619936484375 0.775274568359375
0 0.84592221875 0.75985072265625 0.804215568359375 0.9362738125 0.8583435546875 0.94781598828125 0.8931637421875 0.783963333984375 0.84592221875 0.75985072265625
0 0.92897619921875 0.908253826171875 0.949427755859375 0.938284810546875 0.956273658203125 0.80625669140625 0.92897619921875 0.908253826171875
0 0.843462400390625 0.40649041796875 0.786171955078125 0.66969834375 0.85576148828125 0.6769732578125 0.90950787890625 0.428675048828125 0.843462400390625 0.40649041796875