1 0.058357125 0.82777777734375 0.0324093359375 0.658333333984375 0.010554912109375 0.65972222265625 0.013887603515625 0.8319444453125 0.058357125 0.82777777734375
1 0.141107896484375 0.823611111328125 0.1230343359375 0.658333333984375 0.036295009765625 0.6569444453125 0.06065972265625 0.825 0.141107896484375 0.823611111328125
1 0.222255015625 0.816666666015625 0.214461162109375 0.65972222265625 0.12776298828125 0.661111111328125 0.145754244140625 0.820833333984375 0.222255015625 0.816666666015625
1 0.303505015625 0.816666666015625 0.299617412109375 0.65972222265625 0.21526298828125 0.661111111328125 0.22698366796875 0.8194444453125 0.303505015625 0.816666666015625
1 0.3846727109375 0.811111111328125 0.383951259765625 0.6569444453125 0.303523662109375 0.65972222265625 0.308912037109375 0.8125 0.3846727109375 0.811111111328125
1 0.459693287109375 0.8125 0.464461162109375 0.65972222265625 0.38791923828125 0.661111111328125 0.384755015625 0.816666666015625 0.459693287109375 0.8125
1 0.531485982421875 0.8069444453125 0.54026298828125 0.661111111328125 0.466846064453125 0.6625 0.4612352109375 0.811111111328125 0.531485982421875 0.8069444453125
1 0.6026414609375 0.811111111328125 0.614625771484375 0.670833333984375 0.54268904296875 0.666666666015625 0.534652134765625 0.80972222265625 0.6026414609375 0.811111111328125
1 0.67521540625 0.8055555546875 0.688022119140625 0.6680555546875 0.618429140625 0.663888888671875 0.6057664609375 0.811111111328125 0.67521540625 0.8055555546875
1 0.74005915625 0.8055555546875 0.7599176953125 0.6694444453125 0.687960390625 0.663888888671875 0.67439300390625 0.80277777734375 0.74005915625 0.8055555546875
0 0.61328446484375 0.263888888671875 0.6390625 0 0.55863490234375 0.00277777734375 0.540648791015625 0.26527777734375 0.61328446484375 0.263888888671875
0 0.4625 0 0.45201774609375 0.241666666015625 0.520829474609375 0.245833333984375 0.54453125 0 0.4625 0
0 0.436701388671875 0.2625 0.44222865234375 0.00277777734375 0.35785365234375 0.00277777734375 0.36250321484375 0.263888888671875 0.436701388671875 0.2625
0 0.246875 0 0.25452610546875 0.25277777734375 0.330369083984375 0.2569444453125 0.33125 0 0.246875 0
0 0.1375 0 0.153744212890625 0.2 0.2287647890625 0.201388888671875 0.225 0 0.1375 0
0 0.0303272890625 0.201388888671875 0 0 0.003456791015625 0.233333333984375 0.0303272890625 0.201388888671875
1 0.149180169921875 0.208333333984375 0.132092978515625 0.004166666015625 0.026583076171875 0.001388888671875 0.04652777734375 0.1875 0.149180169921875 0.208333333984375
1 0.870425025390625 0.798611111328125 0.89667759765625 0.67222222265625 0.83808384765625 0.67222222265625 0.82274819921875 0.79722222265625 0.870425025390625 0.798611111328125
0 1 0.647918734375 0.97134837890625 0.65 0.94809863671875 0.873611111328125 0.99036844140625 0.879166666015625 1 0.85638006640625 1 0.647918734375
0 0.965304140625 0.663888888671875 0.909835390625 0.663888888671875 0.875545267578125 0.8805555546875 0.943596322265625 0.886111111328125 0.96625128515625 0.7805555546875 0.965304140625 0.663888888671875
0 0.807699974609375 0.888888888671875 0.831670525390625 0.766666666015625 0.83292309765625 0.64027777734375 0.76970357421875 0.6444444453125 0.742362396484375 0.8555555546875 0.767773919921875 0.883333333984375 0.807699974609375 0.888888888671875
0 0.8661024305555556 0.9814453125 0.06500289351851851 0.037109375
0 0.9725911458333334 0.984375 0.053182870370370505 0.0302734375