0 0.0458984375 0.9560546875 0.091796875 0.0869140625
0 0.2626953125 0.98046875 0.076171875 0.0390625
0 0.37109375 0.98046875 0.0625 0.0390625
0 0.4853515625 0.9755859375 0.064453125 0.048828125
0 0.603515625 0.9716796875 0.08203125 0.056640625
0 0.708984375 0.96484375 0.080078125 0.0693359375
0 0.806640625 0.9423828125 0.0849609375 0.115234375
0 0.880859375 0.9453125 0.060546875 0.109375
0 0.6015625 0.384765625 0.0732421875 0.26171875
0 0.6728515625 0.3662109375 0.072265625 0.236328125
0 0.4580078125 0.095703125 0.0517578125 0.1904296875
0 0.5224609375 0.0859375 0.052734375 0.1650390625
0 0.6513671875 0.0927734375 0.068359375 0.185546875
0 0.44921875 0.4091796875 0.0615234375 0.25
0 0 0.513888888671875 0.021205357421875 0.529761904296875 0.0457589296875 0.521825396484375 0.122767857421875 0.3670634921875 0.072544642578125 0.289682541015625 0 0.42460317578125 0 0.513888888671875
0 0.1707589296875 0.13690476171875 0.0948660703125 0.29365079296875 0.1171875 0.34325396875 0.140625 0.3214285703125 0.1629464296875 0.3035714296875 0.22321428515625 0.20039682421875 0.1707589296875 0.13690476171875
0 0.1629464296875 0.529761904296875 0.1875 0.315476189453125 0.12053571484375 0.309523810546875 0.0926339296875 0.533730158203125 0.1629464296875 0.529761904296875
0 0.38727678515625 0.521825396484375 0.392857142578125 0.283730158203125 0.3292410703125 0.28174603125 0.32366071484375 0.529761904296875 0.38727678515625 0.521825396484375
0 0.8761160703125 0.501984126953125 0.8448660703125 0.25396825390625 0.7734375 0.267857142578125 0.81584821484375 0.5238095234375 0.8761160703125 0.501984126953125
0 0.7433035703125 0 0.755580357421875 0.15277777734375 0.8113839296875 0.14484126953125 0.7957589296875 0 0.7433035703125 0
0 0.80915178515625 0 0.828125 0.158730158203125 0.890625 0.16071428515625 0.859375 0 0.80915178515625 0
0 1 0.037698412109375 0.97991071484375 0 0.9308035703125 0.00396825390625 0.96540178515625 0.1785714296875 1 0.17658730078125 1 0.037698412109375
1 0.4285714296875 0.15674603125 0.43303571484375 0.04960317578125 0.37053571484375 0.045634919921875 0.361607142578125 0.158730158203125 0.4285714296875 0.15674603125
1 0.625 0.15277777734375 0.61383928515625 0.041666666015625 0.556919642578125 0.045634919921875 0.55915178515625 0.16071428515625 0.625 0.15277777734375
1 0.69084821484375 0.15674603125 0.755580357421875 0.15079365234375 0.73883928515625 0.039682541015625 0.6808035703125 0.037698412109375 0.6785714296875 0.039682541015625 0.69084821484375 0.15674603125
1 0.94084821484375 0.14484126953125 0.9207589296875 0.03174603125 0.87165178515625 0.033730158203125 0.8917410703125 0.1488095234375 0.94084821484375 0.14484126953125
1 0.31696428515625 0.494047619140625 0.333705357421875 0.329365080078125 0.26897321484375 0.33134920703125 0.2511160703125 0.501984126953125 0.31696428515625 0.494047619140625
1 0.55803571484375 0.494047619140625 0.552455357421875 0.33134920703125 0.48883928515625 0.32539682421875 0.4854910703125 0.5 0.55803571484375 0.494047619140625
1 0.7979910703125 0.47222222265625 0.7745535703125 0.335317458984375 0.70647321484375 0.34325396875 0.7198660703125 0.490079365234375 0.7979910703125 0.47222222265625
1 0.955357142578125 0.4761904765625 0.919642857421875 0.335317458984375 0.8582589296875 0.341269841796875 0.87834821484375 0.490079365234375 0.955357142578125 0.4761904765625
1 1 0.3829365078125 0.98883928515625 0.333333333984375 0.926696234375 0.340347716796875 0.95647321484375 0.482142857421875 1 0.484126984375 1 0.3829365078125