1 0.041349123046875 0.30015558203125 0.01299664453125 0.292424515625 0.020492634765625 0.461084296875 0.041349123046875 0.30015558203125
1 0.0837820234375 0.53502544921875 0.116966271484375 0.3167384375 0.0446538984375 0.297931052734375 0.02113118359375 0.4732239765625 0.023647259765625 0.514519333984375 0.0837820234375 0.53502544921875
1 0.18279886328125 0.45012931640625 0.19910365234375 0.342178966796875 0.1204867578125 0.31936742578125 0.1077917734375 0.41664003515625 0.18279886328125 0.45012931640625
1 0.261685400390625 0.479007751953125 0.279822056640625 0.36632522265625 0.199732251953125 0.34100603125 0.187576546875 0.4504124375 0.261685400390625 0.479007751953125
1 0.43569921875 0.6418028671875 0.44928738671875 0.41146294921875 0.36490525390625 0.396781052734375 0.34657479296875 0.612317740234375 0.43569921875 0.6418028671875
0 0.32753652734375 0.628132123046875 0.352348458984375 0.34399903515625 0.27574375 0.3358289453125 0.249494302734375 0.60293426953125 0.32753652734375 0.628132123046875
0 0.505677525390625 0.6846756171875 0.514882357421875 0.432292634765625 0.45182031640625 0.422504703125 0.43683170703125 0.667283841796875 0.505677525390625 0.6846756171875
0 0.599903203125 0.72172414453125 0.608100255859375 0.416033345703125 0.536381087890625 0.41057313671875 0.529368763671875 0.69697119921875 0.599903203125 0.72172414453125
0 0.708499001953125 0.791089017578125 0.71644326953125 0.449077720703125 0.6408261171875 0.43249486328125 0.6275109609375 0.760875865234375 0.708499001953125 0.791089017578125
0 0.8171285078125 0.79994669140625 0.80722092578125 0.500444126953125 0.7341906328125 0.49611640625 0.7350450546875 0.77571954296875 0.8171285078125 0.79994669140625
0 0.925956873046875 0.843911484375 0.916335783203125 0.52022221875 0.826870935546875 0.513710412109375 0.83489272265625 0.81673177734375 0.925956873046875 0.843911484375