1 0.2876519097222222 0.29954427083333335 0.07620804398148151 0.3178602430555555
1 0.4164858217592593 0.9068214699074074 0.06720196759259256 0.18013599537037028
1 0.6453631365740741 0.8953631365740741 0.0757016782407407 0.1987485532407407
1 0.8998480902777778 0.877857349537037 0.07989728009259256 0.20658998842592613
0 0.9563440393518519 0.8813440393518519 0.02973090277777768 0.22281539351851842
0 0.8135127314814814 0.8892361111111111 0.0839120370370372 0.20954861111111112
0 0.7345558449074074 0.885915798611111 0.09100115740740744 0.21643518518518512
0 0.5675274884259259 0.8881293402777778 0.08799913194444442 0.21446035879629632
0 0.47356047453703703 0.8946831597222222 0.07779947916666663 0.2026692708333333
0 0.3362991898148148 0.9103443287037036 0.07089120370370372 0.1743055555555557
0 0.2644314236111111 0.9001374421296295 0.08629918981481477 0.1949218749999999
0 0.18551070601851852 0.9222005208333333 0.1091579861111111 0.15311053240740735
0 0.0698513454861111 0.7239149305555556 0.1397026909722222 0.2666304976851852
0 0.18742766203703703 0.31688368055555555 0.12456597222222221 0.33188657407407407
0 0.38538049768518523 0.2705078125 0.0951967592592593 0.250636574074074
0 0.48864293981481477 0.2238570601851852 0.08756510416666674 0.3081814236111111
0 0.5979817708333334 0.1976634837962963 0.09530526620370372 0.3062861689814815
0 0.721607349537037 0.18112702546296294 0.10510706018518512 0.33369502314814814
0 0.827220775462963 0.20279947916666666 0.0977285879629628 0.2926359953703704
0 0.9386935763888888 0.1754123263888889 0.12261284722222232 0.3508246527777778