0 0.0205078125 0.64453125 0.041015625 0.1748046875
0 0.088169642578125 0.577380953125 0.17522321484375 0.420634919921875 0.125 0.353174603515625 0.041294642578125 0.509920634765625 0.088169642578125 0.577380953125
0 0.146205357421875 0.33928571484375 0.1796875 0.3829365078125 0.2176339296875 0.35515873046875 0.2745535703125 0.255952380859375 0.2265625 0.19841269921875 0.146205357421875 0.33928571484375
0 0.2120535703125 0.595238095703125 0.24553571484375 0.369047619140625 0.177455357421875 0.365079365234375 0.1395089296875 0.585317458984375 0.2120535703125 0.595238095703125
0 0.283482142578125 0.557539681640625 0.314732142578125 0.34325396875 0.24553571484375 0.329365080078125 0.2276785703125 0.5535714296875 0.283482142578125 0.557539681640625
0 0.431919642578125 0.587301587890625 0.44084821484375 0.3511904765625 0.38616071484375 0.34920634765625 0.364955357421875 0.579365080078125 0.431919642578125 0.587301587890625
0 0.5223214296875 0.57539682421875 0.525669642578125 0.34325396875 0.46540178515625 0.34325396875 0.45758928515625 0.5714285703125 0.5223214296875 0.57539682421875
0 0.685267857421875 0.57539682421875 0.674107142578125 0.30158730078125 0.61272321484375 0.313492064453125 0.6160714296875 0.5694444453125 0.685267857421875 0.57539682421875
0 0.7589285703125 0.565476189453125 0.736607142578125 0.295634919921875 0.6796875 0.297619046875 0.69196428515625 0.567460318359375 0.7589285703125 0.565476189453125
0 0.927455357421875 0.567460318359375 0.8984375 0.309523810546875 0.83147321484375 0.3055555546875 0.859375 0.567460318359375 0.927455357421875 0.567460318359375
0 0.53571428515625 0.23809523828125 0.53459821484375 0.04960317578125 0.482142857421875 0.047619046875 0.4754464296875 0.234126984375 0.53571428515625 0.23809523828125
0 0.6004464296875 0.20634920703125 0.5948660703125 0.039682541015625 0.54241071484375 0.037698412109375 0.541294642578125 0.216269841796875 0.6004464296875 0.20634920703125
0 0.74553571484375 0.23809523828125 0.720982142578125 0.029761904296875 0.66852678515625 0.029761904296875 0.67633928515625 0.25 0.74553571484375 0.23809523828125
0 0.8582589296875 0.19841269921875 0.838169642578125 0.033730158203125 0.791294642578125 0.03571428515625 0.8058035703125 0.216269841796875 0.8582589296875 0.19841269921875
0 0.939732142578125 0.204365080078125 0.91852678515625 0.029761904296875 0.864955357421875 0.033730158203125 0.8816964296875 0.208333333984375 0.939732142578125 0.204365080078125
0 0.08984375 0.9775390625 0.0791015625 0.044921875
1 0.4765625 0.208333333984375 0.478794642578125 0.09920634765625 0.419642857421875 0.10515873046875 0.4129464296875 0.204365080078125 0.4765625 0.208333333984375
1 0.66852678515625 0.19841269921875 0.6629464296875 0.09325396875 0.60491071484375 0.091269841796875 0.609375 0.20039682421875 0.66852678515625 0.19841269921875
1 0.80022321484375 0.190476189453125 0.7879464296875 0.08928571484375 0.7276785703125 0.09325396875 0.73772321484375 0.192460318359375 0.80022321484375 0.190476189453125
1 1 0.20039682421875 0.97209821484375 0.085317458984375 0.92522321484375 0.083333333984375 0.94196428515625 0.19841269921875 1 0.20039682421875
1 0.364955357421875 0.54365079296875 0.380580357421875 0.404761904296875 0.318080357421875 0.396825396484375 0.2957589296875 0.541666666015625 0.364955357421875 0.54365079296875
1 0.6015625 0.545634919921875 0.59821428515625 0.384920634765625 0.5323660703125 0.38690476171875 0.52678571484375 0.54960317578125 0.6015625 0.545634919921875
1 0.8448660703125 0.539682541015625 0.822544642578125 0.388888888671875 0.75334821484375 0.390873015625 0.765625 0.539682541015625 0.8448660703125 0.539682541015625
1 1 0.537698412109375 0.970982142578125 0.392857142578125 0.911830357421875 0.396825396484375 0.9296875 0.54960317578125 1 0.537698412109375