0 0.43854890046296297 0.0341796875 0.07505063657407407 0.05045572916666667
0 0.6202618634259259 0.03626302083333333 0.05631510416666674 0.04516059027777779
0 0.11603009259259259 0.24496527777777777 0.07968026620370372 0.20180121527777783
0 0.2128544560185185 0.26959635416666666 0.091796875 0.2654947916666667
0 0.3715277777777778 0.2604166666666667 0.08893952546296302 0.26738281249999996
0 0.44288917824074076 0.26004774305555556 0.09302662037037035 0.2723524305555556
0 0.5845992476851851 0.26026475694444445 0.09642650462962976 0.2587673611111111
0 0.7341218171296297 0.049544270833333334 0.0717592592592593 0.06697048611111112
0 0.8775679976851851 0.0556640625 0.06908275462962976 0.07374131944444445
0 0.9273726851851851 0.05677083333333333 0.05931712962962976 0.07352430555555554
0 0.9710648148148149 0.06458333333333334 0.05787037037037024 0.08715277777777777
0 0.020833333333333332 0.939453125 0.041666666666666664 0.12109375
0 0.11324508101851852 0.9248914930555556 0.1091579861111111 0.15021701388888875
0 0.23759403935185186 0.9177408854166667 0.10684317129629628 0.1645182291666667
0 0.3583984375 0.9002821180555556 0.10727719907407407 0.19943576388888884
0 0.4584056712962963 0.8906792534722222 0.10221354166666674 0.21864149305555558
0 0.5478515625 0.8763075086805556 0.09942853009259256 0.24738498263888875
0 0.6127748842592593 0.8641384548611111 0.09063946759259256 0.27172309027777786
1 0.331124583984375 0.364878142578125 0.3318963671875 0.2162792109375 0.254724439453125 0.213162240234375 0.24843666796875 0.361638595703125 0.331124583984375 0.364878142578125
1 0.5529152421875 0.3599925546875 0.54192866796875 0.230760865234375 0.478204591796875 0.226540697265625 0.483519525390625 0.35985246484375 0.5529152421875 0.3599925546875
1 0.472010861328125 0.010489130859375 0.4725491640625 0.038541861328125 0.533328787109375 0.037088443359375 0.530322720703125 0.01178494921875 0.472010861328125 0.010489130859375
1 0.645521267578125 0.01434491796875 0.649767177734375 0.045336857421875 0.702746181640625 0.055037640625 0.694624 0.01543608984375 0.645521267578125 0.01434491796875
1 0.75869707421875 0.016859935546875 0.76358862109375 0.06278230078125 0.808499654296875 0.063780322265625 0.797021158203125 0.01771158203125 0.75869707421875 0.016859935546875
1 0.795224716796875 0.01767166015625 0.805150732421875 0.07329480859375 0.8549705625 0.07120561328125 0.84193219140625 0.018709603515625 0.795224716796875 0.01767166015625
1 0.688554541015625 0.35730553515625 0.669333357421875 0.22902631640625 0.61280829296875 0.234162806640625 0.624047755859375 0.367591826171875 0.688554541015625 0.35730553515625
1 0.74775825 0.360752041015625 0.725582423828125 0.231341728515625 0.669333357421875 0.22902631640625 0.689594455078125 0.3615903828125 0.74775825 0.360752041015625
1 0.8083567265625 0.35890237109375 0.784423890625 0.228387580078125 0.728615923828125 0.230343705078125 0.747797677734375 0.359687484375 0.8083567265625 0.35890237109375
1 0.862967068359375 0.356919634765625 0.834724248046875 0.2295053671875 0.783186833984375 0.2294255234375 0.806599712890625 0.35779789453125 0.862967068359375 0.356919634765625
1 0.9167420234375 0.36131093359375 0.89121727734375 0.241415107421875 0.838876517578125 0.230663072265625 0.864006982421875 0.361204478515625 0.9167420234375 0.36131093359375
1 0.97199060546875 0.3582769453125 0.935726638671875 0.237077033203125 0.891934375 0.238234740234375 0.92340783203125 0.3593281953125 0.97199060546875 0.3582769453125
1 0.987461875 0.360751619140625 0.991089255859375 0.262812296875 0.984750513671875 0.2402973203125 0.940556576171875 0.236118931640625 0.96887825 0.361404083984375 0.987461875 0.360751619140625