1 0.7287760416666667 0.7141493055555556 0.07875434027777772 0.3002893518518519
1 0.5580512152777778 0.1017578125 0.06820746527777777 0.19477719907407406
1 0.3219401041666667 0.1048900462962963 0.07840711805555556 0.20461516203703703
1 0.0744140625 0.11477141203703704 0.0812717013888889 0.22513744212962963
0 0.9106336805555555 0.2810691550925926 0.1606119791666667 0.2530598958333333
0 0.7831597222222222 0.09268663194444444 0.10147569444444438 0.17452256944444447
0 0.7015190972222223 0.10086805555555556 0.08365885416666652 0.19098668981481481
0 0.6338324652777778 0.0935329861111111 0.07235243055555562 0.17821180555555555
0 0.49173177083333336 0.10321903935185185 0.0781467013888889 0.19875578703703703
0 0.40015190972222225 0.107421875 0.0863932291666667 0.20857928240740742
0 0.2378472222222222 0.12379195601851851 0.09776475694444442 0.24478443287037036
0 0.1513888888888889 0.11143663194444443 0.08891059027777781 0.2212890625
0 0.011697048611111111 0.10942563657407407 0.023350694444444445 0.21787471064814815
0 0.8301432291666666 0.6885416666666666 0.13146701388888893 0.32215711805555536
0 0.6322048611111111 0.7378399884259259 0.0991536458333333 0.2760344328703703
0 0.5380642361111111 0.772287326388889 0.0893880208333333 0.3198929398148147
0 0.4306206597222222 0.79296875 0.09303385416666665 0.3140624999999999
0 0.3065321180555556 0.812550636574074 0.09824218749999991 0.3433883101851851
0 0.19429253472222224 0.7912181712962963 0.1074435763888889 0.28683449074074074
0 0.0900390625 0.8177806712962963 0.12348090277777776 0.36212384259259256