0 0.999654130859375 1 1 0.8597061015625 0.981986748046875 0.971708451171875 0.993464544921875 1 0.999654130859375 1
0 0.8828125 0.895458984375 0.0693359375 0.2090820312499999
0 0.6640625 0.8802083333333333 0.0595703125 0.2061197916666666
0 0.595703125 0.8658854166666667 0.060546875 0.16809895833333321
0 0.529296875 0.8575520833333333 0.0634765625 0.19270833333333326
1 0.972022013671875 0.955444521484375 0.992909689453125 0.84757776953125 0.92085673828125 0.838682541015625 0.90399330859375 0.953489345703125 0.972022013671875 0.955444521484375
1 0.82810775390625 0.947066435546875 0.838839052734375 0.83730639453125 0.765253083984375 0.824217291015625 0.759887404296875 0.94115451171875 0.82810775390625 0.947066435546875
1 0.757396236328125 0.94113613671875 0.764486515625 0.82280228515625 0.6962662265625 0.819618166015625 0.69549966015625 0.9300425234375 0.757396236328125 0.94113613671875
1 0.9538171484375 0.62416957421875 0.99980838671875 0.639510701171875 0.999041849609375 0.47033668359375 0.97604623046875 0.46743976953125 0.9538171484375 0.62416957421875
1 0.88253070703125 0.468024873046875 0.867966802734375 0.621174015625 0.95190084765625 0.62875768359375 0.9743198828125 0.4714220859375 0.88253070703125 0.468024873046875
1 0.865667275390625 0.6264155390625 0.881764197265625 0.46660984765625 0.79131473828125 0.467399357421875 0.784416099609375 0.623787341796875 0.865667275390625 0.6264155390625
1 0.70239835546875 0.465563271484375 0.70086533984375 0.618217291015625 0.70086533984375 0.6195811640625 0.781350005859375 0.627674607421875 0.788248703125 0.46855887890625 0.70239835546875 0.465563271484375
1 0.6999071875 0.620475001953125 0.700098830078125 0.46677389453125 0.618847595703125 0.465448818359375 0.62574629296875 0.61593712890625 0.6999071875 0.620475001953125
1 0.62229697265625 0.613597609375 0.616548068359375 0.46802331640625 0.537596419921875 0.465487671875 0.551393814453125 0.613708095703125 0.62229697265625 0.613597609375
1 0.5475612109375 0.6154287421875 0.538171345703125 0.468908935546875 0.463052298828125 0.46662874609375 0.48374833203125 0.608489658203125 0.5475612109375 0.6154287421875
1 0.480682296875 0.613740830078125 0.46075271484375 0.463747693359375 0.39406544140625 0.462029623046875 0.4147614765625 0.606618283203125 0.480682296875 0.613740830078125
1 0.40958749609375 0.60623049609375 0.39099934765625 0.460461341796875 0.322779 0.464096666015625 0.351906806640625 0.601064095703125 0.40958749609375 0.60623049609375
1 0.3473076953125 0.605485265625 0.316646869140625 0.460960111328125 0.25532521875 0.466419220703125 0.28521953515625 0.60480165234375 0.3473076953125 0.605485265625
1 0.283111591796875 0.6063156640625 0.253792142578125 0.462225341796875 0.189404455078125 0.464752302734375 0.22543090234375 0.5967240703125 0.283111591796875 0.6063156640625
1 0.222748091796875 0.602291431640625 0.189404455078125 0.467480099609375 0.1288493125 0.463443091796875 0.16640877734375 0.59278926171875 0.222748091796875 0.602291431640625
1 0.5092351796875 0.9075582734375 0.49677921875 0.798939716796875 0.43775709375 0.795004908203125 0.4530875078125 0.896955125 0.5092351796875 0.9075582734375
1 0.449829830078125 0.90359791796875 0.43469105859375 0.790708806640625 0.376435443359375 0.78682509765625 0.394831951171875 0.891707521484375 0.449829830078125 0.90359791796875
0 0.260499197265625 0.75926298046875 0.2428692578125 0.853560265625 0.276596177734375 0.955373017578125 0.33964248828125 0.925209541015625 0.308790021484375 0.763846244140625 0.260499197265625 0.75926298046875
0 0.186913228515625 0.73526270703125 0.1646841171875 0.808794962890625 0.205309734375 0.96016784765625 0.280237138671875 0.9502066328125 0.23827014453125 0.7400503984375 0.186913228515625 0.73526270703125
0 0.074234716796875 0.710020185546875 0.05047258984375 0.768447400390625 0.111794240234375 0.9334750625 0.17484055078125 0.904002470703125 0.119459447265625 0.707579595703125 0.074234716796875 0.710020185546875
0 0 0.923294328125 0.094930751953125 0.899617369140625 0 0.61641803515625 0 0.923294328125
1 0.04644834375 0.003096556640625 0.07097698046875 0.089040416015625 0.142263423828125 0.080801890625 0.125399935546875 0.00835999609375 0.04644834375 0.003096556640625
1 0 0.09112808984375 0.06791088671875 0.09156378515625 0.044915267578125 0.0029943515625 0 0.00383884765625 0 0.09112808984375
1 0.12769951953125 0.00851330078125 0.142263423828125 0.074698328125 0.21891548828125 0.07058161328125 0.2058846015625 0.013725640625 0.12769951953125 0.00851330078125
1 0.2081841875 0.0138789453125 0.21968199609375 0.0648566953125 0.299400154296875 0.062320224609375 0.290968439453125 0.019397896484375 0.2081841875 0.0138789453125
0 0.3349609375 0.06041666666666667 0.083984375 0.08177083333333333