0 0.7699652777777778 0.4236472800925926 0.09840856481481475 0.32139756944444453
0 0.6732855902777778 0.4164858217592593 0.08629918981481488 0.29416232638888884
0 0.5725839120370371 0.41684751157407407 0.09091435185185182 0.3423032407407407
0 0.46991464120370374 0.41804108796296297 0.08972077546296298 0.3275824652777778
0 0.3765263310185185 0.3866825810185185 0.0957175925925926 0.2714482060185186
0 0.1916087962962963 0.3964482060185185 0.11699218750000007 0.3247251157407407
1 0.29617332175925926 0.3993055555555556 0.09372106481481479 0.26837384259259256
1 0.6691695601851853 0.99951171875 0.07586082175925934 0.0009765625
1 0.5841796875 0.9966453269675926 0.07395109953703694 0.006709346064814881
1 0.5021629050925926 0.9925401475694444 0.07886284722222214 0.01491970486111116
1 0.41826533564814816 0.9836244936342593 0.07610677083333339 0.0327510127314814
1 0.3382884837962963 0.9748354311342593 0.07429832175925921 0.0503291377314814
1 0.2562717013888889 0.9706488715277778 0.07043547453703702 0.05870225694444442
1 0.2137482578125 1 0.2118981484375 0.947968107421875 0.1355092578125 0.942309669921875 0.1423560234375 1 0.2137482578125 1
1 0.139040974609375 1 0.132129630859375 0.93580246875 0.056959876953125 0.926063099609375 0.06550972265625 1 0.139040974609375 1
1 0.058885607421875 1 0.0535493828125 0.921639232421875 0 0.912495859375 0 1 0.058885607421875 1
1 0.163827158203125 0.516855283203125 0.149691359375 0.376071671875 0.069706791015625 0.37848937109375 0.079614197265625 0.491846708984375 0.163827158203125 0.516855283203125
1 0 0.4864092265625 0.080617283203125 0.502349107421875 0.070864197265625 0.378575103515625 0 0.373325904296875 0 0.4864092265625