0 0.926511863425926 0.7904586226851852 0.08057725694444429 0.22090567129629624
0 0.7074074074074074 0.7965856481481481 0.07005208333333335 0.20567853009259252
0 0.6385416666666666 0.7908709490740741 0.06905381944444455 0.16765046296296293
0 0.5719328703703703 0.7908998842592592 0.07324942129629619 0.19223813657407396
1 1 0.722627080078125 0.9611607734375 0.722722802734375 0.95030858203125 0.839653150390625 1 0.8348143515625 1 0.722627080078125
1 0.87435230859375 0.84278619921875 0.87935525 0.731674810546875 0.80534495703125 0.727852087890625 0.80606123828125 0.845464986328125 0.87435230859375 0.84278619921875
1 0.803577728515625 0.845760314453125 0.80450766796875 0.72653361328125 0.736358099609375 0.731940197265625 0.741319890625 0.842461083984375 0.803577728515625 0.845760314453125
1 1 0.344530400390625 0.996909861328125 0.344530244140625 0.9828843515625 0.504059265625 1 0.507564654296875 1 0.344530400390625
1 0.903747939453125 0.356891376953125 0.897175447265625 0.5118744921875 0.981212576171875 0.5088886875 0.995395970703125 0.348729953125 0.903747939453125 0.356891376953125
1 0.895155650390625 0.5174055859375 0.902910708984375 0.355572875 0.8128148515625 0.36775231640625 0.81404906640625 0.525009017578125 0.895155650390625 0.5174055859375
1 0.72411062890625 0.377113109375 0.730498306640625 0.529960173828125 0.730569025390625 0.531324046875 0.8111951328125 0.529282384765625 0.8098195390625 0.3692979296875 0.72411062890625 0.377113109375
1 0.729660533203125 0.532338541015625 0.721881826171875 0.37861330078125 0.640842751953125 0.38751986328125 0.65552069921875 0.537139447265625 0.729660533203125 0.532338541015625
1 0.651961994140625 0.535234287109375 0.638684666015625 0.3903839296875 0.559874458984375 0.39779034375 0.581309662109375 0.544273318359375 0.651961994140625 0.535234287109375
1 0.57757952734375 0.54647658984375 0.560624796875 0.4011392109375 0.485647189453125 0.40831845703125 0.513627431640625 0.547573201171875 0.57757952734375 0.54647658984375
1 0.51084427734375 0.553210466796875 0.483206166015625 0.40572698046875 0.41666033203125 0.412406568359375 0.444782013671875 0.554389060546875 0.51084427734375 0.553210466796875
1 0.4396058125 0.554652810546875 0.413523517578125 0.41122438671875 0.3457274921875 0.423450421875 0.381856625 0.55674990625 0.4396058125 0.554652810546875
1 0.377502658203125 0.56175022265625 0.339453921875 0.421086060546875 0.2786273125 0.43426715625 0.315593677734375 0.568885119140625 0.377502658203125 0.56175022265625
1 0.313571525390625 0.570664576171875 0.276882076171875 0.430266330078125 0.2128479921875 0.440901373046875 0.2555928828125 0.568336474609375 0.313571525390625 0.570664576171875
1 0.253208025390625 0.574241671875 0.212989431640625 0.443629169921875 0.1524342890625 0.44721762109375 0.1965707578125 0.57183408203125 0.253208025390625 0.574241671875
1 0.5545334375 0.843432361328125 0.5364884609375 0.736382333984375 0.4774663359375 0.73987994140625 0.498030064453125 0.83989966015625 0.5545334375 0.843432361328125
1 0.495128087890625 0.8469526796875 0.474188138671875 0.735969931640625 0.4159325234375 0.7394221171875 0.439703787109375 0.84198794140625 0.495128087890625 0.8469526796875
0 0.2989678984375 0.726459376953125 0.286288390625 0.82297673046875 0.32517790234375 0.92054238671875 0.386442244140625 0.88243974609375 0.34732944140625 0.72496157421875 0.2989678984375 0.726459376953125
0 0.224391841796875 0.711725484375 0.20605235546875 0.788056962890625 0.254386501953125 0.934314029296875 0.328538390625 0.91491751171875 0.275819478515625 0.710046009765625 0.224391841796875 0.711725484375
0 0.11079396484375 0.700672111328125 0.090143537109375 0.762091591796875 0.159810201171875 0.91939726953125 0.221110365234375 0.88198551171875 0.1557358125 0.6925365546875 0.11079396484375 0.700672111328125
0 0.141249421875 0.887663126953125 0.031962416015625 0.61641803515625 0.047874521484375 0.923294328125 0.141249421875 0.887663126953125
1 0.04740842578125 0 0.0753485390625 0.08010257421875 0.145961376953125 0.062887236328125 0.127572830078125 0 0.04740842578125 0
1 0.026606087890625 0 0.00019905078125 0.00383884765625 0.00472516015625 0.09112808984375 0.072423884765625 0.08301204296875 0.045769884765625 0 0.026606087890625 0
1 0.129809810546875 0 0.145644896484375 0.056783673828125 0.22181853125 0.043014478515625 0.209405435546875 0 0.129809810546875 0
1 0.21169653515625 0 0.222285541015625 0.037193037109375 0.301596609375 0.024617984375 0.295346236328125 0 0.21169653515625 0
0 0.3369357638888889 0.029405381944444448 0.08793402777777781 0.058810763888888895