0 0.9684678819444444 0.43040364583333335 0.04932725694444451 0.287087673611111
0 0.8783854166666667 0.4431423611111111 0.0884114583333333 0.2889322916666667
0 0.7065755208333333 0.48795572916666663 0.09663628472222219 0.3076605902777778
0 0.6369357638888888 0.5031684027777777 0.08693576388888902 0.310373263888889
0 0.8568359375 0.7979383680555556 0.07786458333333335 0.20963541666666652
0 0.7832899305555556 0.8132378472222221 0.07695312500000018 0.21254340277777795
0 0.6499782986111111 0.7947265625 0.08695746527777781 0.22350260416666679
0 0.5094401041666666 0.009271918402777777 0.05240885416666674 0.018543836805555554
0 0.4506510416666667 0.018684895833333333 0.04791666666666661 0.037369791666666666
1 0.962769458984375 0.853204767578125 0.978384216796875 0.72193165625 0.898773423828125 0.72370078515625 0.892809412109375 0.83971045703125 0.962769458984375 0.853204767578125
1 0.747272435546875 0.83692501953125 0.745647599609375 0.71957908984375 0.67965449609375 0.71803580859375 0.686461251953125 0.830751890625 0.747272435546875 0.83692501953125
1 0.832282625 0.515997544921875 0.833968107421875 0.363965400390625 0.747448095703125 0.37190766015625 0.7500306875 0.522340060546875 0.832282625 0.515997544921875
1 0.5998241328125 0.539222064453125 0.585083486328125 0.402603923828125 0.518856171875 0.411600130859375 0.536472177734375 0.53310539453125 0.5998241328125 0.539222064453125
1 0.62575044140625 0.820061833984375 0.61281447265625 0.71651134375 0.55441022265625 0.7163043203125 0.567413111328125 0.816843529296875 0.62575044140625 0.820061833984375
1 0.468371669921875 0.536564390625 0.453106396484375 0.4205982734375 0.392819591796875 0.43039655078125 0.413487212890625 0.54412797265625 0.468371669921875 0.536564390625
1 0.4140587421875 0.545172591796875 0.391105001953125 0.4272626875 0.334983455078125 0.43696840234375 0.359886859375 0.547433734375 0.4140587421875 0.545172591796875
1 0.277170828125 0.4424824140625 0.309762697265625 0.554891533203125 0.3590740625 0.54762788671875 0.333863904296875 0.4338213203125 0.277170828125 0.4424824140625
1 0.30678751171875 0.5549576484375 0.27952746875 0.4434873671875 0.227641703125 0.44992698828125 0.259161037109375 0.557073333984375 0.30678751171875 0.5549576484375
1 0.256115330078125 0.560312982421875 0.224713533203125 0.447877416015625 0.175113884765625 0.4584955234375 0.2097024375 0.56134437890625 0.256115330078125 0.560312982421875
1 0.2096789296875 0.562402220703125 0.17704004296875 0.45210879296875 0.130439087890625 0.461602939453125 0.166718720703125 0.5686435 0.2096789296875 0.562402220703125
1 0.167908794921875 0.568617052734375 0.13112815625 0.45735833984375 0.088668953125 0.467817771484375 0.125019109375 0.57168480078125 0.167908794921875 0.568617052734375
1 0.12266246875 0.57067984765625 0.088073916015625 0.467830994140625 0.045160724609375 0.471956583984375 0.083961548828125 0.572597189453125 0.12266246875 0.57067984765625
1 0.083985056640625 0.571539345703125 0.04575576171875 0.471943361328125 0.00815088671875 0.4780656328125 0.048188802734375 0.576564103515625 0.083985056640625 0.571539345703125
1 0.455667259765625 0.813864896484375 0.444050080078125 0.72107877734375 0.39370700390625 0.711624298828125 0.417154404296875 0.807319486328125 0.455667259765625 0.813864896484375
1 0.354722525390625 0.80659221875 0.33710795703125 0.71605401953125 0.300192150390625 0.717931693359375 0.32444615625 0.804093064453125 0.354722525390625 0.80659221875
1 0.3221130234375 0.80203026953125 0.29964412890625 0.715829228515625 0.25732597265625 0.719941595703125 0.28533826171875 0.79756087890625 0.3221130234375 0.80203026953125
0 0.56961612890625 0.851510908203125 0.554225970703125 0.714401138671875 0.5038902421875 0.73137953125 0.519256890625 0.869547142578125 0.56961612890625 0.851510908203125
0 0.5070667109375 0.856072857421875 0.491410625 0.704166501953125 0.440096388671875 0.71165074609375 0.461749861328125 0.86130918359375 0.5070667109375 0.856072857421875
0 0.533182228515625 0.617595216796875 0.50796 0.387659662109375 0.4499358046875 0.402694267578125 0.47648915234375 0.6262563125 0.533182228515625 0.617595216796875
0 0.41244846875 0.831742453125 0.3818459296875 0.683340205078125 0.33258273828125 0.7055813671875 0.366230982421875 0.850743970703125 0.41244846875 0.831742453125
0 0.27639654296875 0.8252499375 0.244180794921875 0.695915322265625 0.20481431640625 0.70101941796875 0.229913126953125 0.8294548671875 0.27639654296875 0.8252499375
0 0.228044484375 0.818310619140625 0.204261998046875 0.699659240234375 0.161748517578125 0.710584564453125 0.189769951171875 0.816812791015625 0.228044484375 0.818310619140625
0 0.1918176328125 0.813831822265625 0.159588251953125 0.68891012890625 0.118039875 0.700988193359375 0.152369150390625 0.82057938671875 0.1918176328125 0.813831822265625
0 0 0.818936056640625 0.0001578046875 0.8192651171875 0.041605837890625 0.826563349609375 0.06119995703125 0.806753857421875 0.015006359375 0.700929455078125 0 0.706689701171875 0 0.818936056640625
1 0.1434140078125 0.79259792578125 0.12155683203125 0.706193876953125 0.0993284609375 0.710797490234375 0.130250099609375 0.790542083984375 0.1434140078125 0.79259792578125
1 0.128598083984375 0.790578794921875 0.097385201171875 0.709079396484375 0.06626205859375 0.712706486328125 0.0976185234375 0.787744673828125 0.128598083984375 0.790578794921875
1 0 0.549132384765625 0.01115247265625 0.5771384765625 0.045475224609375 0.57813702734375 0.005441806640625 0.4774595703125 0 0.491111802734375 0 0.549132384765625
0 0 0.195959314453125 0.0134677421875 0.205457158203125 0.05019060546875 0.1876153984375 0.006114033203125 0.090550349609375 0 0.100479072265625 0 0.195959314453125
0 0.099377408203125 0.1736063125 0.0583968359375 0.0412468828125 0.003035982421875 0.0953154921875 0.049860203125 0.1876227421875 0.099377408203125 0.1736063125