0 0.034125434027777776 0.9638708043981481 0.06825086805555555 0.07225839120370381
0 0.24459635416666664 0.9911060474537037 0.06293402777777779 0.01778790509259265
0 0.3549262152777778 0.9927137586805556 0.07458767361111107 0.014572482638888884
0 0.4673394097222222 0.9880081741898148 0.07189670138888893 0.023983651620370416
0 0.5807942708333333 0.9806061921296296 0.07712673611111098 0.038787615740740744
0 0.6884114583333334 0.9722077546296296 0.08142361111111107 0.05558449074074079
0 0.7864583333333333 0.9549678096064815 0.09490017361111125 0.09006438078703694
0 0.8607421875 0.9523636429398148 0.06768663194444446 0.09527271412037042
0 0.43817274305555554 0.41249276620370373 0.06176215277777786 0.23088831018518519
0 0.5909939236111111 0.3921368634259259 0.07875434027777772 0.24858940972222232
0 0.45403645833333334 0.09419849537037037 0.061653645833333326 0.1820674189814815
0 0.5185763888888889 0.09076967592592591 0.06050347222222219 0.17424768518518519
0 0 0.538080056640625 0.019212962890625 0.5418981484375 0.111042216796875 0.377868716796875 0.0591903671875 0.300090939453125 0 0.423801947265625 0 0.538080056640625
0 0.1567873671875 0.32859623046875 0.217600859375 0.204026125 0.162987763671875 0.1500413359375 0.078971009765625 0.314128638671875 0.106035052734375 0.35203373046875 0.130133927734375 0.322445435546875 0.1567873671875 0.32859623046875
0 0.14510857421875 0.552752974609375 0.18241291796875 0.33077050390625 0.114244376953125 0.334234458984375 0.073724095703125 0.55023975 0.14510857421875 0.552752974609375
0 0.235187939453125 0.51770006640625 0.256823193359375 0.297585978515625 0.1923115078125 0.287185845703125 0.15920690234375 0.521106150390625 0.235187939453125 0.51770006640625
0 0.373139880859375 0.538566466796875 0.386111111328125 0.306481482421875 0.329323744140625 0.30010747265625 0.3073798515625 0.53411044921875 0.373139880859375 0.538566466796875
0 0.703439154296875 0.493386244140625 0.677832892578125 0.2391865078125 0.624848435546875 0.26260747265625 0.63947034765625 0.508788029296875 0.703439154296875 0.493386244140625
0 0.765297068359375 0.2715856484375 0.798715830078125 0.52584325390625 0.86487268359375 0.51244212890625 0.833906525390625 0.248280423828125 0.77333002734375 0.2617228828125 0.765297068359375 0.2715856484375
0 0.6160714296875 0.0045634921875 0.6272872578125 0.203091931640625 0.68670359375 0.191625330078125 0.66852678515625 0.00495205078125 0.6160714296875 0.0045634921875
0 0.73883928515625 0.0054728828125 0.753433642578125 0.1524305546875 0.803700947265625 0.150818451171875 0.7890625 0.005844908203125 0.73883928515625 0.0054728828125
0 0.806919642578125 0.005977181640625 0.825713734375 0.164872685546875 0.881649580078125 0.1593336640625 0.859375 0.006365740234375 0.806919642578125 0.005977181640625
0 0.978794642578125 0.007250330078125 0.92522321484375 0.006853505859375 0.959201388671875 0.18570601953125 0.996075837890625 0.183994708984375 0.998589064453125 0.07089947265625 0.978794642578125 0.007250330078125
1 0.184428486328125 1 0.188392857421875 0.965839947265625 0.079913470703125 0.974958662109375 0.07380401171875 0.9987268515625 0.123977564453125 1 0.184428486328125 1
1 0.313577490234375 0.5063740078125 0.323404431640625 0.365550595703125 0.2576884921875 0.35911044921875 0.23648037890625 0.509771826171875 0.313577490234375 0.5063740078125
1 0.550537369140625 0.492253638671875 0.54929177734375 0.347379298828125 0.477686837890625 0.35478670703125 0.47330798046875 0.5016038359375 0.550537369140625 0.492253638671875
1 0.422767857421875 0.163872353515625 0.427513228515625 0.050793650390625 0.368405533203125 0.048371361328125 0.353527337890625 0.1653439140625 0.422767857421875 0.163872353515625
1 0.61825672265625 0.15738260546875 0.610857583984375 0.03826058203125 0.55050154296875 0.04178240625 0.55464065234375 0.156911375 0.61825672265625 0.15738260546875
1 0.748925263671875 0.15438161328125 0.73362544140625 0.03916997265625 0.676705798828125 0.038748345703125 0.6852210078125 0.15787863671875 0.748925263671875 0.15438161328125
1 0.785132828125 0.48406911328125 0.765046296875 0.333101853515625 0.69772927734375 0.3484788359375 0.707991623046875 0.48945105859375 0.785132828125 0.48406911328125
1 0.940266755859375 0.48521825390625 0.913219248046875 0.346106150390625 0.843846451171875 0.35353009375 0.86102568359375 0.484631283203125 0.940266755859375 0.48521825390625
1 0.98928571484375 0.489550265625 0.99149030078125 0.390343916015625 0.9803598984375 0.33866567578125 0.916655642578125 0.342162697265625 0.941338736328125 0.4872106484375 0.98928571484375 0.489550265625
1 0.944325947265625 0.151860119140625 0.916793431640625 0.034573412109375 0.867686287109375 0.03420965625 0.87838955078125 0.155340607421875 0.944325947265625 0.151860119140625