1 1 0.643302779296875 0.98401199609375 0.645880681640625 0.9661773984375 0.7421875 0.982717802734375 0.73347537890625 1 0.676971908203125 1 0.643302779296875
1 0.846364689453125 0.764125630859375 0.869170875 0.667487375 0.8420980625 0.668023990234375 0.82468434375 0.770643939453125 0.846364689453125 0.764125630859375
1 0.749989478515625 0.78450126171875 0.7677398984375 0.686931818359375 0.726630892578125 0.69094065625 0.7154408671875 0.790609216796875 0.749989478515625 0.78450126171875
1 1 0.35701595703125 0.967119107421875 0.3603851015625 0.9444076171875 0.479845328125 0.970144150390625 0.48066603515625 1 0.36649249609375 1 0.35701595703125
1 0.80675505078125 0.501704544921875 0.8332596796875 0.364236111328125 0.77660984765625 0.3705492421875 0.761842380859375 0.502162248046875 0.80675505078125 0.501704544921875
1 0.685269361328125 0.519949494140625 0.702456859375 0.381833962890625 0.633733166015625 0.388952021484375 0.6248158671875 0.522711490234375 0.685269361328125 0.519949494140625
1 0.62197495703125 0.522900884765625 0.6314341328125 0.3865688125 0.5638783671875 0.38980429296875 0.558933080078125 0.52964015234375 0.62197495703125 0.522900884765625
0 0.976273146484375 0.626104796875 0.93019255078125 0.630445076171875 0.9139309765625 0.78244949609375 0.950704966796875 0.799021462890625 0.973558501953125 0.71379419140625 0.976273146484375 0.626104796875
0 0.9029145625 0.809816919921875 0.92473169140625 0.74114583203125 0.9250631328125 0.649810607421875 0.878561658203125 0.647837751953125 0.85092592578125 0.779040404296875 0.87132786328125 0.806849748046875 0.9029145625 0.809816919921875
0 0.81184764453125 0.834911615234375 0.847685185546875 0.644823232421875 0.77783038671875 0.645675505859375 0.753382787109375 0.803298611328125 0.81184764453125 0.834911615234375
0 0.710827021484375 0.839109849609375 0.72370580859375 0.689867423828125 0.675783880859375 0.687989265625 0.66035353515625 0.83106060546875 0.710827021484375 0.839109849609375
0 0.9672769375 0.341351009765625 0.898553240234375 0.348469064453125 0.8761837109375 0.56936553125 0.92473169140625 0.569933712890625 0.95416140625 0.433538509765625 0.9672769375 0.341351009765625
0 0.898805765625 0.352256943359375 0.83882049609375 0.3727430546875 0.813468013671875 0.559595958984375 0.872558923828125 0.589898990234375 0.8987268515625 0.44738005078125 0.898805765625 0.352256943359375
0 0.77622580078125 0.354087751953125 0.711679291015625 0.359659091796875 0.688094486328125 0.5730271484375 0.75273569140625 0.59027777734375 0.771175294921875 0.449542296875 0.77622580078125 0.354087751953125
0 0.645701810546875 0.857402146484375 0.662242212890625 0.677477904296875 0.60939604296875 0.687342171875 0.595312498046875 0.85061553125 0.645701810546875 0.857402146484375
0 0.539009890625 0.883538509765625 0.547474748046875 0.67878787890625 0.48209701171875 0.693292298828125 0.48615319921875 0.87184343359375 0.539009890625 0.883538509765625
0 0.349137205078125 0.913952021484375 0.34695917578125 0.7314709609375 0.279235060546875 0.7321811875 0.298000841796875 0.917361111328125 0.349137205078125 0.913952021484375
0 0.282244318359375 0.905729166015625 0.270217802734375 0.746732955078125 0.20095223046875 0.756423611328125 0.226304712890625 0.911994951171875 0.282244318359375 0.905729166015625
0 0.211689814453125 0.928188130859375 0.18874684375 0.744554923828125 0.116387837890625 0.75064709765625 0.155460857421875 0.94081439453125 0.211689814453125 0.928188130859375
1 0.59207701953125 0.81278408984375 0.60142571484375 0.70689709375 0.548579544921875 0.71676136328125 0.541987583984375 0.821196337890625 0.59207701953125 0.81278408984375
1 0.47589962109375 0.83574810546875 0.478772095703125 0.72902462109375 0.41573021875 0.735763888671875 0.41666140625 0.846038509765625 0.47589962109375 0.83574810546875
1 0.41382049609375 0.84622790234375 0.41305766015625 0.73847853515625 0.348847853515625 0.74910037890625 0.353582703125 0.86292613671875 0.41382049609375 0.84622790234375
1 0.5562605234375 0.532354796875 0.5611216328125 0.3912563125 0.494528619140625 0.39823232421875 0.49313446875 0.537831439453125 0.5562605234375 0.532354796875
1 0.48665825 0.53699494921875 0.48813657421875 0.3986584609375 0.414104587890625 0.40105744921875 0.41856060546875 0.54280303125 0.48665825 0.53699494921875
1 0.412878787109375 0.543181818359375 0.410721802734375 0.4038194453125 0.33535353515625 0.4075757578125 0.34415509375 0.550299873046875 0.412878787109375 0.543181818359375
1 0.338389099609375 0.549416037109375 0.328793140625 0.405476642578125 0.24578072265625 0.4122790390625 0.262273779296875 0.5633680546875 0.338389099609375 0.549416037109375
1 0.256423611328125 0.561221591796875 0.242603115234375 0.4074179296875 0.154703283203125 0.415814392578125 0.179887416015625 0.56886048046875 0.256423611328125 0.561221591796875
1 0.14671191015625 0.905886994140625 0.123342802734375 0.790767044921875 0.053114478515625 0.796717171875 0.07627841015625 0.9194602265625 0.14671191015625 0.905886994140625
1 0.17437394921875 0.57176451953125 0.149479166015625 0.412357953125 0.05902777734375 0.41458333203125 0.09445496484375 0.582165404296875 0.17437394921875 0.57176451953125
1 0.08797874609375 0.5813289140625 0.054308712890625 0.418702650390625 0.028030302734375 0.420454544921875 0.040019990234375 0.5895991171875 0.08797874609375 0.5813289140625