0 0.30206886574074077 0.47368344907407406 0.07269241898148149 0.22861689814814812
0 0.3960358796296296 0.4855541087962963 0.07277922453703711 0.23447627314814812
0 0.39964554398148144 0.7951533564814814 0.05627170138888893 0.17444299768518512
0 0.46613859953703707 0.7990451388888888 0.05724826388888893 0.17447193287037033
0 0.7590494791666667 0.006879340277777779 0.0737630208333333 0.013758680555555559
0 0.8313729745370371 0.00953414351851852 0.04946469907407414 0.01906828703703704
0 0.0093465234375 0.555522486328125 0.0487314453125 0.50076058203125 0.00611405078125 0.412698412109375 0.0093465234375 0.555522486328125
0 0.0219466484375 0.576984126953125 0.100191064453125 0.733465609375 0.1539673359375 0.670337302734375 0.0930518828125 0.553042326171875 0.07187591796875 0.55565476171875 0.0479975 0.52658730078125 0.0219466484375 0.576984126953125
0 0.017332634765625 0.3409060859375 0.052755732421875 0.546296294921875 0.12427248828125 0.550132275390625 0.094165197265625 0.326719578125 0.042649544921875 0.31633598046875 0.017332634765625 0.3409060859375
0 0.106794716796875 0.35016534375 0.130617099609375 0.601554232421875 0.200900205078125 0.5974867734375 0.183980013671875 0.359788359375 0.106794716796875 0.35016534375
0 0.5148956484375 0.387698412109375 0.51069866796875 0.631977513671875 0.5689695390625 0.646130951171875 0.5829760078125 0.385681216796875 0.5148956484375 0.387698412109375
0 0.589966380859375 0.40532407421875 0.57581294140625 0.655853173828125 0.63167530078125 0.65816798828125 0.657077638671875 0.41326058203125 0.589966380859375 0.40532407421875
0 0.749447015625 0.392658732421875 0.71411761328125 0.645800263671875 0.777910052734375 0.655820107421875 0.813239455078125 0.4026785703125 0.749447015625 0.392658732421875
0 0.5675898359375 0.7037367734375 0.55604975 0.9045634921875 0.604099609375 0.9071097890625 0.63011923046875 0.703869048828125 0.5675898359375 0.7037367734375
0 0.692091048828125 0.7417328046875 0.67100510546875 0.90115740625 0.71793889453125 0.9037367734375 0.7400527265625 0.73832671875 0.692091048828125 0.7417328046875
0 0.762197787109375 0.72576058203125 0.7391736484375 0.905092591796875 0.789573228515625 0.915509259765625 0.814858908203125 0.73809523828125 0.762197787109375 0.72576058203125
0 0.886140505859375 0.726058201171875 0.846287109375 0.89993386328125 0.90135673828125 0.924107142578125 0.948816873046875 0.736111111328125 0.886140505859375 0.726058201171875
1 0.187533986328125 0.37357804296875 0.205598728515625 0.537797619140625 0.27353211328125 0.525859787109375 0.265717775390625 0.37523148046875 0.187533986328125 0.37357804296875
1 0.433540013671875 0.39804894140625 0.432396384765625 0.546957673828125 0.502797068359375 0.55082671875 0.511753197265625 0.4016865078125 0.433540013671875 0.39804894140625
1 0.306634884765625 0.725363755859375 0.31509498046875 0.844212962890625 0.37421737109375 0.84047619140625 0.373628564453125 0.725363755859375 0.306634884765625 0.725363755859375
1 0.504444076171875 0.737367724609375 0.496163103515625 0.856712962890625 0.551878490234375 0.849107142578125 0.56365465234375 0.739583333984375 0.504444076171875 0.737367724609375
1 0.628474978515625 0.743617724609375 0.614407884765625 0.84923941796875 0.670270244140625 0.851554232421875 0.687773736328125 0.75178571484375 0.628474978515625 0.743617724609375
1 0.662834361328125 0.425 0.64703483203125 0.564417990234375 0.7141166953125 0.57037037109375 0.73549658203125 0.430787037109375 0.662834361328125 0.425
1 0.816000697265625 0.438326720703125 0.790068341796875 0.572089947265625 0.851599244140625 0.580191798828125 0.885373494140625 0.44818121484375 0.816000697265625 0.438326720703125
1 0.885344099609375 0.44619708984375 0.856122318359375 0.58402777734375 0.918651712890625 0.584160052734375 0.95477568359375 0.460019841796875 0.885344099609375 0.44619708984375
1 1 0.455607212890625 0.9546287109375 0.45009920703125 0.919797177734375 0.586111111328125 0.98344264453125 0.586210318359375 1 0.522054986328125 1 0.455607212890625
1 0.81286191796875 0.754034390625 0.794330541015625 0.859788359375 0.842321611328125 0.85836640234375 0.8753913125 0.754166666015625 0.81286191796875 0.754034390625
1 0.9413865 0.762136244140625 0.915042623046875 0.868121693359375 0.95295965625 0.8650132265625 0.986088146484375 0.76478174609375 0.9413865 0.762136244140625
1 1 0.75752068359375 0.990464248046875 0.75869708984375 0.95624908203125 0.860945767578125 1 0.861500986328125 1 0.75752068359375