0 0.034505208984375 0.16782407421875 0.020833333984375 0.271990740234375 0.081380208984375 0.2743055546875 0.126302083984375 0.1006944453125 0.065104166015625 0.077546294921875 0.034505208984375 0.16782407421875
0 0 0.543981482421875 0.033854166015625 0.387731482421875 0 0.333333333984375 0 0.543981482421875
1 0.02734375 0.206018517578125 0.044921875 0.1319444453125 0.018880208984375 0.12962962890625 0 0.200231482421875 0.02734375 0.206018517578125
1 0.15234375 0.237268517578125 0.170572916015625 0.1319444453125 0.12890625 0.134259259765625 0.1015625 0.23842592578125 0.15234375 0.237268517578125
1 0.070963541015625 0.56597222265625 0.092447916015625 0.427083333984375 0.042317708984375 0.427083333984375 0.001953125 0.5706018515625 0.070963541015625 0.56597222265625
0 0.107421875 0.34837962890625 0.078125 0.49652777734375 0.076171875 0.581018517578125 0.137369791015625 0.58912037109375 0.177083333984375 0.3680555546875 0.150390625 0.3518518515625 0.107421875 0.34837962890625
0 0.205729166015625 0.240740740234375 0.23046875 0.09259259375 0.180338541015625 0.081018517578125 0.151041666015625 0.237268517578125 0.205729166015625 0.240740740234375
0 0.286458333984375 0.24537037109375 0.3046875 0.087962962890625 0.252604166015625 0.075231482421875 0.225911458984375 0.24537037109375 0.286458333984375 0.24537037109375
1 0.2265625 0.56365740625 0.249348958984375 0.42592592578125 0.180989583984375 0.421296294921875 0.151041666015625 0.56597222265625 0.2265625 0.56365740625
1 0.3046875 0.5625 0.320963541015625 0.422453705078125 0.251302083984375 0.42592592578125 0.228515625 0.564814814453125 0.3046875 0.5625
1 0.353515625 0.232638888671875 0.364583333984375 0.12152777734375 0.30859375 0.12962962890625 0.2890625 0.234953705078125 0.353515625 0.232638888671875
1 0.482421875 0.231481482421875 0.486979166015625 0.119212962890625 0.428385416015625 0.122685185546875 0.41796875 0.23032407421875 0.482421875 0.231481482421875
1 0.381510416015625 0.56597222265625 0.393880208984375 0.421296294921875 0.322916666015625 0.423611111328125 0.305338541015625 0.5625 0.381510416015625 0.56597222265625
1 0.459635416015625 0.56712962890625 0.466796875 0.423611111328125 0.393880208984375 0.421296294921875 0.3828125 0.56712962890625 0.459635416015625 0.56712962890625
1 0.5390625 0.56597222265625 0.539713541015625 0.41782407421875 0.467447916015625 0.424768517578125 0.459635416015625 0.564814814453125 0.5390625 0.56597222265625
1 0.619791666015625 0.56712962890625 0.613932291015625 0.420138888671875 0.540364583984375 0.420138888671875 0.539713541015625 0.56597222265625 0.619791666015625 0.56712962890625
1 0.546875 0.232638888671875 0.549479166015625 0.119212962890625 0.489583333984375 0.12037037109375 0.483072916015625 0.231481482421875 0.546875 0.232638888671875
0 0.408854166015625 0.2581018515625 0.41796875 0.0856481484375 0.369140625 0.075231482421875 0.3515625 0.2569444453125 0.408854166015625 0.2581018515625
0 0.607421875 0.25347222265625 0.603515625 0.071759259765625 0.553385416015625 0.07407407421875 0.550130208984375 0.2581018515625 0.607421875 0.25347222265625
0 0.674479166015625 0.237268517578125 0.666666666015625 0.09375 0.6171875 0.09259259375 0.620442708984375 0.237268517578125 0.674479166015625 0.237268517578125
0 0.748697916015625 0.252314814453125 0.731119791015625 0.07407407421875 0.68359375 0.076388888671875 0.692708333984375 0.2569444453125 0.748697916015625 0.252314814453125
1 0.701822916015625 0.56712962890625 0.688802083984375 0.415509259765625 0.616536458984375 0.418981482421875 0.619140625 0.56712962890625 0.701822916015625 0.56712962890625
1 0.783203125 0.5694444453125 0.763020833984375 0.416666666015625 0.690104166015625 0.416666666015625 0.699869791015625 0.564814814453125 0.783203125 0.5694444453125
1 0.865885416015625 0.568287037109375 0.841145833984375 0.416666666015625 0.766927083984375 0.420138888671875 0.784505208984375 0.568287037109375 0.865885416015625 0.568287037109375
1 0.819661458984375 0.22222222265625 0.800130208984375 0.107638888671875 0.737630208984375 0.109953705078125 0.750651041015625 0.224537037109375 0.819661458984375 0.22222222265625
1 0.952473958984375 0.568287037109375 0.919921875 0.4131944453125 0.84375 0.4143518515625 0.869140625 0.572916666015625 0.952473958984375 0.568287037109375
1 0.88671875 0.21875 0.866536458984375 0.106481482421875 0.802734375 0.103009259765625 0.8203125 0.22222222265625 0.88671875 0.21875
0 0.951171875 0.05787037109375 0.932942708984375 0.084490740234375 0.97265625 0.22337962890625 1 0.228009259765625 0.998697916015625 0.03240740625 0.951171875 0.05787037109375