1 0.9616156684027778 0.19241898148148148 0.07676866319444442 0.1516131365740741
1 0.8848741319444444 0.18717447916666666 0.08427372685185186 0.16833043981481483
1 0.652662037109375 0.063040123046875 0.5859567890625 0.056901576171875 0.561381171875 0.18936042578125 0.621990740234375 0.2026020234375 0.652662037109375 0.063040123046875
1 0.589004630859375 0.061153978515625 0.534413580078125 0.054333849609375 0.503009259765625 0.174104080078125 0.558834876953125 0.18304183984375 0.589004630859375 0.061153978515625
1 0.5279706796875 0.0520618984375 0.481442900390625 0.04444015625 0.445563271484375 0.1682398828125 0.499537037109375 0.174001201171875 0.5279706796875 0.0520618984375
1 1 0.4373395 0.925385802734375 0.434263546875 0.927160494140625 0.622650890625 1 0.63141804296875 1 0.4373395
1 0.927237654296875 0.43743998828125 0.84382716015625 0.417279662109375 0.83348765234375 0.606348595703125 0.924691357421875 0.618415638671875 0.927237654296875 0.43743998828125
1 0.835648146484375 0.414956275390625 0.762808642578125 0.399271259765625 0.7453317890625 0.5673182421875 0.825733025390625 0.584267833984375 0.835648146484375 0.414956275390625
1 0.752816357421875 0.3948131015625 0.68175154296875 0.3802211953125 0.658063271484375 0.5522462265625 0.74112654296875 0.56303155078125 0.755362654296875 0.401131689453125 0.752816357421875 0.3948131015625
1 0.675810185546875 0.37588305859375 0.61284722265625 0.36153120703125 0.581288578125 0.5395661875 0.653395060546875 0.551067388671875 0.675810185546875 0.37588305859375
1 0.604976853515625 0.351933298828125 0.5393518515625 0.343745712890625 0.502700615234375 0.524751373046875 0.575 0.54146090625 0.604976853515625 0.351933298828125
1 0.5362268515625 0.337409978515625 0.4748842578125 0.319984568359375 0.439236109375 0.496857853515625 0.4984182109375 0.518381345703125 0.5362268515625 0.337409978515625
1 0.474112654296875 0.31475908984375 0.416473763671875 0.30368655859375 0.374537037109375 0.46684670703125 0.433757716796875 0.489411865234375 0.474112654296875 0.31475908984375
1 0.414583333984375 0.29946844921875 0.36114969140625 0.27707476171875 0.31392746875 0.4379972578125 0.371527779296875 0.463635974609375 0.414583333984375 0.29946844921875
1 0.35760030859375 0.274888544921875 0.30625 0.261921296875 0.255787037109375 0.41338305859375 0.3149305546875 0.4338648828125 0.35760030859375 0.274888544921875
1 0.20177469140625 0.718737140625 0.142283951171875 0.68888031640625 0.087268517578125 0.85789608984375 0.1439043203125 0.904316703125 0.20177469140625 0.718737140625
1 0.2658950625 0.748731140625 0.205941357421875 0.72198216796875 0.147723765625 0.91379458203125 0.205169751953125 0.950874484375 0.2658950625 0.748731140625
1 0.332677470703125 0.7881687265625 0.269984568359375 0.74989283203125 0.243094134765625 0.851067388671875 0.306520060546875 0.89352709375 0.332677470703125 0.7881687265625
1 0.410223765625 0.821682099609375 0.337885802734375 0.788323046875 0.3114969140625 0.903039267578125 0.3782793203125 0.942476853515625 0.410223765625 0.821682099609375
1 0.563087779296875 1 0.5748842578125 0.9129243828125 0.49452160546875 0.88140860546875 0.470733669921875 1 0.563087779296875 1
0 0.8119212962962963 0.14014033564814815 0.0707826967592593 0.1728081597222222
0 0.738353587962963 0.12918113425925926 0.06561053240740744 0.13851273148148147
0 0.6677155671296295 0.11830873842592593 0.0693721064814814 0.16106047453703703