1 0.099780078125 0.99920601953125 0.13400580078125 0.8714594921875 0.0720914140625 0.85614002734375 0.03417022265625 0.997647640625 0.099780078125 0.99920601953125
1 0.177280087890625 0.9986319453125 0.20263234375 0.8876168984375 0.13570140234375 0.874573212890625 0.135068126953125 0.87568994921875 0.10166200390625 0.99825974609375 0.177280087890625 0.9986319453125
1 0.255405087890625 0.998053240234375 0.275144560546875 0.906523150390625 0.203086046875 0.8896423828125 0.178545259765625 0.996578197265625 0.255405087890625 0.998053240234375
1 0.33540510546875 0.9974606484375 0.35157331640625 0.924011576171875 0.278570998046875 0.90798760546875 0.26040510546875 0.998016203125 0.33540510546875 0.9974606484375
1 0.51900432421875 0.9953625390625 0.524712462890625 0.963004630859375 0.436833802734375 0.95149035546875 0.430873865234375 0.99675347265625 0.51900432421875 0.9953625390625
0 0.38362991898148147 0.9414424189814814 0.09456741898148147 0.11104600694444455
0 0.6558304398148148 0.9745804398148148 0.07256944444444446 0.04155092592592591
0 0.5581018518518519 0.9850694444444444 0.05777633101851842 0.021911168981481488
0 0.5877821180555556 0.14212239583333333 0.06777343750000009 0.18506221064814815
0 0.656127025462963 0.1435691550925926 0.06470630787037024 0.1664858217592593
0 0.7265842013888888 0.12351707175925927 0.05805121527777768 0.19084924768518519
0 0.367307341796875 0.213118173828125 0.398411203125 0.063876919921875 0.33104298828125 0.04658359765625 0.307250755859375 0.1368335703125 0.319823826171875 0.2112458515625 0.367307341796875 0.213118173828125
0 0.297644033203125 0.2525549453125 0.3339183515625 0.038079861328125 0.268066275390625 0.02703371875 0.22636214453125 0.173017416015625 0.250144041015625 0.252906796875 0.297644033203125 0.2525549453125
0 0.1870274296875 0.273337287109375 0.243460751953125 0.0794275546875 0.171076087890625 0.064395443359375 0.11689666796875 0.207135515625 0.13766065625 0.272590962890625 0.1870274296875 0.273337287109375
0 0.08682148828125 0.3018800859375 0.15466230859375 0.08662731640625 0.083609037109375 0.060595267578125 0.006789587890625 0.2224074140625 0.039321451171875 0.3022319375 0.08682148828125 0.3018800859375
1 0.249775765625 0.5135498515625 0.282960275390625 0.378716435546875 0.23075606640625 0.38136018359375 0.191042234375 0.511760865234375 0.249775765625 0.5135498515625
1 0.310968123046875 0.520880734375 0.342304412109375 0.3824432890625 0.2857395625 0.38317694921875 0.249775765625 0.5135498515625 0.310968123046875 0.520880734375
1 0.377176923828125 0.525950404296875 0.40383162109375 0.386750294921875 0.343231353515625 0.383863130859375 0.312234578125 0.51864730078125 0.377176923828125 0.525950404296875
1 0.4433857265625 0.53102007421875 0.467252970703125 0.388461806640625 0.405706640625 0.38673640625 0.376560171875 0.524842927734375 0.4433857265625 0.53102007421875
1 0.516494255859375 0.53270258203125 0.534440470703125 0.38796412109375 0.46880691796875 0.3896050546875 0.44714395703125 0.529880189453125 0.516494255859375 0.53270258203125
1 0.5914201171875 0.542155744140625 0.603159607421875 0.391621529296875 0.53441544140625 0.391343115234375 0.51836925 0.532688693359375 0.5914201171875 0.542155744140625
1 0.552081408203125 0.2000659765625 0.565579232421875 0.086361111328125 0.509138697265625 0.09140596875 0.490156998046875 0.207196787109375 0.552081408203125 0.2000659765625
1 0.491456404296875 0.20051505078125 0.506944330078125 0.092350697265625 0.450947779296875 0.100733197265625 0.4333066953125 0.204281845703125 0.491456404296875 0.20051505078125
1 0.672179455078125 0.54451483984375 0.67974268359375 0.38827662109375 0.605183005859375 0.392664181640625 0.593495365234375 0.5362015234375 0.672179455078125 0.54451483984375
1 0.75899680078125 0.551655908203125 0.760961818359375 0.3918414375 0.681433033203125 0.392099365234375 0.674062712890625 0.54338884375 0.75899680078125 0.551655908203125
1 0.8521053125 0.55319022265625 0.844555568359375 0.391222224609375 0.76139181640625 0.39706718359375 0.76088001171875 0.55052991015625 0.8521053125 0.55319022265625
1 0.831088416015625 0.184397654296875 0.827421439453125 0.0677557890625 0.756912181640625 0.073744951171875 0.75854723828125 0.1904951015625 0.831088416015625 0.184397654296875
1 0.909229892578125 0.181594775390625 0.89622287890625 0.060302083984375 0.82820337890625 0.067656763671875 0.8348301953125 0.185481939453125 0.909229892578125 0.181594775390625
1 0.948586771484375 0.563416111328125 0.935455638671875 0.3955981328125 0.84608890234375 0.395148103515625 0.850544166015625 0.553022138671875 0.948586771484375 0.563416111328125
1 0.996046052734375 0.399821759765625 0.937922697265625 0.400027958984375 0.950494740234375 0.558953875 0.99579898046875 0.559730333984375 0.996046052734375 0.399821759765625
0 0.9562210648148148 0.10425166377314815 0.07188223379629632 0.2085033275462963