1 0.8324001736111111 0.3554904513888889 0.1089265046296295 0.293142361111111
1 0.7448350694444444 0.9519856770833333 0.08225549768518525 0.09602864583333348
1 0.5021918402777777 0.9524305555555556 0.08288483796296298 0.09513888888888888
1 0.26373697916666666 0.9441189236111112 0.09104456018518514 0.11176215277777768
1 0.10260416666666666 0.9406032986111111 0.0851851851851852 0.11879340277777772
0 0.938208912037037 0.36336805555555557 0.12358217592592591 0.33812934027777775
0 0.7220992476851851 0.33500434027777776 0.10518663194444455 0.2793402777777778
0 0.6174840856481482 0.31184895833333337 0.10094762731481488 0.30642361111111116
0 0.5107494212962963 0.30223524305555555 0.09916811342592591 0.30926649305555554
0 0.3925853587962963 0.2969835069444444 0.11807725694444438 0.3325086805555555
0 0.2952329282407407 0.3306423611111111 0.10713975694444444 0.2794270833333333
0 0.1978009259259259 0.31365017361111114 0.11676070601851851 0.3431640625
0 0.1255931712962963 0.3114149305555556 0.10194589120370368 0.35614149305555554
0 0.9675763165509259 0.95712890625 0.06484736689814818 0.08574218749999996
0 0.9050998263888889 0.9380208333333333 0.08175636574074074 0.12395833333333339
0 0.8202618634259259 0.9548990885416666 0.08047598379629628 0.09020182291666679
0 0.6768156828703704 0.9368489583333333 0.08129340277777786 0.12630208333333348
0 0.5793909143518519 0.9385416666666666 0.08473668981481475 0.12291666666666679
0 0.4184895833333333 0.939111328125 0.08421585648148144 0.12177734375000004
0 0.34358362268518516 0.9420355902777777 0.08760127314814814 0.11592881944444455
0 0.17761863425925928 0.9227864583333334 0.08554687500000002 0.15442708333333321