1 0.69316302734375 0.667609126953125 0.72218915234375 0.51765873046875 0.644651125 0.522172619140625 0.627579365234375 0.66071428515625 0.69316302734375 0.667609126953125
1 0.474867724609375 0.667857142578125 0.486168982421875 0.51512896875 0.41001157421875 0.51572420703125 0.4041583984375 0.670684525390625 0.474867724609375 0.667857142578125
1 0.570701056640625 0.976587302734375 0.58480489453125 0.865773810546875 0.520469576171875 0.8569444453125 0.507349537109375 0.96979166796875 0.570701056640625 0.976587302734375
1 0.384184853515625 0.970287697265625 0.388640875 0.8530753984375 0.32489252734375 0.852232140625 0.328116732421875 0.971775794921875 0.384184853515625 0.970287697265625
1 0.263649140625 0.9649305546875 0.2585152109375 0.857242064453125 0.199231150390625 0.85659722265625 0.204100529296875 0.96825396875 0.263649140625 0.9649305546875
1 0.25112433984375 0.665873015625 0.246403771484375 0.51840277734375 0.1747106484375 0.519196427734375 0.1854083984375 0.660962302734375 0.25112433984375 0.665873015625
1 0.105315806640625 0.653422619140625 0.0919890859375 0.517509919921875 0.01851851953125 0.52817460546875 0.043005951171875 0.66458333203125 0.105315806640625 0.653422619140625
1 0 0.667345974609375 0.0353257265625 0.662251984375 0.017666998046875 0.52415674609375 0 0.524040095703125 0 0.667345974609375
1 0.070039681640625 0.96428571484375 0.06556712890625 0.846676587890625 0.002273478515625 0.855803572265625 0.02329695703125 0.96021825390625 0.070039681640625 0.96428571484375
0 0.8981068125 0.716517857421875 0.963492064453125 0.5920634921875 0.968121693359375 0.522619048828125 0.946990740234375 0.50376983984375 0.924537037109375 0.50476190625 0.844890873046875 0.6584325390625 0.8981068125 0.716517857421875
0 0.78070436328125 0.8824404765625 0.868163029296875 0.729117064453125 0.840542326171875 0.6900793671875 0.822478505859375 0.7091765859375 0.79595733984375 0.704017857421875 0.730381943359375 0.81453373046875 0.78070436328125 0.8824404765625
0 0.836003638671875 0.707787697265625 0.887251984375 0.49315476171875 0.81996527734375 0.478224205078125 0.76943617578125 0.698859126953125 0.836003638671875 0.707787697265625
0 0.757729828125 0.74012896875 0.801372353515625 0.5052579375 0.729679232421875 0.506051587890625 0.68978174609375 0.735119048828125 0.757729828125 0.74012896875
0 0.62111441796875 0.72410714453125 0.64926421875 0.486557541015625 0.58426752734375 0.48764880859375 0.560127314453125 0.715426587890625 0.62111441796875 0.72410714453125
0 0.3229001328125 0.764583333984375 0.3228257265625 0.51383928515625 0.253951720703125 0.52271825390625 0.26420304296875 0.771924603515625 0.3229001328125 0.764583333984375
0 0.180836640625 0.746329365234375 0.1624503984375 0.4848214296875 0.0984375 0.4879464296875 0.109730490234375 0.755109126953125 0.180836640625 0.746329365234375
0 0.319576060546875 1 0.320444775390625 0.818204365234375 0.262012236328125 0.821577380859375 0.26665293359375 1 0.319576060546875 1
0 0.19653151171875 1 0.19122850390625 0.8423115078125 0.144088955078125 0.844196427734375 0.14846616015625 1 0.19653151171875 1
0 0.134488025390625 1 0.118229166015625 0.8291170625 0.0637318125 0.840624998046875 0.075713162109375 1 0.134488025390625 1
0 0.5169921875 0.6047743055555556 0.07317708333333339 0.2505642361111111
0 0.48561197916666665 0.9160861545138889 0.0654296875 0.16782769097222228
0 0.4223958333333333 0.9136664496527778 0.06809895833333335 0.17266710069444446
0 0.36354166666666665 0.629296875 0.08945312499999991 0.26102430555555567
0 0.954296875 0.08355034722222222 0.0913411458333333 0.08487413194444446
0 0.394921875 0.04105902777777778 0.07343750000000004 0.05
0 0.29036458333333337 0.03739149305555556 0.07454427083333326 0.05199652777777777
0 0.19231770833333334 0.05360243055555555 0.09095052083333333 0.09361979166666667
0 0.11985677083333333 0.0533203125 0.07083333333333333 0.09856770833333332