1 0.3525390625 0.01953125 0.091796875 0.02734375
1 0.439453125 0.017578125 0.0849609375 0.03515625
1 0.5244140625 0.0185546875 0.0810546875 0.033203125
1 0.60546875 0.021484375 0.0859375 0.04296875
1 0.6865234375 0.03125 0.0888671875 0.0625
1 0.7734375 0.03125 0.0810546875 0.0625
1 0.8544921875 0.0341796875 0.08203125 0.064453125
1 0.93359375 0.0341796875 0.0830078125 0.068359375
1 0.73046875 0.6142578125 0.1044921875 0.25
0 0.8359375 0.6162109375 0.09375 0.2998046875
0 0.64453125 0.6240234375 0.068359375 0.2646484375
0 0.5576171875 0.599609375 0.068359375 0.31640625
0 0.4521484375 0.607421875 0.0712890625 0.3310546875
0 0.353515625 0.6123046875 0.0869140625 0.30859375
0 0.2607421875 0.6025390625 0.095703125 0.3125
1 0.958333333984375 0.625 0.950231482421875 0.50833333203125 0.86342592578125 0.48958333203125 0.87847222265625 0.63125 0.958333333984375 0.625
1 0.99884259375 0.63333333203125 0.997685185546875 0.49791666796875 0.950231482421875 0.5 0.962962962890625 0.625 0.99884259375 0.63333333203125