1 0.19482783564814815 0.2986472800925926 0.10580873842592592 0.2924262152777778
1 0.34924045138888893 0.9394892939814815 0.077097800925926 0.12102141203703698
1 0.5887008101851852 0.9480161313657407 0.0825014467592593 0.1039677372685186
1 0.8279079861111112 0.9511628327546297 0.08948929398148131 0.0976743344907407
1 0.9726363570601853 0.9541648582175926 0.054727285879629495 0.09167028356481488
0 0.08441116898148147 0.3121021412037037 0.13960503472222222 0.32389322916666663
0 0.30189525462962963 0.2957899305555556 0.11291232638888893 0.27904369212962954
0 0.40850694444444446 0.2841435185185185 0.10820312499999996 0.3198061342592593
0 0.5149522569444445 0.2880859375 0.10234374999999996 0.31958912037037035
0 0.6321903935185185 0.2934027777777778 0.11898148148148158 0.33969907407407407
0 0.7340277777777777 0.3400607638888889 0.10238715277777777 0.26403356481481477
0 0.8305049189814815 0.3397352430555556 0.11672453703703711 0.33376736111111116
0 0.9002604166666667 0.3315972222222222 0.10689380787037028 0.3509476273148149
0 0.0968822337962963 0.9267939814814814 0.10134548611111113 0.1464120370370372
0 0.18586516203703704 0.912037037037037 0.08353587962962966 0.17592592592592604
0 0.2676793981481482 0.9281051070601851 0.0908058449074074 0.14378978587962976
0 0.4125289351851852 0.9184389467592593 0.08230613425925926 0.1631221064814814
0 0.509714988425926 0.9300491898148149 0.07543402777777786 0.13990162037037024
0 0.6709997106481481 0.935619212962963 0.0859230324074074 0.12876157407407396
0 0.7476779513888889 0.9468948929398149 0.07416811342592577 0.10621021412037024
0 0.9094328703703703 0.9429796006944444 0.08366608796296293 0.11404079861111116