0 0.08700591015625 0.00322244140625 0.140854828125 0.224435837890625 0.22683659765625 0.2103759140625 0.1890926328125 0.007218103515625 0.08700591015625 0.00322244140625
0 0.3703197337962963 0.08289930555555557 0.09024884259259258 0.14171006944444445
0 0.47348813657407407 0.08087384259259259 0.09047309027777772 0.12905092592592593
0 0.5845269097222222 0.08011429398148148 0.08702256944444442 0.12015335648148145
0 0.7094690393518519 0.08376736111111112 0.09466145833333339 0.11751302083333334
0 0.8199363425925926 0.08980758101851852 0.09879918981481484 0.12156394675925924
0 0.9230541087962962 0.10337094907407408 0.11270978009259247 0.14254195601851852
0 0.9794921875 0.09877748842592593 0.041015625 0.1265190972222222
0 1 0.580369904296875 0.96674908203125 0.5835309921875 0.957628232421875 0.830650818359375 1 0.84220662109375 1 0.580369904296875
0 0.8343460648148149 0.727611400462963 0.09949363425925917 0.26482928240740744
0 0.7546079282407407 0.713939525462963 0.09662181712962958 0.2656973379629628
0 0.5939887152777779 0.7001953125 0.07983940972222214 0.2455873842592593
0 0.5104600694444444 0.6883318865740741 0.08632812500000009 0.23998119212962954
0 0.37817563657407405 0.7087673611111112 0.08942418981481481 0.22645399305555536
0 0.268846748046875 0.812900388671875 0.3557574453125 0.961834775390625 0.398323271484375 0.894433548828125 0.3287077421875 0.775455263671875 0.3087538125 0.7824762265625 0.29099858203125 0.761125302734375 0.268846748046875 0.812900388671875
0 0.155815275390625 0.640580802734375 0.250426626953125 0.796698171875 0.287645720703125 0.72909891796875 0.20669544140625 0.574349734375 0.155815275390625 0.640580802734375
0 0.019061755859375 0.321667146484375 0.0281253984375 0.474616083984375 0.1074370546875 0.60171348046875 0.160159072265625 0.5338261875 0.038836865234375 0.319812892578125 0.019061755859375 0.321667146484375
0 0.9673846209490741 0.9752875434027778 0.06523075810185186 0.04942491319444442
0 0.8361762152777777 0.9573658130787037 0.08087384259259256 0.08526837384259256
0 0.6982566550925926 0.9674117476851851 0.06184895833333348 0.06517650462962976
0 0.6315031828703703 0.9602955005787037 0.06547309027777759 0.07940899884259256
1 0.6275399609375 1 0.674426794921875 0.951165658203125 0.531887708984375 0.94305939453125 0.54130618359375 1 0.6275399609375 1
1 0.803178619140625 1 0.80253812890625 0.94837175390625 0.73300220703125 0.946738693359375 0.73615843359375 1 0.803178619140625 1
1 0.944592193359375 1 0.94566441796875 0.957442111328125 0.87347231640625 0.955710677734375 0.87325819921875 1 0.944592193359375 1
1 0.627688978515625 0.600766474609375 0.639886849609375 0.752936009765625 0.71509846875 0.7519522421875 0.70625590625 0.602734013671875 0.627688978515625 0.600766474609375
1 0.39732896484375 0.604485125 0.424988642578125 0.75816966796875 0.49069398046875 0.75777616015625 0.469409134765625 0.604327720703125 0.39732896484375 0.604485125
1 0.200275888671875 0.007417625 0.23497369140625 0.172531408203125 0.33079157421875 0.170426140625 0.30550825 0.01211787890625 0.200275888671875 0.007417625
1 0.874717134765625 0.609083455078125 0.8734561328125 0.754856953125 0.950326529296875 0.751418650390625 0.958040107421875 0.60714120703125 0.874717134765625 0.609083455078125