0 0.190127646484375 0.76487963671875 0.21089384765625 0.447088828125 0.121294775390625 0.442983107421875 0.104469369140625 0.74535733984375 0.190127646484375 0.76487963671875
0 0.39279615625 0.7817050390625 0.389638599609375 0.511854552734375 0.317387087890625 0.502757564453125 0.314860146484375 0.7674557734375 0.39279615625 0.7817050390625
0 0.484182537109375 0.781101255859375 0.4755719296875 0.48444283203125 0.404365857421875 0.4693885234375 0.411010818359375 0.780376716796875 0.484182537109375 0.781101255859375
1 0.1120244765625 0.603750236328125 0.124772673828125 0.470877853515625 0.039374359375 0.46942877734375 0.031434060546875 0.59054752734375 0.1120244765625 0.603750236328125
1 0.311016064453125 0.745558599609375 0.31467006640625 0.502596556640625 0.22500837890625 0.497283271484375 0.215795107421875 0.737508166015625 0.311016064453125 0.745558599609375
1 0.09254355078125 0.04521125390625 0.0945528046875 0.00560312890625 0.015884427734375 0.0033490078125 0.01424135546875 0.0369595625 0.09254355078125 0.04521125390625
1 0.1006661015625 0.0059653984375 0.09581459765625 0.04299738671875 0.177450451171875 0.050242775390625 0.17878044921875 0.010594396484375 0.1006661015625 0.0059653984375
1 0.1821767265625 0.010795658203125 0.179425603515625 0.049155966796875 0.2605074296875 0.058776234375 0.2616495859375 0.01550516015625 0.1821767265625 0.010795658203125
1 0.26640437109375 0.01578692578125 0.263966322265625 0.06018505859375 0.344055822265625 0.06372725 0.344518720703125 0.020415923828125 0.26640437109375 0.01578692578125
1 0.347914998046875 0.020617185546875 0.347514712890625 0.06513607421875 0.429275794921875 0.074796591796875 0.429425623046875 0.025447443359375 0.347914998046875 0.020617185546875
1 0.5153628671875 0.0895288828125 0.511740732421875 0.032733083984375 0.431463388671875 0.025568201171875 0.432055431640625 0.076165166015625 0.5153628671875 0.0895288828125
1 0.5143325234375 0.03047896484375 0.51449576953125 0.0858659375 0.59761536328125 0.0956069609375 0.594484638671875 0.03522871875 0.5143325234375 0.03047896484375
1 0.5958431484375 0.03530922265625 0.598973873046875 0.09568746484375 0.681476826171875 0.106595798828125 0.67667451953125 0.04009923046875 0.5958431484375 0.03530922265625
1 0.678033029296875 0.040179734375 0.68116375390625 0.1005579765625 0.76162894140625 0.1113455546875 0.757505890625 0.04488923828125 0.678033029296875 0.040179734375
0 0.596360279296875 0.841922271484375 0.58116955859375 0.496719740234375 0.5067550546875 0.4850868671875 0.515957705078125 0.8323422578125 0.596360279296875 0.841922271484375
0 0.69099869921875 0.81261869921875 0.66078665625 0.530330294921875 0.59360300390625 0.527552896484375 0.617701748046875 0.809479029296875 0.69099869921875 0.81261869921875
0 0.795059478515625 0.834435369140625 0.75550669921875 0.528720208984375 0.683943947265625 0.53290643359375 0.710340421875 0.83302654296875 0.795059478515625 0.834435369140625
1 0.7594304453125 0.04500328515625 0.76468384375 0.10550731640625 0.84618340234375 0.11284494921875 0.837969330078125 0.04965744140625 0.7594304453125 0.04500328515625
1 0.837969330078125 0.04965744140625 0.845801962890625 0.119092419921875 0.9266591875 0.127646001953125 0.91580065625 0.05426966796875 0.837969330078125 0.04965744140625
0 1 0.08108561328125 0.998584884765625 0.059175400390625 0.92641401953125 0.054898609375 0.937227126953125 0.154606564453125 1 0.16866707421875 1 0.08108561328125