1 0.1171875 0.2623456796875 0.1710069453125 0.25617283984375 0.1796875 0.166666666015625 0.14409722265625 0.1697530859375 0.1171875 0.2623456796875
1 0.30121527734375 0.2623456796875 0.3663194453125 0.26080246875 0.375 0.155864197265625 0.3194444453125 0.15740740625 0.30121527734375 0.2623456796875
1 0.431423611328125 0.26697530859375 0.494791666015625 0.270061728515625 0.5008680546875 0.145061728515625 0.4383680546875 0.15277777734375 0.431423611328125 0.26697530859375
1 0.493923611328125 0.271604939453125 0.55815972265625 0.268518517578125 0.556423611328125 0.145061728515625 0.5078125 0.1481481484375 0.493923611328125 0.271604939453125
1 0.751736111328125 0.13580246875 0.756076388671875 0.1373456796875 0.770804248046875 0.275458458984375 0.837489603515625 0.271971642578125 0.810763888671875 0.128086419921875 0.751736111328125 0.13580246875
1 0.888939583984375 0.61419753125 0.97314097265625 0.603395060546875 0.93494652734375 0.42746913671875 0.858557638671875 0.4305555546875 0.888939583984375 0.61419753125
1 0.80213402734375 0.621913580078125 0.888939583984375 0.61728394921875 0.85248125 0.429012345703125 0.780432638671875 0.429012345703125 0.80213402734375 0.621913580078125
1 0.717064583984375 0.62962962890625 0.8047381953125 0.623456791015625 0.77869652734375 0.4305555546875 0.702307638671875 0.432098765625 0.717064583984375 0.62962962890625
1 0.6328631953125 0.6373456796875 0.717932638671875 0.63117283984375 0.70404375 0.432098765625 0.624182638671875 0.433641974609375 0.6328631953125 0.6373456796875
1 0.5469256953125 0.63271605078125 0.635467361328125 0.63580246875 0.62591875 0.433641974609375 0.54779375 0.433641974609375 0.5469256953125 0.63271605078125
1 0.471404861328125 0.62037037109375 0.5486618046875 0.625 0.5486618046875 0.432098765625 0.4783493046875 0.4305555546875 0.471404861328125 0.62037037109375
1 0.3924118046875 0.61728394921875 0.467932638671875 0.625 0.479217361328125 0.42592592578125 0.40716875 0.424382716796875 0.3924118046875 0.61728394921875
1 0.31684027734375 0.6126543203125 0.392361111328125 0.61728394921875 0.411458333984375 0.421296294921875 0.337673611328125 0.421296294921875 0.31684027734375 0.6126543203125
1 0.2413194453125 0.600308642578125 0.31684027734375 0.60956790234375 0.342013888671875 0.42592592578125 0.2647569453125 0.418209876953125 0.2413194453125 0.600308642578125
1 0.1649305546875 0.594135802734375 0.2413194453125 0.603395060546875 0.2647569453125 0.413580248046875 0.197916666015625 0.40740740625 0.1649305546875 0.594135802734375
1 0.015625 0.600308642578125 0.0868055546875 0.61728394921875 0.1171875 0.41512345703125 0.065104166015625 0.40432098828125 0.015625 0.600308642578125
1 0.87934027734375 0.125 0.9053819453125 0.268518517578125 0.974826388671875 0.25617283984375 0.942708333984375 0.11882716015625 0.87934027734375 0.125
1 0.8368055546875 0.280864197265625 0.90625 0.274691357421875 0.87847222265625 0.121913580078125 0.81597222265625 0.13117283984375 0.8368055546875 0.280864197265625
0 1 0.121913580078125 0.98871527734375 0.0555555546875 0.950520833984375 0.098765431640625 0.986111111328125 0.23919753125 1 0.2160493828125 1 0.121913580078125
0 0.70659722265625 0.263888888671875 0.7647569453125 0.263888888671875 0.7421875 0.104938271484375 0.697916666015625 0.10956790234375 0.70659722265625 0.263888888671875
0 0.65625 0.1923828125 0.0537109375 0.1494140625
0 0.5859375 0.189453125 0.0439453125 0.162109375
0 0.39453125 0.193359375 0.0546875 0.177734375
0 0.27734375 0.189453125 0.064453125 0.154296875
0 0.21875 0.271604939453125 0.2430555546875 0.1481481484375 0.1944444453125 0.11882716015625 0.169270833984375 0.25 0.21875 0.271604939453125
0 0.041702951171875 0.29012345703125 0.091145833984375 0.3055555546875 0.130208333984375 0.125 0.078125 0.11419753125 0.041702951171875 0.29012345703125
0 0 0.583333333984375 0.01128472265625 0.6018518515625 0.052083333984375 0.405864197265625 0.00347222265625 0.36882716015625 0 0.583333333984375
0 0.0859375 0.604938271484375 0.15277777734375 0.62037037109375 0.19097222265625 0.40432098828125 0.15625 0.38117283984375 0.122395833984375 0.384259259765625 0.0859375 0.604938271484375