0 0.075146513671875 0.08958333203125 0.002438822265625 0.035780421875 0.008891828125 0.240079365234375 0.04419505078125 0.246130953125 0.075146513671875 0.08958333203125
0 0.3261730234375 0.2974867734375 0.32831101171875 0.0996362421875 0.272991990234375 0.094378306640625 0.266426458984375 0.292956349609375 0.3261730234375 0.2974867734375
0 0.396271953125 0.280853173828125 0.39337384375 0.112400794921875 0.339354607421875 0.1121693125 0.33920533984375 0.273511904296875 0.396271953125 0.280853173828125
0 0.466210134765625 0.289947087890625 0.45297343359375 0.112962962890625 0.400929140625 0.1059193125 0.41092785546875 0.285681216796875 0.466210134765625 0.289947087890625
1 0.2625041328125 0.247189154296875 0.2696598515625 0.139715607421875 0.2125564921875 0.131382275390625 0.19769850390625 0.241369048828125 0.2625041328125 0.247189154296875
1 0.192786412109375 0.244047619140625 0.205860064453125 0.13098544921875 0.145665693359375 0.1293981484375 0.1285388203125 0.23826058203125 0.192786412109375 0.244047619140625
1 0.017379482421875 0.46924603125 0.021678423828125 0.585317458984375 0.071343603515625 0.588260580078125 0.099394658203125 0.4285714296875 0.026402208984375 0.427215607421875 0.017379482421875 0.46924603125
1 0.15776565234375 0.5914021171875 0.17699836328125 0.4341600546875 0.103895685546875 0.42982804296875 0.077298279296875 0.583664021484375 0.15776565234375 0.5914021171875
1 0.240802744140625 0.593353173828125 0.253486001953125 0.4396825390625 0.1820574296875 0.435449736328125 0.161598416015625 0.589649470703125 0.240802744140625 0.593353173828125
1 0.32261353515625 0.592261904296875 0.3294890859375 0.4471560859375 0.25962439453125 0.440046296875 0.24515680078125 0.59064153515625 0.32261353515625 0.592261904296875
1 0.40639237890625 0.599206349609375 0.405418689453125 0.452645501953125 0.332910787109375 0.449338623046875 0.32826737890625 0.59457671875 0.40639237890625 0.599206349609375
1 0.487270814453125 0.6030092578125 0.47911614453125 0.45800264453125 0.409324939453125 0.452876984375 0.4107831796875 0.597486771484375 0.487270814453125 0.6030092578125
1 0.5637951953125 0.609523810546875 0.552776859375 0.462367724609375 0.483580431640625 0.4582671953125 0.48905515234375 0.60608465625 0.5637951953125 0.609523810546875
1 0.643447328125 0.610284392578125 0.62424217578125 0.467592591796875 0.555567037109375 0.462533068359375 0.568817515625 0.6098214296875 0.643447328125 0.610284392578125
1 0.720977548828125 0.613888888671875 0.696192037109375 0.470866400390625 0.62755364453125 0.46679894140625 0.6451581796875 0.611375662109375 0.720977548828125 0.613888888671875
1 0.79917603515625 0.62050264453125 0.769816009765625 0.47423941796875 0.698945474609375 0.47003968359375 0.722688400390625 0.61498016015625 0.79917603515625 0.62050264453125
1 0.529465662109375 0.268948412109375 0.519359017578125 0.161441798828125 0.460243974609375 0.158928572265625 0.46648111328125 0.267195767578125 0.529465662109375 0.268948412109375
1 0.59590865625 0.27387566015625 0.58189576171875 0.16613756640625 0.523265267578125 0.16167328125 0.53288736328125 0.271130953125 0.59590865625 0.27387566015625
1 0.7230305703125 0.278439154296875 0.7025049609375 0.175264548828125 0.644917052734375 0.168882275390625 0.660009279296875 0.2756944453125 0.7230305703125 0.278439154296875
0 0.66345394140625 0.308564814453125 0.6377567421875 0.125892859375 0.606433255859375 0.12205687890625 0.5875633828125 0.13875661328125 0.603259572265625 0.306977513671875 0.66345394140625 0.308564814453125
0 0.793924072265625 0.313326720703125 0.752939447265625 0.123809525390625 0.702782830078125 0.13766534375 0.735183349609375 0.3058862421875 0.793924072265625 0.313326720703125
0 0.86272321484375 0.29166666796875 0.826269474609375 0.11924603125 0.772831240234375 0.14973544921875 0.8035714296875 0.288161376953125 0.86272321484375 0.29166666796875
0 0.96776941796875 0.6473214296875 0.9086176328125 0.40327380859375 0.8396347734375 0.419973544921875 0.88387345703125 0.652248677734375 0.96776941796875 0.6473214296875
0 0.974812609375 0.221097884765625 0.942451130859375 0.129100529296875 0.879489546875 0.158035712890625 0.92885159375 0.33320105859375 0.9924745546875 0.322123015625 0.974812609375 0.221097884765625
0 1 0.430309685546875 0.986090443359375 0.45042989453125 1 0.504041619140625 1 0.430309685546875
1 1 0.220201744140625 0.991119654296875 0.19533730078125 0.963107638671875 0.190707669921875 0.989808384765625 0.295238095703125 1 0.29477445703125 1 0.220201744140625
1 0.913394234375 0.291699736328125 0.881223359375 0.189814814453125 0.837439373046875 0.180291005859375 0.862649728515625 0.2896825390625 0.913394234375 0.291699736328125
1 0.87573716015625 0.628009259765625 0.8396439609375 0.480357142578125 0.7714901171875 0.474338625 0.801444923828125 0.621626982421875 0.87573716015625 0.628009259765625
1 1 0.552141630859375 0.9802689609375 0.4886904765625 0.932498345703125 0.49179894140625 0.955763611328125 0.623842591796875 1 0.62039713671875 1 0.552141630859375