0 0.978378861328125 0.416708556640625 0.995622078125 0.117991921875 0.896944580078125 0.161327044921875 0.978378861328125 0.416708556640625
0 0.815930375 0.1401405390625 0.849759009765625 0.33479465625 0.903777845703125 0.3444360625 0.926700462890625 0.26901185546875 0.883305958984375 0.119008548828125 0.815930375 0.1401405390625
0 0.71777923828125 0.096744830078125 0.74026908203125 0.31406845703125 0.79606340625 0.3196976796875 0.82023747265625 0.236129845703125 0.78495144921875 0.092019328125 0.71777923828125 0.096744830078125
0 0.653878677734375 0.11113413671875 0.6653951328125 0.2800882421875 0.718365890625 0.281466783203125 0.741087705078125 0.19645555859375 0.7149947109375 0.10480896484375 0.653878677734375 0.11113413671875
1 0.771517564453125 0.578211796875 0.83453387890625 0.578743126953125 0.803886068359375 0.447185873046875 0.74574444140625 0.442242662109375 0.771517564453125 0.578211796875
1 0.772727287109375 0.583746884765625 0.743855021484375 0.448177423828125 0.68528 0.44081608203125 0.7087019921875 0.58726748046875 0.772727287109375 0.583746884765625
1 0.70664487890625 0.58305651953125 0.6839047421875 0.447805044921875 0.62259643359375 0.444400275390625 0.6397959609375 0.582326458984375 0.70664487890625 0.58305651953125
1 0.638101236328125 0.584974765625 0.620283564453125 0.444506169921875 0.556484029296875 0.440972224609375 0.571171494140625 0.585608580078125 0.638101236328125 0.584974765625
1 0.489110650390625 0.44260462890625 0.498952796875 0.5845411953125 0.569033556640625 0.582761541015625 0.554362744140625 0.441088052734375 0.489110650390625 0.44260462890625
1 0.49681898828125 0.581753265625 0.487352177734375 0.443085767578125 0.418889359375 0.4436401171875 0.422224009765625 0.581989623046875 0.49681898828125 0.581753265625
1 0.600282603515625 0.263031185546875 0.59101394140625 0.159944185546875 0.535015142578125 0.154520625 0.543398388671875 0.2628177890625 0.600282603515625 0.263031185546875
1 0.540574791015625 0.2585671328125 0.532153466796875 0.15415598046875 0.478888009765625 0.144775876953125 0.48385225390625 0.25562596484375 0.540574791015625 0.2585671328125
1 0.942586068359375 1 0.9432358984375 0.989034119140625 0.9326297734375 0.94744161328125 0.868110943359375 0.956045703125 0.876862193359375 1 0.942586068359375 1
1 0.8761507890625 1 0.868281126953125 0.956417751953125 0.795744927734375 0.960836458984375 0.8020075859375 1 0.8761507890625 1
1 0.798911560546875 1 0.794854177734375 0.975867892578125 0.7199997578125 0.973995064453125 0.723392830078125 1 0.798911560546875 1
1 0.718616810546875 1 0.71473190234375 0.978553830078125 0.636993142578125 0.9799426953125 0.639622888671875 1 0.718616810546875 1
0 0.6002821180555555 0.9769133391203704 0.08666087962962976 0.046173321759259256
0 0.33315248842592593 0.9955946180555555 0.06997974537037033 0.008810763888889017
0 0.4547164351851852 0.19500144675925923 0.07936197916666665 0.20564236111111112
0 0.3888888888888889 0.18179253472222223 0.08141637731481477 0.17459490740740735
0 0.32254050925925926 0.17737268518518517 0.0795862268518519 0.19299768518518523
0 0.1035083912037037 0.15426070601851852 0.08539496527777779 0.20887586805555552
1 0.420725224609375 0.581332423828125 0.41730975390625 0.4443467890625 0.34525680078125 0.4406107109375 0.341450283203125 0.582694232421875 0.420725224609375 0.581332423828125
1 0.338989107421875 0.585302796875 0.34440946875 0.441934890625 0.26641590234375 0.43789194921875 0.25886683203125 0.587988736328125 0.338989107421875 0.585302796875
1 0.1873535625 0.432423134765625 0.1689414140625 0.58743018359375 0.254872583984375 0.59051775390625 0.255276701171875 0.58369828125 0.26767658203125 0.439324212890625 0.1873535625 0.432423134765625
1 0.28560892578125 0.240513572265625 0.293607873046875 0.13148150390625 0.227600935546875 0.1197858828125 0.21379850390625 0.232685822265625 0.28560892578125 0.240513572265625
1 0.160177876953125 0.106038193359375 0.1404549453125 0.22477855078125 0.14037412109375 0.226142451171875 0.213636857421875 0.235413595703125 0.226800619140625 0.11707273828125 0.160177876953125 0.106038193359375
1 0.1688694140625 0.588645162109375 0.185829310546875 0.432194748046875 0.1008576953125 0.42589022265625 0.07886323046875 0.58945053515625 0.1688694140625 0.588645162109375
1 0 0.593912447265625 0.076563673828125 0.589331298828125 0.09820350390625 0.43175545703125 0.012676482421875 0.421848361328125 0 0.486274693359375 0 0.593912447265625
1 0 0.20590209765625 0.060240626953125 0.219287044921875 0.08098883203125 0.10270754296875 0.011866384765625 0.0949307421875 0 0.14867842578125 0 0.20590209765625