0 0.20457175925925924 0.6329427083333333 0.10167100694444442 0.3246600115740741
0 0.3003110532407407 0.6262948495370371 0.09089265046296302 0.29673755787037037
0 0.39699074074074076 0.6205656828703704 0.09389467592592593 0.3514829282407408
0 0.5049913194444444 0.5985749421296296 0.1030454282407407 0.3354600694444443
0 0.5913990162037037 0.6070963541666667 0.0893735532407407 0.2820312500000002
0 0.777416087962963 0.5834056712962963 0.11407696759259256 0.31759982638888884
1 0.673755787037037 0.5934461805555555 0.09729456018518512 0.2591145833333335
1 0.05881076388888889 0.01849320023148148 0.08333333333333333 0.03698640046296296
1 0.1456886574074074 0.018013961226851852 0.07675057870370372 0.036027922453703703
1 0.23057725694444445 0.016071686921296298 0.08253761574074076 0.032143373842592596
1 0.3162977430555556 0.019355830439814814 0.0810185185185186 0.03871166087962963
1 0.40024594907407407 0.018791594328703705 0.07928240740740744 0.03758318865740741
1 0.4841218171296296 0.018227358217592596 0.07740162037037035 0.03645471643518519
1 0.5662254050925926 0.014834707754629632 0.07837818287037024 0.029669415509259264
1 0.6470630787037037 0.01730143229166667 0.07769097222222232 0.03460286458333334
1 0.7239945023148148 0.020874927662037038 0.078125 0.041749855324074076
1 0.8062789351851851 0.012829137731481484 0.07779947916666652 0.025658275462962968
1 0.8811848958333334 0.018542028356481482 0.07060185185185186 0.037084056712962964
1 0.9591652199074074 0.0200755931712963 0.06698495370370372 0.0401511863425926
1 0.8519965277777778 0.5166232638888889 0.08087384259259256 0.13146701388888893
1 0.9417679398148149 0.5132523148148148 0.07758246527777768 0.1215277777777779