1 0.28571428515625 0.99603174609375 0.30803571484375 0.74603174609375 0.21428571484375 0.75 0.18303571484375 1 0.28571428515625 0.99603174609375
1 0.408482142578125 0.345238095703125 0.424107142578125 0.16071428515625 0.36272321484375 0.15079365234375 0.341517857421875 0.34325396875 0.408482142578125 0.345238095703125
1 0.6473214296875 0.369047619140625 0.6495535703125 0.142857142578125 0.580357142578125 0.14484126953125 0.57366071484375 0.365079365234375 0.6473214296875 0.369047619140625
1 0.8995535703125 0.34325396875 0.880580357421875 0.15079365234375 0.8136160703125 0.154761904296875 0.825892857421875 0.345238095703125 0.8995535703125 0.34325396875
0 0 0.62103174609375 0.1160714296875 0.40277777734375 0.0479910703125 0.309523810546875 0 0.37896825390625 0 0.62103174609375
0 0.146205357421875 0.359126984375 0.2254464296875 0.188492064453125 0.16741071484375 0.126984126953125 0.0859375 0.28571428515625 0.146205357421875 0.359126984375
0 0.2410714296875 0 0.19196428515625 0.126984126953125 0.2198660703125 0.162698412109375 0.27678571484375 0.119047619140625 0.328125 0 0.2410714296875 0
0 0.265625 0.365079365234375 0.2901785703125 0.1488095234375 0.224330357421875 0.140873015625 0.1886160703125 0.35515873046875 0.265625 0.365079365234375
0 0.3426339296875 0.341269841796875 0.36272321484375 0.1011904765625 0.29241071484375 0.103174603515625 0.265625 0.34920634765625 0.3426339296875 0.341269841796875
0 0.181919642578125 1 0.21875 0.688492064453125 0.111607142578125 0.670634919921875 0.103794642578125 0.732142857421875 0.072544642578125 1 0.181919642578125 1
0 0.392857142578125 1 0.400669642578125 0.76190476171875 0.3191964296875 0.767857142578125 0.302455357421875 1 0.392857142578125 1
0 0.5011160703125 1 0.497767857421875 0.77579365234375 0.416294642578125 0.77777777734375 0.40625 1 0.5011160703125 1
0 0.5693359375 0.8935546875 0.0869140625 0.2119140625
0 0.689453125 0.8896484375 0.0888671875 0.220703125
0 0.794921875 0.8896484375 0.091796875 0.220703125
0 0.97321428515625 1 0.9207589296875 0.751984126953125 0.845982142578125 0.7579365078125 0.864955357421875 1 0.97321428515625 1
0 1 1 0.9988839296875 0.755952380859375 0.9285714296875 0.765873015625 0.9754464296875 1 1 1
0 0.4832589296875 0.365079365234375 0.497767857421875 0.130952380859375 0.4296875 0.123015873046875 0.41071428515625 0.357142857421875 0.4832589296875 0.365079365234375
0 0.5703125 0.373015873046875 0.5770089296875 0.115079365234375 0.5066964296875 0.115079365234375 0.502232142578125 0.37103174609375 0.5703125 0.373015873046875
0 0.734375 0.373015873046875 0.7276785703125 0.08134920703125 0.6629464296875 0.09325396875 0.658482142578125 0.376984126953125 0.734375 0.373015873046875
0 0.818080357421875 0.357142857421875 0.796875 0.0694444453125 0.736607142578125 0.079365080078125 0.739955357421875 0.37103174609375 0.818080357421875 0.357142857421875
0 0.98883928515625 0.36309523828125 0.9676339296875 0.07341269921875 0.896205357421875 0.08134920703125 0.91741071484375 0.3670634921875 0.98883928515625 0.36309523828125