0 0.025623712890625 0.526091271484375 0.11837889453125 0.683465607421875 0.160964138671875 0.615343916015625 0.067738646484375 0.442096560546875 0.025623712890625 0.526091271484375
0 0.13418026171875 0.689880951171875 0.216655642578125 0.8390211640625 0.266231259765625 0.781018517578125 0.2059606484375 0.666236771484375 0.186047728515625 0.6715939140625 0.157499265625 0.648941798828125 0.13418026171875 0.689880951171875
0 0.121427654296875 0.4476521171875 0.16460721484375 0.663029099609375 0.231277556640625 0.655092591796875 0.196263228515625 0.4518518515625 0.121427654296875 0.4476521171875
0 0.2054857421875 0.462037037109375 0.238386427734375 0.706845236328125 0.307288912109375 0.6989748671875 0.27133395703125 0.463988095703125 0.2054857421875 0.462037037109375
0 0.350163505859375 0.45244708984375 0.381067201171875 0.705125662109375 0.431936177734375 0.690773810546875 0.4137207890625 0.4523478828125 0.350163505859375 0.45244708984375
0 0.447261720703125 0.45532407421875 0.4590158359375 0.701488095703125 0.5192836953125 0.703273810546875 0.513345091796875 0.465211638671875 0.447261720703125 0.45532407421875
0 0.597931365234375 0.459788361328125 0.599524177734375 0.7393518515625 0.668426662109375 0.731481482421875 0.667539314453125 0.475727513671875 0.597931365234375 0.459788361328125
0 0.67905276171875 0.487962962890625 0.67118790234375 0.74940476171875 0.727050263671875 0.753042328125 0.746252205078125 0.49788359765625 0.67905276171875 0.487962962890625
0 0.8385333984375 0.488723544921875 0.818215388671875 0.74384920703125 0.881890248046875 0.74771825390625 0.91137198828125 0.5007936484375 0.8385333984375 0.488723544921875
0 0.537029873046875 1 0.536908435546875 0.80886243359375 0.47100143359375 0.804927248046875 0.47981701953125 0.989550265625 0.531325544921875 1 0.537029873046875 1
0 0.5394345234375 0.81884920703125 0.545488865234375 0.98554894140625 0.594713587890625 0.990972220703125 0.596412955078125 0.82251983984375 0.5394345234375 0.81884920703125
0 0.718666095703125 1 0.73116365234375 0.816600529296875 0.666372720703125 0.812698412109375 0.6664351015625 1 0.718666095703125 1
0 0.84183218359375 1 0.851523919921875 0.851884921875 0.799890689453125 0.840443123046875 0.79014952734375 1 0.84183218359375 1
0 0.914011435546875 1 0.93164590625 0.846329365234375 0.87237654296875 0.84060846484375 0.858284525390625 1 0.914011435546875 1
0 0.05558449074074074 0.03189380787037037 0.09554398148148148 0.06332465277777777
0 0.6224464699074075 0.03112702546296296 0.05446325231481497 0.026982060185185182
0 0.7243272569444444 0.044878472222222215 0.06974826388888888 0.048900462962962965
0 0.8232204861111111 0.05658998842592592 0.08488859953703698 0.06593605324074074
0 0.8965205439814815 0.060713252314814815 0.07133246527777781 0.06943721064814816
1 0.407033546875 0.82880291015625 0.419254298828125 0.940178572265625 0.4795809453125 0.943948412109375 0.47299933984375 0.834722220703125 0.407033546875 0.82880291015625
1 0.60587062890625 0.84064153515625 0.60258395703125 0.95552248828125 0.661559375 0.95132275 0.666138484375 0.84242725 0.60587062890625 0.84064153515625
1 0.7342776328125 0.8464285703125 0.727172435546875 0.945337302734375 0.7843860234375 0.9569444453125 0.79572034765625 0.850231482421875 0.7342776328125 0.8464285703125
1 0.9329971328125 0.854298943359375 0.9194306640625 0.960945767578125 0.96977145703125 0.9664021171875 0.993206203125 0.85410052734375 0.9329971328125 0.854298943359375
1 0.2830825625 0.484160052734375 0.307874962890625 0.64348544921875 0.368964947265625 0.63538359765625 0.3545111328125 0.486276455078125 0.2830825625 0.484160052734375
1 0.519748494140625 0.49315476171875 0.525332525390625 0.643981482421875 0.59141589453125 0.653869046875 0.59235192578125 0.497288359375 0.519748494140625 0.49315476171875
1 0.752244083984375 0.511937830078125 0.741145833984375 0.66425264453125 0.811517123046875 0.66832010546875 0.827197236328125 0.5201058203125 0.752244083984375 0.511937830078125
1 0.914192017578125 0.52070105859375 0.89633855078125 0.670833333984375 0.954609421875 0.68048941796875 0.979276896484375 0.53452380859375 0.914192017578125 0.52070105859375