0 0.0166015625 0.5673828125 0.033203125 0.267578125
0 0.095703125 0.552734375 0.0869140625 0.27734375
0 0.267578125 0.5107421875 0.0888671875 0.2705078125
0 0.3427734375 0.5009765625 0.083984375 0.2724609375
0 0.3173828125 0.2216796875 0.0693359375 0.1904296875
0 0.1806640625 0.1962890625 0.0625 0.1962890625
0 0.107421875 0.197265625 0.06640625 0.232421875
0 0.5390625 0.97265625 0.0576171875 0.0546875
1 0 0.27686323828125 0.06837171484375 0.271461029296875 0.072170142578125 0.15801462890625 0 0.149911314453125 0 0.27686323828125
1 0.28792088671875 0.27956434375 0.280324029296875 0.17152015234375 0.21499105859375 0.160715732421875 0.219549171875 0.27686323828125 0.28792088671875 0.27956434375
1 0.22790571484375 0.626656306640625 0.22182823046875 0.4767449921875 0.14130154296875 0.47404388671875 0.140541857421875 0.638811279296875 0.22790571484375 0.626656306640625
1 0.41250934375 0.280914896484375 0.398835001953125 0.17962346875 0.34109888671875 0.178272916015625 0.35477323046875 0.27686323828125 0.41250934375 0.280914896484375
1 0.460369544921875 0.58478918359375 0.43909834375 0.455136154296875 0.37452505859375 0.461888916015625 0.391997830078125 0.59829470703125 0.460369544921875 0.58478918359375
1 0.586478857421875 0.566866294921875 0.5584835078125 0.4512998046875 0.50391630078125 0.458891763671875 0.525268685546875 0.576145357421875 0.586478857421875 0.566866294921875
1 0.643418552734375 0.56011788671875 0.61447420703125 0.449612703125 0.559432501953125 0.45298690625 0.586478857421875 0.57108405078125 0.643418552734375 0.56011788671875
1 0.693715283203125 0.54240331640625 0.66429644140625 0.442864294921875 0.613525212890625 0.446238498046875 0.643418552734375 0.56011788671875 0.693715283203125 0.54240331640625
1 0.746858998046875 0.545777521484375 0.714118673828125 0.44117719140625 0.6661944296875 0.445394947265625 0.69466427734375 0.549995275390625 0.746858998046875 0.545777521484375
1 0.79525773828125 0.54240331640625 0.760144927734375 0.43780298828125 0.71506766796875 0.44117719140625 0.74875698828125 0.550838826171875 0.79525773828125 0.54240331640625
1 0.5760399140625 0.28427669921875 0.5499425546875 0.191486083984375 0.510559265625 0.188111880859375 0.5247941875 0.28512025 0.5760399140625 0.28427669921875
0 0.46310951953125 0.28596380078125 0.440808138671875 0.139185919921875 0.39715437109375 0.147621431640625 0.416608767578125 0.286807353515625 0.46310951953125 0.28596380078125
0 0.529539162109375 0.286807353515625 0.5015438125 0.142560125 0.4550430625 0.155213390625 0.47592094921875 0.28596380078125 0.529539162109375 0.286807353515625
0 0.636775587890625 0.2994606171875 0.599764787109375 0.15268273828125 0.55184054296875 0.162805349609375 0.58552986328125 0.30958323046875 0.636775587890625 0.2994606171875
0 0.527641171875 0.59639058203125 0.492528361328125 0.381285068359375 0.43653766015625 0.3914076796875 0.469752482421875 0.60566964453125 0.527641171875 0.59639058203125
0 0.76082183984375 0.2993607578125 0.733778408203125 0.173077955078125 0.6883454453125 0.180770306640625 0.721879298828125 0.306412080078125 0.76082183984375 0.2993607578125
0 0.8012066953125 0.28910428515625 0.775245001953125 0.18846266015625 0.7363024609375 0.1878216328125 0.762624734375 0.295514580078125 0.8012066953125 0.28910428515625
0 0.8488031328125 0.30000178515625 0.81454812109375 0.18012927734375 0.775605580078125 0.185257513671875 0.81454812109375 0.309617228515625 0.8488031328125 0.30000178515625
1 0.66887417578125 0.287181197265625 0.64219132421875 0.19743707421875 0.61226326171875 0.198078103515625 0.631013373046875 0.28397605078125 0.66887417578125 0.287181197265625
1 0.7117830859375 0.285258109375 0.684379076171875 0.20000119140625 0.64507595703125 0.1987191328125 0.66923475390625 0.2878222265625 0.7117830859375 0.285258109375
1 0.84447618359375 0.53525959765625 0.80553364453125 0.43205385546875 0.76154299609375 0.436541060546875 0.797961482421875 0.542310921875 0.84447618359375 0.53525959765625
1 0.88630335546875 0.53013136328125 0.847000236328125 0.42948973828125 0.805173064453125 0.4333359140625 0.8433944453125 0.53525959765625 0.88630335546875 0.53013136328125
1 0.92776994921875 0.52692621484375 0.8848610390625 0.425643560546875 0.84808197265625 0.428207677734375 0.887385091796875 0.530772392578125 0.92776994921875 0.52692621484375
1 0.96563075 0.520515919921875 0.92236126171875 0.4217973828125 0.88630335546875 0.425643560546875 0.92776994921875 0.5282082734375 0.96563075 0.520515919921875
1 0.866471505859375 0.291027373046875 0.835101126953125 0.212180751953125 0.821399123046875 0.208975603515625 0.844115603515625 0.28654016796875 0.866471505859375 0.291027373046875
1 0.900365939453125 0.291668404296875 0.8668320859375 0.21410383984375 0.834740548828125 0.21410383984375 0.86863498046875 0.291668404296875 0.900365939453125 0.291668404296875
1 0.999164603515625 0.508977390625 0.95769801171875 0.419874294921875 0.923443 0.423079443359375 0.965991330078125 0.52436209765625 0.999164603515625 0.508977390625
1 0.99988576171875 0.43718208984375 0.989789548828125 0.41795120703125 0.958419169921875 0.42051532421875 0.999164603515625 0.507695330078125 0.99988576171875 0.43718208984375
0 0.946520060546875 0.29487355078125 0.9739240703125 0.29038634375 0.995919392578125 0.23910398828125 0.95192874609375 0.16666766015625 0.90108709765625 0.19423192578125 0.946520060546875 0.29487355078125
0 1 0.835429787109375 0.969756703125 0.784778728515625 0.92508528515625 0.806039666015625 0.97925377734375 0.899212599609375 1 0.877951662109375 1 0.835429787109375
0 0.977846802734375 0.902339208984375 0.92508528515625 0.807290310546875 0.88182083984375 0.83480446484375 0.926844001953125 0.952990267578125 0.977846802734375 0.902339208984375