0 0.12184027734375 0.9585069453125 0.1152893515625 0.75353009375 0.046168982421875 0.758298611328125 0.062403548828125 0.95681712890625 0.12184027734375 0.9585069453125
0 0.189110724609375 0.942505787109375 0.1910493828125 0.7755555546875 0.13389467578125 0.77537615625 0.136047453125 0.938362267578125 0.189110724609375 0.942505787109375
0 0.26014274609375 0.94758101953125 0.26954475390625 0.771273146484375 0.21641975390625 0.768518517578125 0.2013638125 0.948709490234375 0.26014274609375 0.94758101953125
0 0.419442515625 0.763732638671875 0.398445216796875 0.936655091796875 0.420422453125 0.953107638671875 0.4441068671875 0.948767361328125 0.4720331796875 0.760891205078125 0.419442515625 0.763732638671875
0 0.555353009765625 0.94757523046875 0.589322916015625 0.78228587890625 0.5337924375 0.780798611328125 0.504592978515625 0.926846064453125 0.555353009765625 0.94757523046875
1 0 0.916257998046875 0.05697723828125 0.920341435546875 0.04847029296875 0.794612267578125 0 0.797526728515625 0 0.916257998046875
1 0.12497878125 0.588373841796875 0.119268904296875 0.434947916015625 0.0318306328125 0.429021990234375 0.04594907421875 0.587060185546875 0.12497878125 0.588373841796875
1 0.20610532421875 0.595364583984375 0.20970871875 0.443813658203125 0.12780092578125 0.43678240625 0.131167052734375 0.590086806640625 0.20610532421875 0.595364583984375
1 0.288979552734375 0.598269677734375 0.298051697265625 0.447002314453125 0.21427276171875 0.446834490234375 0.21091628125 0.592829859375 0.288979552734375 0.598269677734375
1 0.36482253125 0.60081018359375 0.37989776171875 0.455422455078125 0.3032118046875 0.45423032421875 0.29294753125 0.59708333203125 0.36482253125 0.60081018359375
1 0 0.59138101171875 0.040295138671875 0.590943287109375 0.028171296875 0.423263888671875 0 0.420951205078125 0 0.59138101171875
1 0.32564621875 0.90086226953125 0.341521990234375 0.790318287109375 0.271743828125 0.792268517578125 0.266867283203125 0.901990740234375 0.32564621875 0.90086226953125
1 0.343084490234375 0.790399306640625 0.329367283203125 0.905231482421875 0.38646026171875 0.90679976953125 0.38814621875 0.904103009765625 0.40420717578125 0.789392361328125 0.343084490234375 0.790399306640625
1 0.506547068359375 0.900497685546875 0.52752121875 0.798570603515625 0.467179783203125 0.799618056640625 0.45076967578125 0.904565970703125 0.506547068359375 0.900497685546875
1 0.437540509765625 0.60318865625 0.45693287109375 0.466377314453125 0.3836805546875 0.45840277734375 0.369571759765625 0.5996643515625 0.437540509765625 0.60318865625
1 0.503288966796875 0.60381365625 0.529403935546875 0.47431134375 0.4599344140625 0.469317130859375 0.441199845703125 0.608946759765625 0.503288966796875 0.60381365625
1 0.5318094140625 0.473043982421875 0.510196759765625 0.606956017578125 0.573419787109375 0.611609421875 0.600250771484375 0.483553240234375 0.5318094140625 0.473043982421875
0 0.5343315972222222 0.046303530092592596 0.07196180555555554 0.04075520833333332
0 0.62159529296875 0.937089119140625 0.63878472265625 0.885081017578125 0.650671296875 0.7938194453125 0.60132908984375 0.794045138671875 0.572150849609375 0.92199652734375 0.5933468359375 0.938408564453125 0.62159529296875 0.937089119140625
0 0.694425154296875 0.6902893515625 0.727426697265625 0.582025462890625 0.73614776171875 0.47389467578125 0.68548996875 0.468483796875 0.635380015625 0.662170138671875 0.65842592578125 0.689814814453125 0.694425154296875 0.6902893515625
0 0.727002314453125 0.9439467578125 0.7545543984375 0.870202544921875 0.771622298828125 0.768072916015625 0.71724344140625 0.75829282421875 0.674392361328125 0.911984953125 0.69268904296875 0.940775462890625 0.727002314453125 0.9439467578125
0 0.813030478515625 0.7173206015625 0.84987654296875 0.6106481484375 0.86474537109375 0.4875231484375 0.81190779296875 0.495920138671875 0.75610339453125 0.676782408203125 0.779087578125 0.70581597265625 0.813030478515625 0.7173206015625
0 0.9286844140625 0.493622685546875 0.8703993046875 0.483640046875 0.82273533984375 0.692766203125 0.864367283203125 0.707453703125 0.91252121875 0.593015046875 0.9286844140625 0.493622685546875
0 0.82472029296875 0.94762152734375 0.871971451171875 0.783020833984375 0.82137538671875 0.77622106640625 0.7712056328125 0.918396990234375 0.82472029296875 0.94762152734375
0 0.914776234375 0.7713194453125 0.870183255859375 0.770399306640625 0.836358025390625 0.91481481640625 0.8722743046875 0.9347743046875 0.90326003125 0.85424768359375 0.914776234375 0.7713194453125
0 0.92983024609375 0.644027779296875 0.9716049375 0.690740740234375 0.9794444453125 0.5143518515625 0.92983024609375 0.644027779296875
1 0.90887152734375 0.886556712890625 0.949191744140625 0.78980902734375 0.9165644296875 0.78394097265625 0.889936341796875 0.88975115625 0.90887152734375 0.886556712890625
1 0.9360030859375 0.505138888671875 0.899382716796875 0.6243518515625 0.925574845703125 0.6340625 0.92719907421875 0.632754630859375 0.974818671875 0.512719908203125 0.9360030859375 0.505138888671875
1 0.7665393515625 0.90005787109375 0.8025424375 0.794733796875 0.7705111875 0.793072916015625 0.743287037109375 0.89467592578125 0.7665393515625 0.90005787109375
1 0.669479166015625 0.899201388671875 0.698018904296875 0.803234953125 0.655173611328125 0.798229166015625 0.6319174375 0.898645833984375 0.669479166015625 0.899201388671875
1 0.759168595703125 0.62543402734375 0.796878857421875 0.499317130859375 0.74393904296875 0.49239583203125 0.715665509765625 0.617609953125 0.759168595703125 0.62543402734375
1 0.6364506171875 0.620462962890625 0.66815779296875 0.488466435546875 0.5992843359375 0.487679396484375 0.57497878125 0.61170717578125 0.6364506171875 0.620462962890625