1 0.0546875 0.16035353515625 0.0788352265625 0.056818181640625 0.0632102265625 0.059343435546875 0.03125 0.15656565625 0.0546875 0.16035353515625
1 0.204545455078125 0.138888888671875 0.22301136328125 0.032828283203125 0.196732955078125 0.0391414140625 0.1725852265625 0.140151515625 0.204545455078125 0.138888888671875
1 0.318892044921875 0.1186868671875 0.3352272734375 0.017676767578125 0.299005681640625 0.02777777734375 0.27769886328125 0.123737373046875 0.318892044921875 0.1186868671875
1 0.064630681640625 0.44191919140625 0.08948863671875 0.32323232421875 0.0617897734375 0.325757576171875 0.029119318359375 0.4444444453125 0.064630681640625 0.44191919140625
1 0.2571022734375 0.4368686875 0.26988636328125 0.315656564453125 0.22940341015625 0.318181818359375 0.200994318359375 0.440656564453125 0.2571022734375 0.4368686875
1 0.39488636328125 0.440656564453125 0.4133522734375 0.30808080859375 0.3522727265625 0.30808080859375 0.329545455078125 0.439393939453125 0.39488636328125 0.440656564453125
1 0.46377841015625 0.4381313125 0.47940341015625 0.30176767578125 0.4147727265625 0.306818181640625 0.3977272734375 0.435606060546875 0.46377841015625 0.4381313125
1 0.505681818359375 0.107323232421875 0.515625 0 0.46448863671875 0.01136363671875 0.44886363671875 0.109848484375 0.505681818359375 0.107323232421875
1 0.5383522734375 0.439393939453125 0.5475852265625 0.30176767578125 0.482954544921875 0.303030302734375 0.467329544921875 0.4381313125 0.5383522734375 0.439393939453125
0 0.092329544921875 0.010101009765625 0.0696022734375 0.08207070703125 0.063920455078125 0.17676767578125 0.109375 0.16792929296875 0.1321022734375 0.02777777734375 0.11434658984375 0.00378787890625 0.092329544921875 0.010101009765625
0 0.138494318359375 0 0.12215908984375 0.05808080859375 0.1164772734375 0.15277777734375 0.15909091015625 0.150252525390625 0.193892044921875 0.025252525390625 0.1789772734375 0 0.138494318359375 0
0 0 0.287878787109375 0.0007102265625 0.474747474609375 0.01846591015625 0.462121212890625 0.060369318359375 0.3042929296875 0.009943181640625 0.267676767578125 0 0.287878787109375
0 0.118607955078125 0.2436868671875 0.08309658984375 0.345959595703125 0.07457386328125 0.46590908984375 0.125 0.46338383984375 0.162642044921875 0.255050505859375 0.147017044921875 0.23863636328125 0.118607955078125 0.2436868671875
0 0.1647727265625 0.23737373828125 0.13778408984375 0.369949494140625 0.13636363671875 0.458333333984375 0.193181818359375 0.446969697265625 0.225142044921875 0.255050505859375 0.1953125 0.23106060546875 0.1647727265625 0.23737373828125
0 0.28622158984375 0.233585857421875 0.2663352265625 0.358585857421875 0.26136363671875 0.46464646484375 0.32315341015625 0.450757576171875 0.349431818359375 0.252525251953125 0.318181818359375 0.227272728515625 0.28622158984375 0.233585857421875
0 0.234375 0 0.2194602265625 0.053030302734375 0.204545455078125 0.15909091015625 0.26207386328125 0.166666666015625 0.2897727265625 0.022727271484375 0.27840908984375 0 0.234375 0
0 0.33877841015625 0 0.322443181640625 0.125 0.3757102265625 0.122474748046875 0.392755681640625 0 0.33877841015625 0
0 0.399857955078125 0 0.384232955078125 0.1325757578125 0.443181818359375 0.127525251953125 0.458806818359375 0 0.399857955078125 0
0 0.5163352265625 0 0.5085227265625 0.1313131328125 0.5632102265625 0.130050505859375 0.5703125 0 0.5163352265625 0
0 0.713068181640625 0 0.713068181640625 0.1010101015625 0.76988636328125 0.09469696875 0.771306818359375 0 0.713068181640625 0
0 0.791193181640625 0 0.79190341015625 0.087121212890625 0.84872158984375 0.08207070703125 0.845170455078125 0 0.791193181640625 0
0 0.861505681640625 0 0.869318181640625 0.095959595703125 0.94034091015625 0.08838383984375 0.93394886328125 0 0.861505681640625 0
0 0.490234375 0.923828125 0.083984375 0.1513671875
0 0.58203125 0.9365234375 0.076171875 0.1259765625
0 0.6826171875 0.92578125 0.0830078125 0.1474609375
0 0.80078125 0.927734375 0.0849609375 0.1435546875
0 0.9072265625 0.9609375 0.091796875 0.078125
1 0.638494318359375 0.092171716796875 0.642755681640625 0 0.583806818359375 0.001262626953125 0.57457386328125 0.09848484765625 0.638494318359375 0.092171716796875
1 0.647017044921875 0 0.642045455078125 0.092171716796875 0.708806818359375 0.08964646484375 0.708806818359375 0 0.647017044921875 0
1 0.93394886328125 0 0.94105113671875 0.060606060546875 1 0.0631313125 0.9992897734375 0 0.93394886328125 0
1 0.6164772734375 0.4368686875 0.623579544921875 0.295454544921875 0.553267044921875 0.30176767578125 0.54190341015625 0.4381313125 0.6164772734375 0.4368686875
1 0.697443181640625 0.4368686875 0.697443181640625 0.291666666015625 0.625 0.294191919921875 0.6178977265625 0.439393939453125 0.697443181640625 0.4368686875
1 0.78622158984375 0.4381313125 0.78125 0.28661616015625 0.701704544921875 0.290404041015625 0.70028408984375 0.440656564453125 0.78622158984375 0.4381313125
1 0.87855113671875 0.4368686875 0.8671875 0.28030303125 0.78409091015625 0.287878787109375 0.78551136328125 0.4381313125 0.87855113671875 0.4368686875
1 0.97230113671875 0.431818181640625 0.9524147734375 0.272727271484375 0.868607955078125 0.279040404296875 0.87784091015625 0.4305555546875 0.97230113671875 0.431818181640625
1 1 0.43643497265625 0.997678927734375 0.26769703125 0.95914197265625 0.27784668359375 0.97484221484375 0.4377036796875 1 0.43643497265625