0 0.851385609375 0.6416236328125 0.84342427734375 0.328044626953125 0.7595970546875 0.33926072265625 0.764104458984375 0.65184391015625 0.851385609375 0.6416236328125
0 0.649936125 0.664055828125 0.650601751953125 0.411169533203125 0.58046969921875 0.417616166015625 0.5734727421875 0.680984796875 0.649936125 0.664055828125
0 0.553121291015625 0.679988974609375 0.56025976171875 0.382814818359375 0.495872029296875 0.38758428125 0.483649626953125 0.697651705078125 0.553121291015625 0.679988974609375
0 0.45175188671875 0.732557876953125 0.465939724609375 0.40356983984375 0.390063353515625 0.4116936484375 0.37220669921875 0.7534701328125 0.45175188671875 0.732557876953125
0 0.348411802734375 0.7301993515625 0.371813611328125 0.453098865234375 0.30318053125 0.458182796875 0.27423880859375 0.744455326171875 0.348411802734375 0.7301993515625
0 0.25604671875 0.753312896484375 0.28599474609375 0.45194580859375 0.203498783203125 0.4643149609375 0.173886189453125 0.76065053125 0.25604671875 0.753312896484375
1 0.746426005859375 0.631875064453125 0.740880849609375 0.3982238515625 0.65535025 0.40330778125 0.654191953125 0.642462220703125 0.746426005859375 0.631875064453125
1 0.931208580078125 0.479252287109375 0.92360888671875 0.360906744140625 0.8379105703125 0.36850643359375 0.848209462890625 0.499168720703125 0.931208580078125 0.479252287109375
1 0.962760404296875 0.4706567734375 0.970475400390625 0.3549318125 0.927314392578125 0.35812892578125 0.933247392578125 0.48035293359375 0.962760404296875 0.4706567734375
1 0.292186310546875 0 0.291036748046875 0.017243439453125 0.37115846484375 0.00880516015625 0.371915177734375 0 0.292186310546875 0
1 0.207616341796875 0 0.204547015625 0.026153421875 0.28583226953125 0.021383958984375 0.28831009375 0 0.207616341796875 0
1 0.125973935546875 0 0.11880152734375 0.04502162109375 0.2011297734375 0.035168228515625 0.204946056640625 0 0.125973935546875 0
1 0.04066954296875 0 0.033223755859375 0.0613740625 0.11871766796875 0.046279501953125 0.124732693359375 0 0.04066954296875 0
0 0.011853494140625 0 0.00274637109375 0.001048234375 0 0.030291451171875 0 0.09636712890625 0.024313771484375 0.06829240234375 0.032943908203125 0 0.011853494140625 0