0 0.07141927083333334 0.5829427083333334 0.10245949074074073 0.3001953125000001
0 0.175390625 0.5935546875 0.08809317129629629 0.2758463541666667
0 0.17994791666666668 0.9002604166666667 0.06368634259259259 0.17578125
0 0.25416666666666665 0.8953125 0.06759259259259265 0.17604166666666665
0 0.3823857060185185 0.8770182291666666 0.07500723379629637 0.19602864583333313
0 0.3412326388888889 0.5883463541666667 0.08332609953703707 0.2794270833333332
0 0.4114872685185185 0.5856119791666667 0.07921730324074072 0.2723307291666668
0 0.3536241319444444 0.01876627604166667 0.07888454861111116 0.03753255208333334
0 0.45380497685185184 0.029248046875000003 0.08946035879629632 0.058496093750000006
0 0.543041087962963 0.046630859375 0.08286313657407396 0.09326171875
0 0.482287458984375 0.793327638671875 0.46368397265625 0.93153623046875 0.5127302421875 0.930934693359375 0.528405259765625 0.790253119140625 0.482287458984375 0.793327638671875
0 0.548483294921875 0.771126484375 0.52555270703125 0.920296408203125 0.570219064453125 0.932438533203125 0.596632625 0.767027123046875 0.548483294921875 0.771126484375
0 0.65858098828125 0.7362150859375 0.62311838671875 0.8862204765625 0.67245428515625 0.909613564453125 0.715093654296875 0.736894599609375 0.65858098828125 0.7362150859375
0 0.53471891796875 0.458973576171875 0.4999931796875 0.685418666015625 0.557349978515625 0.691378333984375 0.595268234375 0.45849457421875 0.53471891796875 0.458973576171875
0 0.6093894675925926 0.04619140625 0.07223668981481479 0.0923828125
1 0.072318025390625 0.86868680078125 0.079939962890625 0.98291190625 0.150805341796875 0.971961712890625 0.14919876953125 0.857335583984375 0.072318025390625 0.86868680078125
1 0.293066671875 0.8308456953125 0.2864419296875 0.936237126953125 0.348469095703125 0.9196503125 0.35891924609375 0.8202296875 0.293066671875 0.8308456953125
1 0.22073251953125 0.486131837890625 0.2185124453125 0.64548332421875 0.2969234375 0.633140685546875 0.3042087109375 0.48857140234375 0.22073251953125 0.486131837890625
1 0.421450578125 0.810006138671875 0.410869576171875 0.907348806640625 0.466477353515625 0.897655240234375 0.48010269140625 0.794978435546875 0.421450578125 0.810006138671875
1 0.455578984375 0.48617682421875 0.4390354609375 0.622400857421875 0.505348802734375 0.608572802734375 0.5240484375 0.48075699609375 0.455578984375 0.48617682421875
1 0.59099571875 0.47800423828125 0.57252458984375 0.598108037109375 0.626483248046875 0.59536598828125 0.654137775390625 0.473794767578125 0.59099571875 0.47800423828125
1 0.65459438671875 0.474619525390625 0.626939859375 0.59619074609375 0.683892080078125 0.589828337890625 0.712941830078125 0.469874498046875 0.65459438671875 0.474619525390625
1 0.596594859375 0.77609473046875 0.57967168359375 0.87642580078125 0.622645890625 0.870995259765625 0.647940798828125 0.7641196953125 0.596594859375 0.77609473046875
1 0.707353798828125 0.755882845703125 0.6880967890625 0.853803912109375 0.719579154296875 0.846573904296875 0.74609155859375 0.74731394921875 0.707353798828125 0.755882845703125
1 0.746675115234375 0.7438542578125 0.721025154296875 0.84647750390625 0.763669697265625 0.835937763671875 0.7939619375 0.73899140625 0.746675115234375 0.7438542578125
1 0.715428 0.467143162109375 0.6867079140625 0.592206208984375 0.73985491015625 0.58438708984375 0.772329439453125 0.46249453515625 0.715428 0.467143162109375
1 0.772811439453125 0.46246240234375 0.742264912109375 0.584226421875 0.792418345703125 0.5800276640625 0.8252987109375 0.46067364453125 0.772811439453125 0.46246240234375
1 0.8272013203125 0.461402001953125 0.792976513671875 0.57742486328125 0.841582390625 0.576750060546875 0.878344146484375 0.4562820859375 0.8272013203125 0.461402001953125
1 0.87839492578125 0.454568306640625 0.842064390625 0.576717927734375 0.891380771484375 0.568298986328125 0.932302806640625 0.453540037109375 0.87839492578125 0.454568306640625
1 0.929842025390625 0.455414484375 0.8918119921875 0.5699806328125 0.93526819921875 0.564517962890625 0.975657455078125 0.45150492578125 0.929842025390625 0.455414484375
0 0.80639318359375 0.709085958984375 0.76592696875 0.857167203125 0.81415200390625 0.86934574609375 0.8484283828125 0.719111568359375 0.80639318359375 0.709085958984375
0 0.852893333984375 0.71453791796875 0.822651080078125 0.84226803515625 0.8655998984375 0.83769438671875 0.8951316484375 0.717708412109375 0.852893333984375 0.71453791796875
0 0.9060153359375 0.691326921875 0.864382400390625 0.830078779296875 0.905402818359375 0.84188243359375 0.942266529296875 0.701738130859375 0.9060153359375 0.691326921875
1 0.941277138671875 0.702659287109375 0.91468856640625 0.804489912109375 0.92729674609375 0.801083775390625 0.963804212890625 0.705433466796875 0.941277138671875 0.702659287109375
1 0.975422845703125 0.762812291015625 0.9771493203125 0.70454379296875 0.9653009921875 0.703623287109375 0.930772306640625 0.797431283203125 0.966136064453125 0.7890873203125 0.975422845703125 0.762812291015625
1 0.97563206640625 0.452361814453125 0.935724810546875 0.56534271875 0.97727840625 0.559151689453125 0.981489859375 0.54689816796875 0.9843842421875 0.44921274609375 0.97563206640625 0.452361814453125
0 0.963716541015625 0.14015406640625 0.993500044921875 0.152706849609375 0.997156107421875 0.02931473828125 0.963716541015625 0.14015406640625