0 0.21833043981481481 0.08326099537037038 0.06361400462962963 0.15270543981481483
0 0.2867115162037037 0.08872251157407407 0.06170428240740744 0.15849247685185186
0 0.09762731481481482 0.3951099537037037 0.08405671296296297 0.2764756944444444
0 0.20602575231481482 0.39912471064814814 0.07828414351851853 0.2879774305555556
0 0.36710069444444443 0.39728009259259256 0.08415798611111114 0.2901475694444444
0 0.43530092592592595 0.37832754629629634 0.07722077546296302 0.27622251157407407
0 0.41865596064814814 0.10825376157407407 0.06778067129629628 0.18800636574074076
0 0.2416449652777778 0.9850260416666667 0.08230613425925926 0.02994791666666652
0 0.37042100694444446 0.9698531539351851 0.08061342592592591 0.06029369212962976
0 0.47283709490740744 0.9551142939814815 0.08476562499999996 0.08977141203703698
0 0.5586371527777778 0.9381872106481481 0.08113425925925943 0.12362557870370372
0 0.6240379050925926 0.9355920862268519 0.07044994212962963 0.12881582754629628
0 0.565924134765625 0.1897880546875 0.548954185546875 0.03557304296875 0.502170095703125 0.040874796875 0.517699095703125 0.17862261328125 0.565924134765625 0.1897880546875
0 0.6359007421875 0.19941427734375 0.610294341796875 0.036672486328125 0.561592064453125 0.05011010546875 0.58450768359375 0.2057177421875 0.6359007421875 0.19941427734375
0 0.6197321640625 0.509505677734375 0.590340966796875 0.2809684140625 0.53300223828125 0.28587925390625 0.562367373046875 0.510898302734375 0.6197321640625 0.509505677734375
0 0.748903251953125 0.230565123046875 0.712707462890625 0.06274146875 0.662659794921875 0.07261201171875 0.695513826171875 0.23444981640625 0.748903251953125 0.230565123046875
1 0.18447863671875 0.12823656640625 0.18666071484375 0.011249216796875 0.1183441796875 0.007635009765625 0.106965453125 0.117777953125 0.18447863671875 0.12823656640625
1 0.33047902734375 0.49460416015625 0.32569522265625 0.342671953125 0.25001173046875 0.332281109375 0.24878491015625 0.49591430859375 0.33047902734375 0.49460416015625
1 0.392638359375 0.1608773671875 0.38514239453125 0.05437121875 0.3221864296875 0.033612119140625 0.3254934296875 0.150802765625 0.392638359375 0.1608773671875
1 0.515324103515625 0.178428857421875 0.50479471484375 0.0739782890625 0.44679824609375 0.064242521484375 0.454254052734375 0.165327357421875 0.515324103515625 0.178428857421875
1 0.551775384765625 0.48979274609375 0.534392556640625 0.36557698828125 0.470313177734375 0.357783853515625 0.482881078125 0.490492998046875 0.551775384765625 0.48979274609375
1 0.6818429609375 0.49628091015625 0.657832623046875 0.3751293046875 0.601451611328125 0.374043306640625 0.6193037734375 0.5009799453125 0.6818429609375 0.49628091015625
1 0.739923052734375 0.498432025390625 0.713063591796875 0.37316615234375 0.65952427734375 0.375191958984375 0.681828109375 0.494275986328125 0.739923052734375 0.498432025390625
1 0.801950333984375 0.50072933203125 0.771180810546875 0.380329572265625 0.71645432421875 0.374293921875 0.742193439453125 0.500520484375 0.801950333984375 0.50072933203125
1 0.8526999296875 0.5026089453125 0.821952681640625 0.385216572265625 0.772902166015625 0.384402072265625 0.799724498046875 0.50465563671875 0.8526999296875 0.5026089453125
1 0.90967452734375 0.507725673828125 0.87326616015625 0.3871170703125 0.82420821875 0.385300109375 0.85499259375 0.5077047890625 0.90967452734375 0.507725673828125
1 0.959281501953125 0.50755859765625 0.923489 0.39398810546875 0.87328101171875 0.3891219921875 0.90853190625 0.505678982421875 0.959281501953125 0.50755859765625
1 0.683599587890625 0.2007010703125 0.65859514453125 0.097551998046875 0.6174018828125 0.092017578125 0.630572177734375 0.195730533203125 0.683599587890625 0.2007010703125
1 0.781240693359375 0.216343638671875 0.75569464453125 0.116181068359375 0.72352353125 0.11098080078125 0.741724234375 0.208866951171875 0.781240693359375 0.216343638671875
1 0.82808765234375 0.22409183203125 0.79914344140625 0.12179902734375 0.758543767578125 0.1202953359375 0.782976900390625 0.2224210625 0.82808765234375 0.22409183203125
1 1 0.49469853515625 0.966900671875 0.394593759765625 0.92346672265625 0.39098072265625 0.958168583984375 0.50952175 1 0.505518265625 1 0.49469853515625
1 1 0.24942762109375 0.9645843359375 0.15799205078125 0.9510065546875 0.151476052734375 0.97882299609375 0.253727087890625 1 0.253579796875 1 0.24942762109375
1 1 0.162352203125 0.96744088671875 0.163108779296875 0.999657015625 0.25048997265625 1 0.22136697265625 1 0.162352203125
1 1 0.39581966015625 0.9702839765625 0.39471906640625 1 0.488863611328125 1 0.39581966015625
0 0.885524728515625 0.237542029296875 0.85459273046875 0.095045375 0.804482658203125 0.095759466796875 0.836391369140625 0.240005640625 0.885524728515625 0.237542029296875
0 0.92941944140625 0.243451125 0.89815142578125 0.120645501953125 0.85720590234375 0.12255569140625 0.887991908203125 0.245343462890625 0.92941944140625 0.243451125
0 0.981096150390625 0.25907184375 0.94047950390625 0.1102197890625 0.896699044921875 0.119735037109375 0.9397511328125 0.272103984375 0.981096150390625 0.25907184375
0 1 0.815462314453125 0.9848098125 0.82547015625 1 0.8778868671875 1 0.815462314453125