1 0.34138869921875 0.5829395390625 0.35132516796875 0.429003123046875 0.28531862109375 0.4327884453125 0.26757492578125 0.5854630859375 0.34138869921875 0.5829395390625
1 0.57986396484375 0.5640129296875 0.57205673828125 0.413861837890625 0.50108195703125 0.42017070703125 0.50392094921875 0.567798251953125 0.57986396484375 0.5640129296875
1 0.440753392578125 0.239737041015625 0.443592384765625 0.1287009375 0.381134576171875 0.124915615234375 0.3782955859375 0.240998814453125 0.440753392578125 0.239737041015625
1 0.63309505078125 0.220810431640625 0.6217390859375 0.112297876953125 0.563539765625 0.11860674609375 0.570637244140625 0.230904623046875 0.63309505078125 0.220810431640625
1 0.766527640625 0.210716240234375 0.745944953125 0.1085125546875 0.68632613671875 0.11608319921875 0.70052109375 0.220810431640625 0.766527640625 0.210716240234375
1 0.814080744140625 0.534992130859375 0.791368814453125 0.405029419921875 0.720394033203125 0.403767646484375 0.736008484375 0.545086322265625 0.814080744140625 0.534992130859375
1 0.96099854296875 0.20188382421875 0.929769638671875 0.10094191015625 0.877958046875 0.09968013671875 0.896411490234375 0.20188382421875 0.96099854296875 0.20188382421875
1 0.97093501171875 0.52994503515625 0.938286611328125 0.39872055078125 0.873699560546875 0.405029419921875 0.89712123828125 0.534992130859375 0.97093501171875 0.52994503515625
1 1 0.394935228515625 0.94041585546875 0.39998232421875 0.973774001953125 0.532468583984375 1 0.531206810546875 1 0.394935228515625
0 0.375 0.4970703125 0.06640625 0.2451171875
0 0.46484375 0.482421875 0.064453125 0.2470703125
0 0.6171875 0.4521484375 0.078125 0.255859375
0 0.689453125 0.4306640625 0.08203125 0.23828125
0 0.6611328125 0.1552734375 0.068359375 0.20703125
0 0.533203125 0.1435546875 0.0615234375 0.19921875
0 0.4716796875 0.1650390625 0.05859375 0.2021484375
0 0.830078125 0.9853515625 0.0654296875 0.0283203125
0 0.912109375 0.9833984375 0.05859375 0.033203125
0 0.236328125 0.4765625 0.07421875 0.224609375
0 0.04968234765625 0.6283633984375 0.139110572265625 0.46559456640625 0.09297696484375 0.388626359375 0.005677982421875 0.556442287109375 0.04968234765625 0.6283633984375
0 0.19305140625 0.232166396484375 0.11143040625 0.3898881328125 0.136271580078125 0.43405021875 0.155434771484375 0.416385384765625 0.18382468359375 0.410076515625 0.2363460234375 0.299040412109375 0.19305140625 0.232166396484375
0 0.188083171875 0.6283633984375 0.2058268671875 0.42143248046875 0.14336905859375 0.39745877734375 0.110010912109375 0.63719581640625 0.188083171875 0.6283633984375
0 0.816919734375 0.200622048828125 0.794917552734375 0.05299450390625 0.74523520703125 0.068135791015625 0.767237388671875 0.209454466796875 0.816919734375 0.200622048828125
0 0.89712123828125 0.20566914453125 0.8651825859375 0.03406789453125 0.81124175390625 0.06435046875 0.844599900390625 0.21954865625 0.89712123828125 0.20566914453125
0 1 0.07570643359375 0.9872592109375 0.0429003125 0.931898880859375 0.06435046875 0.971644759765625 0.2157633359375 1 0.223333978515625 1 0.07570643359375
0 0.89996023046875 0.545086322265625 0.858085109375 0.31544347265625 0.787110328125 0.338155404296875 0.827565953125 0.557704060546875 0.89996023046875 0.545086322265625