0 0.0546875 0.559523810546875 0.142857142578125 0.388888888671875 0.09821428515625 0.3194444453125 0.010044642578125 0.47420634765625 0.0546875 0.559523810546875
0 0.19196428515625 0.166666666015625 0.11383928515625 0.313492064453125 0.138392857421875 0.35515873046875 0.166294642578125 0.333333333984375 0.1863839296875 0.33928571484375 0.2433035703125 0.2261904765625 0.19196428515625 0.166666666015625
0 0.18303571484375 0.5535714296875 0.2120535703125 0.3511904765625 0.14508928515625 0.341269841796875 0.1082589296875 0.5555555546875 0.18303571484375 0.5535714296875
0 0.2578125 0.54365079296875 0.286830357421875 0.309523810546875 0.2176339296875 0.29960317578125 0.19196428515625 0.54365079296875 0.2578125 0.54365079296875
0 0.400669642578125 0.559523810546875 0.411830357421875 0.3214285703125 0.3604910703125 0.3055555546875 0.3370535703125 0.557539681640625 0.400669642578125 0.559523810546875
0 0.5 0.54960317578125 0.4988839296875 0.311507935546875 0.4386160703125 0.311507935546875 0.43415178515625 0.557539681640625 0.5 0.54960317578125
0 0.654017857421875 0.54365079296875 0.6473214296875 0.287698412109375 0.578125 0.27777777734375 0.5848214296875 0.557539681640625 0.654017857421875 0.54365079296875
0 0.732142857421875 0.5238095234375 0.705357142578125 0.267857142578125 0.6495535703125 0.26984126953125 0.6651785703125 0.53174603125 0.732142857421875 0.5238095234375
0 0.8973214296875 0.52579365234375 0.8604910703125 0.27777777734375 0.796875 0.279761904296875 0.82477678515625 0.53571428515625 0.8973214296875 0.52579365234375
0 0.513392857421875 0.20634920703125 0.5078125 0.013888888671875 0.450892857421875 0.0238095234375 0.447544642578125 0.208333333984375 0.513392857421875 0.20634920703125
0 0.572544642578125 0.1944444453125 0.56584821484375 0.02579365234375 0.5167410703125 0.029761904296875 0.515625 0.1964285703125 0.572544642578125 0.1944444453125
0 0.70758928515625 0.204365080078125 0.6886160703125 0.009920634765625 0.63727678515625 0.015873015625 0.642857142578125 0.20634920703125 0.70758928515625 0.204365080078125
0 0.8270089296875 0.172619046875 0.8113839296875 0.0079365078125 0.760044642578125 0.009920634765625 0.775669642578125 0.182539681640625 0.8270089296875 0.172619046875
0 0.9073660703125 0.1805555546875 0.8828125 0.009920634765625 0.828125 0.013888888671875 0.84821428515625 0.184523810546875 0.9073660703125 0.1805555546875
0 1 0.005952380859375 0.950892857421875 0.015873015625 0.9854910703125 0.20634920703125 1 0.208333333984375 1 0.005952380859375
0 0.0546875 0.9697265625 0.09375 0.060546875
0 0.6220703125 0.9873046875 0.0537109375 0.025390625
0 0.7236328125 0.9765625 0.068359375 0.046875
0 0.822265625 0.9677734375 0.0830078125 0.0634765625
0 0.8955078125 0.9658203125 0.0693359375 0.0673828125
1 0.44866071484375 0.1785714296875 0.4520089296875 0.0694444453125 0.3917410703125 0.0714285703125 0.3828125 0.182539681640625 0.44866071484375 0.1785714296875
1 0.6417410703125 0.17658730078125 0.6339285703125 0.067460318359375 0.57477678515625 0.061507935546875 0.58147321484375 0.17658730078125 0.6417410703125 0.17658730078125
1 0.771205357421875 0.172619046875 0.7566964296875 0.065476189453125 0.69977678515625 0.07539682421875 0.7098214296875 0.17460317578125 0.771205357421875 0.172619046875
1 0.96875 0.17460317578125 0.94196428515625 0.061507935546875 0.8917410703125 0.065476189453125 0.908482142578125 0.172619046875 0.96875 0.17460317578125
1 0.34040178515625 0.5238095234375 0.3504464296875 0.375 0.2890625 0.365079365234375 0.26897321484375 0.5238095234375 0.34040178515625 0.5238095234375
1 0.578125 0.51984126953125 0.572544642578125 0.36309523828125 0.5066964296875 0.37103174609375 0.505580357421875 0.521825396484375 0.578125 0.51984126953125
1 0.8125 0.50396825390625 0.79241071484375 0.35515873046875 0.72209821484375 0.357142857421875 0.73772321484375 0.509920634765625 0.8125 0.50396825390625
1 0.96428571484375 0.494047619140625 0.935267857421875 0.34722222265625 0.877232142578125 0.35515873046875 0.8995535703125 0.505952380859375 0.96428571484375 0.494047619140625