1 0.29123263888888884 0.29933449074074076 0.07834201388888884 0.2983940972222222
1 0.40737123842592593 0.9025969328703703 0.06459780092592593 0.16427951388888884
1 0.6454716435185186 0.8723234953703703 0.07884837962962976 0.20674189814814814
1 0.9013671875 0.8618706597222222 0.08087384259259256 0.20876736111111116
0 0.18912760416666669 0.3177445023148148 0.1215639467592593 0.33315248842592593
0 0.3890335648148148 0.26548032407407407 0.09306278935185186 0.27455873842592593
0 0.48976417824074076 0.23151765046296297 0.09027777777777779 0.3046875
0 0.5961733217592593 0.20222077546296294 0.08933738425925908 0.33195891203703703
0 0.7218967013888888 0.17874710648148148 0.10496238425925908 0.35749421296296297
0 0.8302951388888888 0.2003761574074074 0.11071325231481488 0.3034939236111111
0 0.9395616319444444 0.18387405960648148 0.11975549768518512 0.36774811921296297
0 0.07479745370370369 0.7188946759259259 0.1430121527777778 0.306640625
0 0.1837745949074074 0.9099030671296295 0.1017795138888889 0.16760706018518512
0 0.2626953125 0.8855251736111112 0.07794415509259256 0.20865885416666652
0 0.3325014467592593 0.8965928819444444 0.07110821759259256 0.18207465277777768
0 0.47142650462962965 0.8846209490740741 0.08022280092592582 0.19118923611111116
0 0.56640625 0.8742766203703703 0.08380353009259256 0.20887586805555558
0 0.7303240740740741 0.8721064814814814 0.0923032407407407 0.20138888888888884
0 0.8172381365740741 0.8688874421296295 0.08745659722222232 0.2021846064814814
0 0.955078125 0.8598813657407407 0.03110532407407396 0.20789930555555558