0 0.8315248842592593 0.8174551504629629 0.13527199074074092 0.30107060185185186
0 0.7088758680555556 0.8034939236111112 0.13585069444444442 0.33517795138888884
0 0.5980902777777778 0.7871455439814815 0.12735098379629628 0.3387586805555556
0 0.48267505787037035 0.7544126157407407 0.12847222222222232 0.3407479745370372
0 0.3976779513888889 0.692310474537037 0.12264901620370372 0.27528211805555536
0 0.31633391203703703 0.6729239004629629 0.12854456018518523 0.3154296875
0 0.24811921296296297 0.6735026041666666 0.12196180555555558 0.33174189814814814
0 0.4788773148148148 0.09223090277777778 0.08521412037037035 0.18446180555555555
0 0.34881365740740744 0.08416521990740741 0.11096643518518512 0.16833043981481483
1 0.4084732578125 0 0.377677587890625 0.14418348828125 0.4486245546875 0.149793923828125 0.4750220703125 0 0.4084732578125 0
1 0.2737146640625 0 0.2406751015625 0.1294862109375 0.302890896484375 0.140362884765625 0.337333697265625 0.00068712109375 0.32723868359375 0 0.2737146640625 0
1 0.20924175390625 0 0.176111107421875 0.12528698828125 0.239745765625 0.12952062890625 0.274309787109375 0 0.20924175390625 0
1 0.15182028515625 0 0.111107302734375 0.114513576171875 0.176355869140625 0.12198268359375 0.2123636484375 0 0.15182028515625 0
1 0.09294125390625 0 0.052690708984375 0.117234591796875 0.112090009765625 0.119850216796875 0.148151373046875 0 0.09294125390625 0
1 0.034618611328125 0 0 0.101756853515625 0 0.115480751953125 0.056443685546875 0.1122799921875 0.090009783203125 0 0.034618611328125 0
1 0.00042758984375 0 0 0.007515943359375 0 0.099211974609375 0.032075888671875 0.002423705078125 0.00063435546875 0 0.00042758984375 0