1 0.057942708984375 0.26967592578125 0.075520833984375 0.173611111328125 0.056640625 0.17592592578125 0.021484375 0.271990740234375 0.057942708984375 0.26967592578125
1 0.198567708984375 0.26157407421875 0.222005208984375 0.158564814453125 0.194661458984375 0.158564814453125 0.164713541015625 0.260416666015625 0.198567708984375 0.26157407421875
1 0.050130208984375 0.5543981484375 0.081380208984375 0.428240740234375 0.05078125 0.4293981484375 0.005208333984375 0.55902777734375 0.050130208984375 0.5543981484375
1 0.237630208984375 0.5555555546875 0.261067708984375 0.428240740234375 0.218098958984375 0.427083333984375 0.18359375 0.55902777734375 0.237630208984375 0.5555555546875
1 0.313802083984375 0.24537037109375 0.329427083984375 0.146990740234375 0.294270833984375 0.150462962890625 0.26953125 0.24652777734375 0.313802083984375 0.24537037109375
1 0.380208333984375 0.5555555546875 0.401692708984375 0.4293981484375 0.340494791015625 0.423611111328125 0.313802083984375 0.5555555546875 0.380208333984375 0.5555555546875
1 0.449869791015625 0.55902777734375 0.469401041015625 0.42592592578125 0.403645833984375 0.4293981484375 0.383463541015625 0.560185185546875 0.449869791015625 0.55902777734375
0 0.065755208984375 0.196759259765625 0.057291666015625 0.283564814453125 0.098307291015625 0.291666666015625 0.132161458984375 0.137731482421875 0.084635416015625 0.12384259375 0.065755208984375 0.196759259765625
0 0.138671875 0.108796294921875 0.113932291015625 0.185185185546875 0.107421875 0.271990740234375 0.158203125 0.2731481484375 0.192057291015625 0.150462962890625 0.170572916015625 0.1180555546875 0.138671875 0.108796294921875
0 0.048177083984375 0.4131944453125 0.000651041015625 0.37962962890625 0 0.571759259765625 0.048177083984375 0.4131944453125
0 0.067057291015625 0.4618055546875 0.05078125 0.575231482421875 0.106119791015625 0.583333333984375 0.153645833984375 0.35532407421875 0.1015625 0.354166666015625 0.067057291015625 0.4618055546875
0 0.12109375 0.486111111328125 0.121744791015625 0.5694444453125 0.170572916015625 0.568287037109375 0.213541666015625 0.364583333984375 0.150390625 0.3506944453125 0.12109375 0.486111111328125
0 0.236328125 0.106481482421875 0.206380208984375 0.200231482421875 0.19921875 0.275462962890625 0.250651041015625 0.295138888671875 0.288411458984375 0.130787037109375 0.263020833984375 0.10532407421875 0.236328125 0.106481482421875
0 0.303385416015625 0.575231482421875 0.337890625 0.37037037109375 0.276041666015625 0.353009259765625 0.233723958984375 0.583333333984375 0.303385416015625 0.575231482421875
0 0.365234375 0.25 0.389322916015625 0.11342592578125 0.3359375 0.1006944453125 0.3125 0.25462962890625 0.365234375 0.25
0 0.386067708984375 0.189814814453125 0.382161458984375 0.259259259765625 0.436848958984375 0.25462962890625 0.453776041015625 0.111111111328125 0.40625 0.0868055546875 0.386067708984375 0.189814814453125
0 0.553385416015625 0.271990740234375 0.561848958984375 0.08217592578125 0.51171875 0.078703705078125 0.49609375 0.271990740234375 0.553385416015625 0.271990740234375
0 0.752604166015625 0.2430555546875 0.755859375 0.06712962890625 0.704427083984375 0.0625 0.695963541015625 0.2418981484375 0.752604166015625 0.2430555546875
0 0.833333333984375 0.2268518515625 0.824869791015625 0.072916666015625 0.76953125 0.0706018515625 0.7734375 0.23032407421875 0.833333333984375 0.2268518515625
0 0.917317708984375 0.2430555546875 0.893880208984375 0.05092592578125 0.841796875 0.05092592578125 0.850911458984375 0.25115740625 0.917317708984375 0.2430555546875
1 0.493489583984375 0.240740740234375 0.507161458984375 0.12962962890625 0.456380208984375 0.1319444453125 0.438151041015625 0.24537037109375 0.493489583984375 0.240740740234375
1 0.627604166015625 0.23032407421875 0.632161458984375 0.114583333984375 0.572265625 0.12384259375 0.561197916015625 0.23842592578125 0.627604166015625 0.23032407421875
1 0.693359375 0.22337962890625 0.6953125 0.112268517578125 0.634765625 0.1180555546875 0.627604166015625 0.23032407421875 0.693359375 0.22337962890625
1 0.524739583984375 0.564814814453125 0.536458333984375 0.421296294921875 0.472005208984375 0.423611111328125 0.455729166015625 0.564814814453125 0.524739583984375 0.564814814453125
1 0.602213541015625 0.56597222265625 0.608723958984375 0.422453705078125 0.540364583984375 0.422453705078125 0.52734375 0.564814814453125 0.602213541015625 0.56597222265625
1 0.682291666015625 0.5694444453125 0.684244791015625 0.422453705078125 0.611979166015625 0.423611111328125 0.602864583984375 0.5625 0.682291666015625 0.5694444453125
1 0.76953125 0.571759259765625 0.764322916015625 0.421296294921875 0.688802083984375 0.424768517578125 0.686197916015625 0.5694444453125 0.76953125 0.571759259765625
1 0.861328125 0.5706018515625 0.84765625 0.4143518515625 0.768880208984375 0.422453705078125 0.772786458984375 0.5694444453125 0.861328125 0.5706018515625
1 0.954427083984375 0.57407407421875 0.932942708984375 0.4143518515625 0.852213541015625 0.415509259765625 0.863932291015625 0.5694444453125 0.954427083984375 0.57407407421875
1 0.990885416015625 0.202546294921875 0.972005208984375 0.081018517578125 0.904296875 0.078703705078125 0.91796875 0.203703705078125 0.990885416015625 0.202546294921875
1 0.998046875 0.5868055546875 0.998697916015625 0.408564814453125 0.936197916015625 0.40625 0.959635416015625 0.581018517578125 0.998046875 0.5868055546875
0 0.470703125 0.9873046875 0.0625 0.025390625