1 1 0.095063751953125 0.9962921640625 0.085718419921875 0.96868386328125 0.08316798828125 0.997362763671875 0.194171626953125 1 0.194172771484375 1 0.095063751953125
1 0.91703455859375 0.1903728515625 0.8836350859375 0.092555388671875 0.84332423828125 0.09265459765625 0.86979993359375 0.19580853125 0.91703455859375 0.1903728515625
1 1 0.403154333984375 0.99118303515625 0.378658234375 0.94214203125 0.38219659375 0.978282078125 0.512723212890625 1 0.508968419921875 1 0.403154333984375
1 0.8921833671875 0.523160548828125 0.853282076171875 0.384813162109375 0.783953373046875 0.386416998046875 0.81573247265625 0.527124669921875 0.8921833671875 0.523160548828125
1 0.81356646875 0.52823247265625 0.781229333984375 0.387553736328125 0.711474869140625 0.391170634765625 0.73892195703125 0.534093916015625 0.81356646875 0.52823247265625
1 0.736396330078125 0.538206845703125 0.708750826171875 0.392307375 0.639914021484375 0.392890212890625 0.661846892578125 0.537094908203125 0.736396330078125 0.538206845703125
1 0.73176669921875 0.199979333984375 0.705716765625 0.094812333984375 0.65096312890625 0.096655919921875 0.6687086640625 0.203249009765625 0.73176669921875 0.199979333984375
0 1 0.210341328125 0.9751612109375 0.10473296875 0.946536044921875 0.036532736328125 0.913971560546875 0.035234787109375 0.88542493359375 0.060606810546875 0.9425595234375 0.228869048828125 1 0.2277497265625 1 0.210341328125
0 0.959135251953125 0.427108134765625 0.920176091796875 0.304691634765625 0.8784556875 0.308845900390625 0.85260416796875 0.341046625 0.908316796875 0.555175263671875 0.977872849609375 0.54858217578125 0.959135251953125 0.427108134765625
0 0.848053076171875 0.096391369140625 0.82550843359375 0.043803736328125 0.795866400390625 0.044345236328125 0.7768063828125 0.06922536328125 0.812946427734375 0.199751984375 0.86526951171875 0.19504794921875 0.848053076171875 0.096391369140625
0 0.79834242578125 0.207477677734375 0.751442625 0.0247478515625 0.7038649140625 0.067034556640625 0.733874833984375 0.2148024140625 0.79834242578125 0.207477677734375
0 0.6720362109375 0.2279637890625 0.638529265625 0.044539517578125 0.589070767578125 0.067013888671875 0.61029266015625 0.234151787109375 0.6720362109375 0.2279637890625
0 0.470907736328125 0.226446759765625 0.4541501328125 0.059077380859375 0.398970734375 0.062934029296875 0.412512400390625 0.232461142578125 0.470907736328125 0.226446759765625
0 0.401285548828125 0.23204778515625 0.393758267578125 0.077141205078125 0.34324156640625 0.083742560546875 0.345349701171875 0.23295717578125 0.401285548828125 0.23204778515625
0 0.33094411328125 0.243659060546875 0.326359953125 0.065703537109375 0.277252810546875 0.068249833984375 0.272284224609375 0.24570519140625 0.33094411328125 0.243659060546875
1 0.60062830859375 0.2067791015625 0.585739087890625 0.1010333984375 0.5255373671875 0.10515046484375 0.538062169921875 0.20902777734375 0.60062830859375 0.2067791015625
1 0.53645419921875 0.2101066484375 0.522747189453125 0.105295140625 0.465496859375 0.1032862109375 0.474313822265625 0.21034226171875 0.53645419921875 0.2101066484375
1 0.658630953125 0.53925264453125 0.6349578359375 0.39414269140625 0.56917576171875 0.39854910546875 0.58559441015625 0.54403521875 0.658630953125 0.53925264453125
1 0.580704365234375 0.54627976171875 0.564219576171875 0.399801587890625 0.494890873046875 0.401405423828125 0.5057953046875 0.54817294921875 0.580704365234375 0.54627976171875
1 0.50182291796875 0.547383431640625 0.490066962890625 0.40464203125 0.42053984765625 0.40326967578125 0.42642195703125 0.550297619140625 0.50182291796875 0.547383431640625
1 0.421664185546875 0.5545262890625 0.41614169921875 0.40449322265625 0.347011408203125 0.409073248046875 0.345705193359375 0.557469412109375 0.421664185546875 0.5545262890625
1 0.338318453125 0.55586144140625 0.34031498046875 0.409420470703125 0.27161044921875 0.411987435546875 0.261999833984375 0.561809689453125 0.338318453125 0.55586144140625
1 0.267774470703125 0.220056216796875 0.2729373359375 0.104311341796875 0.210238921875 0.104575892578125 0.202087466796875 0.21748925390625 0.267774470703125 0.220056216796875
1 0.199855322265625 0.217604994140625 0.207514880859375 0.1057126328125 0.14521329296875 0.111929564453125 0.13325066015625 0.218072087890625 0.199855322265625 0.217604994140625
1 0.25570023046875 0.56810929296875 0.265897818359375 0.410292658203125 0.1932208984375 0.41207010546875 0.17744295703125 0.570176091796875 0.25570023046875 0.56810929296875
1 0.172978671875 0.57040757421875 0.18875661328125 0.4123015859375 0.115228173828125 0.418105158203125 0.091439318359375 0.573640046875 0.172978671875 0.57040757421875
1 0.030952380859375 0.46428571484375 0.0386904765625 0.580357142578125 0.088223380859375 0.575797783203125 0.111057373046875 0.414339451171875 0.04038525 0.42099041015625 0.030952380859375 0.46428571484375
0 0.07790178515625 0.076595568359375 0.003988921875 0.03463541796875 0.015145501953125 0.227182541015625 0.04951637109375 0.230377810546875 0.07790178515625 0.076595568359375