1 0.027849462890625 0.07849171484375 0.037359037109375 0.001207564453125 0.02037765625 0.007245388671875 0 0.072453888671875 0.027849462890625 0.07849171484375
1 0.15894571875 0 0.1385680625 0.07969927734375 0.16845529296875 0.082114408203125 0.188153693359375 0 0.15894571875 0
1 0.26423027734375 0 0.246569640625 0.067623630859375 0.287324955078125 0.070038759765625 0.301589314453125 0 0.26423027734375 0
1 0.03667978125 0.367099705078125 0.05841594921875 0.26687182421875 0.031245740234375 0.262041564453125 0 0.367099705078125 0.03667978125 0.367099705078125
1 0.22551273046875 0.38038291796875 0.24181485546875 0.25841887109375 0.19970103125 0.259626435546875 0.173210078125 0.379175353515625 0.22551273046875 0.38038291796875
1 0.37223185546875 0.391251001953125 0.387175470703125 0.25479617578125 0.32332548046875 0.2560037421875 0.300230802734375 0.388835873046875 0.37223185546875 0.391251001953125
1 0.43947812109375 0.3864207421875 0.4551009921875 0.252381046875 0.38853398046875 0.25358861328125 0.370873345703125 0.391251001953125 0.43947812109375 0.3864207421875
1 0.515554705078125 0.390043435546875 0.52506427734375 0.25358861328125 0.45985577734375 0.2560037421875 0.4428743984375 0.388835873046875 0.515554705078125 0.390043435546875
1 0.4306478046875 0 0.421817486328125 0.0615858046875 0.48023343359375 0.05917067578125 0.489063751953125 0 0.4306478046875 0
0 0 0.333287890625 0.021056912109375 0.248758353515625 0 0.22098436328125 0 0.333287890625
0 0.038717546875 0 0.030566484375 0.05071772265625 0.03192499609375 0.117133787109375 0.07268030859375 0.100227880859375 0.090340943359375 0 0.038717546875 0
0 0.12769998046875 0.09177492578125 0.151473912109375 0 0.088303177734375 0.001207564453125 0.07471807421875 0.0929824921875 0.12769998046875 0.09177492578125
0 0.1874744375 0 0.1711723125 0.0929824921875 0.20785209375 0.106265705078125 0.23570155859375 0.082114408203125 0.2526829375 0 0.1874744375 0
0 0.302268568359375 0 0.293438251953125 0.06279337109375 0.345061646484375 0.064000935546875 0.3552504765625 0 0.302268568359375 0
0 0.3654393046875 0 0.3634015390625 0.06279337109375 0.4143456796875 0.0652085 0.4245345078125 0 0.3654393046875 0
0 0.489063751953125 0 0.484988220703125 0.082114408203125 0.53932863671875 0.07849171484375 0.54136640234375 0 0.489063751953125 0
0 0.05637818359375 0.25358861328125 0.03600052734375 0.40694934375 0.09713349609375 0.41298716796875 0.129058490234375 0.18838011328125 0.084227646484375 0.182342287109375 0.05637818359375 0.25358861328125
0 0.12769998046875 0.18113472265625 0.103926046875 0.305513900390625 0.10528455859375 0.398496390625 0.155549443359375 0.393666130859375 0.193587734375 0.2077011484375 0.169134546875 0.1750968984375 0.12769998046875 0.18113472265625
0 0.259475490234375 0.185964982421875 0.2363808125 0.289815556640625 0.22755049609375 0.4190249921875 0.293438251953125 0.411779603515625 0.320608458984375 0.20528601953125 0.289362720703125 0.179927158203125 0.259475490234375 0.185964982421875
0 0.7158203125 0.0302734375 0.056640625 0.060546875
0 0.794921875 0.02734375 0.05859375 0.0537109375
0 0.8759765625 0.025390625 0.068359375 0.05078125
0 0.4599609375 0.8955078125 0.083984375 0.208984375
0 0.552734375 0.9052734375 0.0810546875 0.189453125
0 0.6533203125 0.8994140625 0.0830078125 0.201171875
0 0.765625 0.90234375 0.0927734375 0.1943359375
0 0.8740234375 0.931640625 0.087890625 0.13671875
1 0.6181222421875 0.043472333984375 0.617442986328125 0.001207564453125 0.5529137421875 0 0.54951746484375 0.05071772265625 0.6181222421875 0.043472333984375
1 0.617442986328125 0 0.615405220703125 0.041057205078125 0.68468925390625 0.033811814453125 0.68468925390625 0 0.617442986328125 0
1 0.5895935234375 0.397288826171875 0.59842383984375 0.24996591796875 0.5264227890625 0.25358861328125 0.51487544921875 0.391251001953125 0.5895935234375 0.397288826171875
1 0.67246266015625 0.3948736953125 0.6751796796875 0.245135658203125 0.599103095703125 0.251173482421875 0.5916312890625 0.39245856640625 0.67246266015625 0.3948736953125
1 0.75804881640625 0.397288826171875 0.7546525390625 0.24151296484375 0.677896701171875 0.245135658203125 0.6731419140625 0.39608126171875 0.75804881640625 0.397288826171875
1 0.847031248046875 0.3948736953125 0.8382009296875 0.23789026953125 0.75601105078125 0.242720529296875 0.7587280703125 0.39608126171875 0.847031248046875 0.3948736953125
1 0.942806232421875 0.399703955078125 0.92310783203125 0.236682705078125 0.8382009296875 0.236682705078125 0.847031248046875 0.397288826171875 0.942806232421875 0.399703955078125
1 0.9135982578125 0 0.9135982578125 0.0205286015625 0.991712609375 0.019321037109375 0.988995587890625 0 0.9135982578125 0
1 0.999863671875 0.402119083984375 0.99850516015625 0.23426757421875 0.926504107421875 0.235475140625 0.942126978515625 0.400911521484375 0.999863671875 0.402119083984375