1 0.298828125 0.6982421875 0.064453125 0.3173828125
1 0.4501953125 0.08984375 0.060546875 0.1796875
1 0.6787109375 0.099609375 0.068359375 0.1982421875
1 0.9326171875 0.115234375 0.072265625 0.2060546875
0 0.9892578125 0.111328125 0.021484375 0.22265625
0 0.8466796875 0.1044921875 0.076171875 0.208984375
0 0.767578125 0.1083984375 0.0830078125 0.2158203125
0 0.6005859375 0.107421875 0.080078125 0.2138671875
0 0.5068359375 0.1015625 0.0703125 0.2021484375
0 0.3701171875 0.0869140625 0.064453125 0.173828125
0 0.2978515625 0.09765625 0.0791015625 0.1943359375
0 0.2197265625 0.076171875 0.103515625 0.15234375
0 0.09375 0.275390625 0.1357421875 0.265625
0 0.19921875 0.681640625 0.1123046875 0.3310546875
0 0.3955078125 0.7265625 0.0859375 0.25
0 0.4970703125 0.7724609375 0.076171875 0.3076171875
0 0.60546875 0.7978515625 0.083984375 0.3056640625
0 0.728515625 0.8134765625 0.0927734375 0.3330078125
0 0.8349609375 0.791015625 0.0869140625 0.2919921875
0 0.9453125 0.8212890625 0.109375 0.357421875