1 0.370474546875 0.561994966796875 0.371036916015625 0.407102232421875 0.30484464453125 0.4077985 0.296576466796875 0.56960034765625 0.370474546875 0.561994966796875
1 0.447077359375 0.213861232421875 0.440697138671875 0.104547240234375 0.38227092578125 0.112848888671875 0.3827998203125 0.21605715234375 0.447077359375 0.213861232421875
1 0.606890828125 0.528627685546875 0.5889016875 0.38128677734375 0.51984400390625 0.3934446796875 0.530174203125 0.5347869765625 0.606890828125 0.528627685546875
1 0.6401108203125 0.18306478515625 0.62049482421875 0.079374490234375 0.56164013671875 0.08124905859375 0.576583109375 0.196508103515625 0.6401108203125 0.18306478515625
1 0.768605642578125 0.1641584453125 0.74042689453125 0.05452309765625 0.68173958203125 0.072518935546875 0.704756576171875 0.172781451171875 0.768605642578125 0.1641584453125
1 0.95845233984375 0.1400033203125 0.92416116796875 0.0339564296875 0.871479162109375 0.046757037109375 0.89710046484375 0.145252107421875 0.95845233984375 0.1400033203125
1 0.84255728125 0.484013009765625 0.808574072265625 0.355364205078125 0.73728030078125 0.361202138671875 0.765579556640625 0.499866484375 0.84255728125 0.484013009765625
1 0.996787220703125 0.4700341015625 0.954348380859375 0.337047013671875 0.89215294921875 0.356863857421875 0.921188640625 0.479353373046875 0.996787220703125 0.4700341015625
1 1 0.33002228125 0.95413414453125 0.33383347265625 0.995562056640625 0.465267345703125 1 0.464079806640625 1 0.33002228125
0 0.4712239583333333 0.14168836805555557 0.07011718749999996 0.19091435185185185
0 0.5338541666666667 0.1252314814814815 0.06451822916666661 0.17988281250000004
0 0.6595703125 0.11385995370370369 0.08281249999999996 0.2062572337962963
0 0.6352864583333333 0.41138599537037035 0.10071614583333321 0.2559534143518518
0 0.7065755208333333 0.392455150462963 0.09772135416666661 0.2548032407407408
0 0.4861328125 0.4535590277777778 0.07968750000000002 0.24692563657407396
0 0.3989583333333333 0.46950954861111105 0.08209635416666661 0.2392867476851852
0 0.25371093749999996 0.4673321759259259 0.0805338541666667 0.24503038194444438
0 0.8888020833333333 0.9346137152777778 0.07252604166666665 0.03736979166666665
0 0.9672688802083333 0.9221137152777779 0.0654622395833333 0.05155526620370354
0 0.202687275390625 0.40107365234375 0.2500070703125 0.28485029296875 0.2014534921875 0.2113188046875 0.12063822265625 0.389221408203125 0.15677964453125 0.4276718359375 0.17868548828125 0.403689869140625 0.202687275390625 0.40107365234375
0 0.21510933984375 0.61762488671875 0.224647625 0.408129505859375 0.165069279296875 0.400915095703125 0.1414143359375 0.630349203125 0.21510933984375 0.61762488671875
0 0.089714365234375 0.640576224609375 0.158206669921875 0.44907723046875 0.108994083984375 0.39588086328125 0.036785564453125 0.55178348046875 0.089714365234375 0.640576224609375
0 0.821020720703125 0.156695408203125 0.787540109375 0.0070558515625 0.739308603515625 0.029016201171875 0.767234712890625 0.165852162109375 0.821020720703125 0.156695408203125
0 0.82704468359375 0 0.802414875 0.008562158203125 0.846722056640625 0.16949900390625 0.899953111328125 0.15201793359375 0.858971251953125 0 0.82704468359375 0
0 0.928669939453125 0 0.922899494140625 0.002616216796875 0.9853913515625 0.1744143203125 1 0.168201259765625 1 0.035222474609375 0.98388273828125 0 0.928669939453125 0
0 0.928169833984375 0.50866420703125 0.8653160390625 0.253748720703125 0.794954087890625 0.277597458984375 0.859983908203125 0.52957269140625 0.928169833984375 0.50866420703125