0 0.06078559027777777 0.9638671875 0.06659432870370371 0.072265625
0 0.14367766203703702 0.9620533130787037 0.09023437499999998 0.07589337384259265
0 0.24360532407407406 0.9754792390046296 0.0817853009259259 0.049041521990740744
0 0.3511429398148148 0.9820276331018518 0.0737702546296296 0.03594473379629637
0 0.47249710648148147 0.9939814814814815 0.07129629629629641 0.012037037037037068
0 0.5836226851851852 0.9900571469907408 0.06974826388888888 0.019885706018518468
0 0.6869936342592593 0.9880642361111112 0.07293836805555554 0.02387152777777768
0 0.9068287037037037 0.9640715422453704 0.1069010416666667 0.07185691550925921
0 0.7126591435185186 0.4240523726851852 0.07791521990740735 0.22732928240740746
0 0.5804253472222223 0.43669704861111114 0.07217158564814818 0.2309317129629629
0 0.49339554398148144 0.4282841435185185 0.0688151041666667 0.24928385416666665
0 0.3355034722222222 0.39767071759259254 0.08404224537037042 0.2695746527777778
0 0.26102430555555556 0.38503327546296295 0.08990162037037042 0.2698784722222223
0 0.27316984953703705 0.10387008101851852 0.07560763888888888 0.18235677083333335
0 0.4057798032407407 0.1039207175925926 0.0596064814814814 0.16885127314814816
0 0.47141203703703705 0.11414930555555557 0.060959201388888884 0.18159722222222222
0 0.830730541015625 0.327521865234375 0.747278181640625 0.176412787109375 0.7049741328125 0.23712578125 0.763204447265625 0.3504594921875 0.779018265625 0.3476327109375 0.8013475859375 0.374317818359375 0.830730541015625 0.327521865234375
0 0.8409005234375 0.56691169921875 0.79377780078125 0.343839576171875 0.7399569609375 0.362017712890625 0.769562271484375 0.565036056640625 0.8409005234375 0.56691169921875
0 0.940728931640625 0.491859359375 0.851951046875 0.334092322265625 0.8029970703125 0.395372193359375 0.88996441015625 0.578572642578125 0.940728931640625 0.491859359375
0 1 0.569343365234375 0.98263012109375 0.538704771484375 0.927945646484375 0.61427453125 1 0.7567274140625 1 0.569343365234375
0 0.119654623046875 0.006204314453125 0.107715337890625 0.146200263671875 0.1646258515625 0.151534484375 0.180969984375 0.00938362890625 0.119654623046875 0.006204314453125
0 0.04177963671875 0.0021663515625 0.0232448671875 0.145792490234375 0.08432484765625 0.156109517578125 0.1084656875 0.005624146484375 0.04177963671875 0.0021663515625
0 0.12331833203125 0.521982705078125 0.150236236328125 0.2691591953125 0.077378314453125 0.2534648515625 0.0436998984375 0.5043489453125 0.12331833203125 0.521982705078125
1 0.846495861328125 1 0.841702546875 0.971279115234375 0.740017849609375 0.969051330078125 0.743597037109375 1 0.846495861328125 1
1 0.689239970703125 0.526958802734375 0.66531222265625 0.374495283203125 0.6007323359375 0.372161615234375 0.616053416015625 0.523163943359375 0.689239970703125 0.526958802734375
1 0.56681296484375 0.190762302734375 0.554351673828125 0.07847515625 0.494195357421875 0.071296265625 0.500938947265625 0.183286939453125 0.56681296484375 0.190762302734375
1 0.454844408203125 0.515819876953125 0.449634478515625 0.3592523203125 0.380631021484375 0.361763873046875 0.381236201171875 0.497794296875 0.454844408203125 0.515819876953125
1 0.370485044921875 0.173477908203125 0.371174462890625 0.0618726484375 0.30767787890625 0.057565314453125 0.30289571875 0.165913603515625 0.370485044921875 0.173477908203125
1 0.233621201171875 0.15927683984375 0.2412622109375 0.051076787109375 0.178758578125 0.04174634765625 0.163293498046875 0.15563021875 0.233621201171875 0.15927683984375
1 0.216807400390625 0.497387705078125 0.225049357421875 0.351666837890625 0.149034072265625 0.34874022265625 0.13453276171875 0.49515144921875 0.216807400390625 0.497387705078125
1 0.02462398828125 0.138290763671875 0.037230220703125 0.024258658203125 0.00078306640625 0.026428478515625 0.004852984375 0.1453849453125 0.02462398828125 0.138290763671875
1 0.014275896484375 0.481811482421875 0.04696160546875 0.487565970703125 0.0650742421875 0.3474315078125 0.0102099765625 0.344586693359375 0.014275896484375 0.481811482421875