1 0.984565548828125 0.17206753515625 0.97243473046875 0.05042940625 0.89984494921875 0.055085787109375 0.905254111328125 0.16993273046875 0.984565548828125 0.17206753515625
1 0.903725328125 0.169119552734375 0.89758192578125 0.05065196875 0.8285199609375 0.051644439453125 0.8280515 0.171258455078125 0.903725328125 0.169119552734375
0 0.82354513671875 0.1884488671875 0.82105903125 0.019902716796875 0.76344048046875 0.021997880859375 0.765900185546875 0.1896529375 0.82354513671875 0.1884488671875
0 0.74584173046875 0.189800556640625 0.74984051171875 0.0369824375 0.701236400390625 0.0386101875 0.68914559765625 0.1891705 0.74584173046875 0.189800556640625
1 1 0.388221505859375 0.92178584375 0.3893184609375 0.92904233984375 0.5495851328125 1 0.550184669921875 1 0.388221505859375
1 0.9239023125 0.5453893515625 0.91867543359375 0.38590990234375 0.832695185546875 0.378766138671875 0.832360453125 0.5367490546875 0.9239023125 0.5453893515625
1 0.82787963671875 0.537873841796875 0.83063916796875 0.377087837890625 0.749324556640625 0.37505691796875 0.742241767578125 0.525357556640625 0.82787963671875 0.537873841796875
1 0.739843486328125 0.524823310546875 0.7449758671875 0.37640869921875 0.669986828125 0.367802572265625 0.658739236328125 0.5129643984375 0.739843486328125 0.524823310546875
1 0.65457439453125 0.5078256015625 0.6686703984375 0.365693072265625 0.60016422265625 0.364283326171875 0.57966456640625 0.50189276171875 0.65457439453125 0.5078256015625
1 0.57713415625 0.50113148828125 0.596383443359375 0.35940987109375 0.53332001171875 0.359717162109375 0.510237142578125 0.49478316796875 0.57713415625 0.50113148828125
1 0.61505553125 0.17281689453125 0.626029126953125 0.069190892578125 0.570373529296875 0.069823388671875 0.55596100390625 0.1758810546875 0.61505553125 0.17281689453125
1 0.55198098046875 0.176979873046875 0.567745029296875 0.069983828125 0.512438966796875 0.078182154296875 0.49631283984375 0.177188994140625 0.55198098046875 0.176979873046875
0 0.67159496484375 0.202013791015625 0.68434516796875 0.02715604296875 0.635001587890625 0.033451236328125 0.6198540390625 0.19934190234375 0.67159496484375 0.202013791015625
1 0.504212091796875 0.49457334375 0.527984396484375 0.35738348046875 0.4699131796875 0.35266565234375 0.443245505859375 0.485240109375 0.504212091796875 0.49457334375
1 0.438738287109375 0.48547381640625 0.465713466796875 0.3505809296875 0.40812982421875 0.34962200390625 0.378351703125 0.478787921875 0.438738287109375 0.48547381640625
1 0.37476690234375 0.47629642578125 0.403508486328125 0.346004162109375 0.35019444140625 0.341024078125 0.318386705078125 0.46940275390625 0.37476690234375 0.47629642578125
1 0.312508541015625 0.46991801171875 0.346311517578125 0.341167720703125 0.296028099609375 0.336903455078125 0.259080375 0.461086376953125 0.312508541015625 0.46991801171875
0 0.45347934375 0.047711638671875 0.417499158203125 0.018341154296875 0.38955990625 0.0233596953125 0.36995369140625 0.106482701171875 0.3855083203125 0.174395625 0.433796494140625 0.17903147265625 0.45347934375 0.047711638671875
0 0.361867599609375 0.22292184765625 0.400897310546875 0.00395688671875 0.334707671875 0.000322521484375 0.294439173828125 0.13092485546875 0.315503466796875 0.215508861328125 0.361867599609375 0.22292184765625
0 0.252588189453125 0.241975095703125 0.30608534375 0.0499995234375 0.243641921875 0.02467858203125 0.188111720703125 0.14804011328125 0.202796775390625 0.22046046484375 0.252588189453125 0.241975095703125
0 0.16455828125 0.250296546875 0.22245491015625 0.054449712890625 0.1571135703125 0.0159653984375 0.086772271484375 0.18114809765625 0.114873373046875 0.249302947265625 0.16455828125 0.250296546875
1 0.155453537109375 0.992547646484375 0.20461566796875 0.806616140625 0.1458753203125 0.787778328125 0.095355666015625 0.9617503359375 0.155453537109375 0.992547646484375
1 0.22759638671875 0.989735056640625 0.26844215625 0.82783098828125 0.20821312890625 0.809534904296875 0.160382341796875 0.989614705078125 0.22759638671875 0.989735056640625
1 0.316051466796875 0.961908830078125 0.340492021484375 0.843040162109375 0.27350297265625 0.82935346875 0.25136720703125 0.928671921875 0.316051466796875 0.961908830078125
1 0.39185918359375 0.9812177265625 0.418479453125 0.872434412109375 0.345300328125 0.8487371953125 0.32258541796875 0.96236505078125 0.39185918359375 0.9812177265625
1 0.58078648046875 0.97142149609375 0.58611753125 0.922815951171875 0.502282357421875 0.911892912109375 0.4931129375 0.974840609375 0.58078648046875 0.97142149609375
0 0.47311422265625 0.977004501953125 0.48967825 0.8419921875 0.424601962890625 0.846308859375 0.3924851875 0.981185267578125 0.47311422265625 0.977004501953125
0 0.6181785300925926 0.9587239583333333 0.06020688657407414 0.024573206018518423
0 0.7185329861111112 0.9456958912037037 0.06750578703703702 0.04055266203703711