0 0.0888671875 0.4111328125 0.09375 0.2939453125
0 0.193359375 0.3935546875 0.080078125 0.2705078125
0 0.20703125 0.0859375 0.05859375 0.171875
0 0.28125 0.0859375 0.0625 0.171875
0 0.4091796875 0.095703125 0.0693359375 0.19140625
0 0.359375 0.3876953125 0.0751953125 0.2744140625
0 0.4296875 0.3857421875 0.0712890625 0.267578125
0 0.3544921875 0.970703125 0.0771484375 0.05859375
0 0.455078125 0.95703125 0.0869140625 0.0859375
0 0.544921875 0.9365234375 0.0791015625 0.126953125
0 0.55291233984375 0.17288605859375 0.541382890625 0.03297311328125 0.49225740625 0.035646609375 0.5067945390625 0.17288605859375 0.55291233984375 0.17288605859375
0 0.620585201171875 0.191600529296875 0.599030142578125 0.027626123046875 0.55391490234375 0.042775931640625 0.57246227734375 0.19070936328125 0.620585201171875 0.191600529296875
0 0.738386109375 0.21387966015625 0.70079007421875 0.04366709765625 0.650662029296875 0.0704020546875 0.68174141796875 0.218335486328125 0.738386109375 0.21387966015625
0 0.6100583125 0.50083487109375 0.578978923828125 0.2700230703125 0.521331671875 0.279825888671875 0.549403376953125 0.50439953125 0.6100583125 0.50083487109375
0 0.611328125 0.9345703125 0.068359375 0.130859375
1 0.17494687890625 0.131001291015625 0.17995968359375 0.016040974609375 0.109279138671875 0.009802818359375 0.09825096875 0.124763134765625 0.17494687890625 0.131001291015625
1 0.383980828125 0.15417158984375 0.37646162109375 0.05525224609375 0.314804125 0.042775931640625 0.318313087890625 0.147933431640625 0.383980828125 0.15417158984375
1 0.3193156484375 0.490140888671875 0.316307966796875 0.3457721171875 0.23810821484375 0.338642794921875 0.2356018125 0.498161375 0.3193156484375 0.490140888671875
1 0.50465445703125 0.17137793359375 0.494050447265625 0.0694080625 0.438620396484375 0.063409833984375 0.446332404296875 0.1602383671875 0.50465445703125 0.17137793359375
1 0.53935848828125 0.483285771484375 0.524416474609375 0.356466099609375 0.4583824140625 0.347040314453125 0.47091442578125 0.482428880859375 0.53935848828125 0.483285771484375
1 0.66949860546875 0.4815719921875 0.645398583984375 0.361607439453125 0.59141453515625 0.362464328125 0.606356548828125 0.4815719921875 0.66949860546875 0.4815719921875
1 0.72830266015625 0.4815719921875 0.70275663671875 0.36332121875 0.645880583984375 0.360750548828125 0.66998060546875 0.4807151015625 0.72830266015625 0.4815719921875
1 0.671908609375 0.191086396484375 0.649736587890625 0.085688966796875 0.606838548828125 0.083118296875 0.6208165625 0.182517498046875 0.671908609375 0.191086396484375
1 0.769754697265625 0.2013690703125 0.74613667578125 0.103683650390625 0.714806646484375 0.098542310546875 0.731194662109375 0.19537084375 0.769754697265625 0.2013690703125
1 0.817472740234375 0.20651041015625 0.78999871484375 0.11139565625 0.74758267578125 0.103683650390625 0.770236697265625 0.20479662890625 0.817472740234375 0.20651041015625
1 0.787588712890625 0.48499955078125 0.7586686875 0.365034998046875 0.705648638671875 0.360750548828125 0.730712662109375 0.48414266015625 0.787588712890625 0.48499955078125
1 0.84060876171875 0.483285771484375 0.811206734375 0.36589188671875 0.761078689453125 0.365034998046875 0.788070712890625 0.48499955078125 0.84060876171875 0.483285771484375
1 0.89362880859375 0.48414266015625 0.860370779296875 0.36589188671875 0.811688734375 0.3684625546875 0.84253676171875 0.482428880859375 0.89362880859375 0.48414266015625
1 0.947612857421875 0.483285771484375 0.91001682421875 0.371033224609375 0.860852779296875 0.36589188671875 0.89362880859375 0.485856439453125 0.947612857421875 0.483285771484375
1 0.990992896484375 0.482428880859375 0.95387886328125 0.37189011328125 0.91049882421875 0.3693194453125 0.94520285546875 0.4815719921875 0.990992896484375 0.482428880859375
0 0.8714567890625 0.2227913125 0.84157276171875 0.07454940234375 0.79289071875 0.089973416015625 0.82904075 0.235644658203125 0.8714567890625 0.2227913125
0 0.91821083203125 0.221077533203125 0.89218280859375 0.102826759765625 0.84928476953125 0.10111298046875 0.87579479296875 0.22707576171875 0.91821083203125 0.221077533203125
0 0.964964873046875 0.233930876953125 0.93218884375 0.095971642578125 0.890736806640625 0.110538767578125 0.92833283984375 0.24678422265625 0.964964873046875 0.233930876953125
1 0.986654892578125 0.228789541015625 0.95291486328125 0.13538856640625 0.9403828515625 0.1328178984375 0.964000873046875 0.23307398828125 0.986654892578125 0.228789541015625
1 1 0.17052104296875 0.9914748984375 0.144814353515625 0.956288865234375 0.138816125 0.98810089453125 0.2305033203125 1 0.228789541015625 1 0.17052104296875
1 0.990992896484375 0.4815719921875 0.999668904296875 0.48414266015625 0.999668904296875 0.38645723828125 0.99581290234375 0.374460783203125 0.95436086328125 0.371033224609375 0.990992896484375 0.4815719921875
0 1 0.780626484375 0.96978487890625 0.795193607421875 1 0.904018595703125 1 0.780626484375