0 0.1486426328125 0.20183146484375 0.069054451171875 0.376613353515625 0.105922505859375 0.421349193359375 0.12816037890625 0.394299615234375 0.143375767578125 0.402622560546875 0.203652109375 0.268415041015625 0.1486426328125 0.20183146484375
0 0.145131388671875 0.6283825 0.173221333984375 0.40678403515625 0.10358167578125 0.402622560546875 0.071395279296875 0.635665078125 0.145131388671875 0.6283825
0 0 0.601332921875 0.0234082890625 0.616938447265625 0.10007043359375 0.44735840234375 0.04915740625 0.389097771484375 0 0.48585203125 0 0.601332921875
0 0.201171875 0.4716796875 0.076171875 0.2353515625
0 0.3447265625 0.46875 0.068359375 0.2373046875
0 0.43359375 0.4677734375 0.06640625 0.2490234375
0 0.8037109375 0.97265625 0.0859375 0.0546875
0 0.873046875 0.96875 0.060546875 0.0625
0 0.705078125 0.990234375 0.0546875 0.0185546875
0 0.4365234375 0.1455078125 0.0537109375 0.19140625
0 0.5 0.130859375 0.0576171875 0.2041015625
0 0.6279296875 0.12890625 0.0751953125 0.2060546875
0 0.5810546875 0.4326171875 0.078125 0.2685546875
0 0.6552734375 0.416015625 0.0810546875 0.2587890625
0 0.78359245703125 0.18206446484375 0.7619397890625 0.035372525390625 0.709271140625 0.0405743671875 0.729168185546875 0.193508517578125 0.78359245703125 0.18206446484375
0 0.8579137734375 0.17478188671875 0.829238619140625 0.018726630859375 0.780081212890625 0.03017068359375 0.802904294921875 0.19142778125 0.8579137734375 0.17478188671875
0 0.86201022265625 0.528507134765625 0.816364060546875 0.285060935546875 0.753746888671875 0.304827935546875 0.790614943359375 0.532668607421875 0.86201022265625 0.528507134765625
1 0.310745029296875 0.567000765625 0.3165971015625 0.41718771875 0.2504686875 0.421349193359375 0.231742056640625 0.572202607421875 0.310745029296875 0.567000765625
1 0.40671901171875 0.218477359375 0.4084746328125 0.110279048828125 0.348783498046875 0.1092386796875 0.340005390625 0.217436990234375 0.40671901171875 0.218477359375
1 0.548339158203125 0.5399511875 0.540146255859375 0.39742071875 0.46816576953125 0.39742071875 0.47050659765625 0.548274134765625 0.548339158203125 0.5399511875
1 0.599252185546875 0.202871833984375 0.590474076171875 0.094673521484375 0.53078294140625 0.093633154296875 0.538390634765625 0.216396623046875 0.599252185546875 0.202871833984375
1 0.726827357421875 0.189347044921875 0.709271140625 0.08426983984375 0.651920833984375 0.095713890625 0.666551013671875 0.192468150390625 0.726827357421875 0.189347044921875
1 0.780081212890625 0.518103451171875 0.7572581328125 0.375572982421875 0.68644805859375 0.37973445703125 0.70517469140625 0.528507134765625 0.780081212890625 0.518103451171875
1 0.932820294921875 0.49521534765625 0.90004869140625 0.364128931640625 0.83392027734375 0.37141151171875 0.8579137734375 0.503538294921875 0.932820294921875 0.49521534765625
1 1 0.476488716796875 0.969688349609375 0.3547656171875 0.90121910546875 0.3620481953125 0.9339907109375 0.498336453125 1 0.476488716796875
1 0.967347521484375 0.35892708984375 1 0.470246505859375 0.9989487109375 0.34852340625 0.967347521484375 0.35892708984375
0 0.996022673828125 0.176862623046875 0.94803568359375 0.0135247890625 0.891270583984375 0.038493630859375 0.94042798828125 0.196629623046875 0.996022673828125 0.176862623046875
1 0.918775322265625 0.164378205078125 0.8895149609375 0.0676239453125 0.839187140625 0.078027626953125 0.8602546015625 0.1779029921875 0.918775322265625 0.164378205078125
1 1 0.060341365234375 0.96266586328125 0.065543208984375 0.992511431640625 0.165418572265625 1 0.162297466796875 1 0.060341365234375