0 0.9908836082175926 0.6213107638888888 0.018232783564814836 0.28240740740740744
0 0.9184895833333333 0.6018156828703703 0.0952473958333333 0.2783203125
0 0.7481481481481481 0.5493344907407407 0.09765625 0.26974826388888884
0 0.672605613425926 0.5379050925925926 0.09650607638888875 0.26674623842592604
0 0.8880063657407407 0.25148292824074076 0.07764756944444429 0.22743055555555558
0 0.8136140046296296 0.24305555555555555 0.08143807870370368 0.22576678240740738
0 0.6805266203703704 0.2613932291666667 0.08419415509259265 0.22305410879629628
0 0.585622427734375 0.3268518515625 0.597869083984375 0.19224537109375 0.550088734375 0.17349537109375 0.537801568359375 0.320543982421875 0.585622427734375 0.3268518515625
0 0.521190201171875 0.3289930546875 0.5403440078125 0.1796875 0.48931584375 0.171759259765625 0.471806841796875 0.322569443359375 0.521190201171875 0.3289930546875
0 0.5544701640625 0.641203703125 0.573497298828125 0.4241319453125 0.51214827734375 0.412673611328125 0.491229423828125 0.62407407421875 0.5544701640625 0.641203703125
0 0.5042751736111111 0.994212962962963 0.047468171296296324 0.011574074074073959
1 1 0.273809958984375 0.992071115234375 0.2159143515625 0.919045138671875 0.217418982421875 0.929535751953125 0.3288194453125 1 0.33527258203125 1 0.273809958984375
1 0.880869341796875 0.688888888671875 0.8684439296875 0.531712962890625 0.789619984375 0.5272569453125 0.790449458984375 0.67251157421875 0.880869341796875 0.688888888671875
1 0.7776035234375 0.324479166015625 0.77595357421875 0.2178819453125 0.71666087890625 0.214872685546875 0.71189621875 0.318229166015625 0.7776035234375 0.324479166015625
1 0.64783371875 0.313483794921875 0.65050154296875 0.214120369140625 0.59708912109375 0.2184606484375 0.5912139921875 0.316203703125 0.64783371875 0.313483794921875
1 0.632717978515625 0.6359375 0.638961548828125 0.50503472265625 0.574816744140625 0.498900462890625 0.56174704296875 0.6196180546875 0.632717978515625 0.6359375
1 0.494725806640625 0.606680412109375 0.50555826171875 0.494339693359375 0.452986 0.48439963671875 0.43488545703125 0.597065666015625 0.494725806640625 0.606680412109375
1 0.43429467578125 0.595294529296875 0.45239521875 0.482628498046875 0.39900125 0.475218638671875 0.375045107421875 0.587450919921875 0.43429467578125 0.595294529296875
1 0.376226669921875 0.5909931953125 0.39841046875 0.473447498046875 0.348637890625 0.469760640625 0.321060357421875 0.578269921875 0.376226669921875 0.5909931953125
1 0.320572390625 0.578233775390625 0.346531802734375 0.467013572265625 0.297683751953125 0.462531509765625 0.266972791015625 0.567353931640625 0.320572390625 0.578233775390625
1 0.474704724609375 0.3098160859375 0.48366362890625 0.223247224609375 0.44488334765625 0.224693048828125 0.428219794921875 0.312418572265625 0.474704724609375 0.3098160859375
1 0.371127720703125 0.30818953125 0.385839408203125 0.220319423828125 0.3558425234375 0.222415873046875 0.332938220703125 0.311406494140625 0.371127720703125 0.30818953125
1 0.332784 0.3088040078125 0.352041607421875 0.22386169921875 0.312721953125 0.224403884765625 0.288533275390625 0.30811723828125 0.332784 0.3088040078125
1 0.26936121484375 0.5666671640625 0.295680478515625 0.461519431640625 0.251224125 0.4573626796875 0.2199737890625 0.561281458984375 0.26936121484375 0.5666671640625
1 0.218561296875 0.56204051953125 0.24878429296875 0.457181951171875 0.20661355078125 0.45060344140625 0.171408076171875 0.553365560546875 0.218561296875 0.56204051953125
0 0.41663832421875 0.338335013671875 0.44213426953125 0.202897216796875 0.3905118359375 0.184390634765625 0.36481106640625 0.33276858203125 0.41663832421875 0.338335013671875
0 0.2808294296875 0.325684033203125 0.30617195703125 0.204053875 0.25894122265625 0.185872607421875 0.2395318046875 0.3174428203125 0.2808294296875 0.325684033203125
0 0.2372461953125 0.319864578125 0.258274537109375 0.207415423828125 0.217182541015625 0.2026441953125 0.1987735546875 0.31010525 0.2372461953125 0.319864578125
0 0.190633150390625 0.328503392578125 0.220161748046875 0.20372856640625 0.17817052734375 0.1919812265625 0.15221191796875 0.319611560546875 0.190633150390625 0.328503392578125
0 0.012800384765625 0.216006478515625 0.017427029296875 0.294081111328125 0.051228166015625 0.30435808984375 0.091673154296875 0.2080298984375 0.0387916484375 0.176474736328125 0.012800384765625 0.216006478515625
1 0.154910591796875 0.309979642578125 0.17301552734375 0.226123822265625 0.16121173828125 0.22461837890625 0.13000798046875 0.303086296875 0.154910591796875 0.309979642578125
1 0.131978556640625 0.306387708984375 0.16017964453125 0.225173015625 0.12807144921875 0.22847442578125 0.098987931640625 0.300788515625 0.131978556640625 0.306387708984375
1 0.173407 0.55621201953125 0.205303611328125 0.44750318359375 0.16208565625 0.443039677734375 0.12977585546875 0.54477593359375 0.173407 0.55621201953125
1 0.129213001953125 0.547258595703125 0.16212321875 0.443673546875 0.123821873046875 0.43831205859375 0.087195880859375 0.539097509765625 0.129213001953125 0.547258595703125
1 0.085732109375 0.538357994140625 0.1225083515625 0.440108025390625 0.085558087890625 0.433584439453125 0.04735563671875 0.53172876171875 0.085732109375 0.538357994140625
1 0.048575544921875 0.534343478515625 0.084244568359375 0.43538040625 0.051610494140625 0.429807625 0.02963836328125 0.484346921875 0.031590240234375 0.53308530859375 0.048575544921875 0.534343478515625
0 0.048756400390625 0.822764244140625 0.053639552734375 0.905167443359375 0.0605292890625 0.91577520703125 0.102541716796875 0.82801051953125 0.065496666015625 0.801916171875 0.048756400390625 0.822764244140625
0 0.11763664453125 0.974910068359375 0.1519528203125 0.84113692578125 0.10518724609375 0.81874016015625 0.06174919921875 0.918389923828125 0.11763664453125 0.974910068359375