0 0.7670500578703703 0.3007595486111111 0.09313512731481488 0.3165364583333333
0 0.6674189814814815 0.30811631944444445 0.08705873842592604 0.2869791666666667
0 0.5727068865740741 0.31037326388888886 0.08549623842592591 0.33962673611111116
0 0.46807725694444446 0.3335720486111111 0.08061342592592591 0.3394097222222223
0 0.37453703703703706 0.30941840277777777 0.08804976851851853 0.2889756944444445
0 0.19173177083333334 0.34292534722222223 0.10672743055555556 0.30640190972222225
1 0.2963035300925926 0.3275390625 0.08478009259259256 0.24294704861111116
1 0.11902488425925925 0.4057074652777778 0.07137586805555557 0.14667968750000004
1 0.03501157407407407 0.41334635416666665 0.068359375 0.1348307291666666
1 0.9264105902777777 0.9282335069444444 0.07563657407407387 0.06291232638888888
1 0.8385561342592593 0.9272569444444445 0.07375578703703711 0.07259114583333348
1 0.7535951967592592 0.9310329861111111 0.0786458333333333 0.07378472222222232
1 0.6686414930555555 0.9338324652777777 0.07573061342592591 0.07560763888888888
1 0.587644675925926 0.9296223958333333 0.07583912037037033 0.09025607638888888
1 0.5056351273148147 0.9303385416666666 0.07588975694444455 0.09709201388888888
1 0.42260561342592595 0.9369574652777777 0.07291666666666674 0.09110243055555545
1 0.34359085648148147 0.9287543402777778 0.07308304398148147 0.11356336805555545
1 0.26250723379629626 0.9362630208333333 0.07788628472222214 0.10303819444444451
1 0.1844039351851852 0.9368055555555556 0.07110098379629631 0.10957031250000004
1 0.10917245370370371 0.9450303819444444 0.0720269097222222 0.10277777777777786
1 0.03405671296296296 0.9395833333333333 0.06811342592592592 0.10553385416666661