1 0.1465734140625 1 0.149007828125 0.831895443359375 0.04774569140625 0.8457824375 0.0391166328125 0.997512958984375 0.08686196875 1 0.1465734140625 1
0 0.1968315972222222 0.9129267939814815 0.09056712962962965 0.17414641203703707
0 0.2944878472222222 0.8882505063657408 0.09443721064814814 0.22349898726851847
0 0.4095413773148148 0.8848741319444444 0.08897569444444442 0.23025173611111116
0 0.5104166666666667 0.8941767939814815 0.08839699074074092 0.21164641203703694
0 0.6559545625 1 0.61279378125 0.768437912109375 0.54463625 0.778480828125 0.573095158203125 1 0.6559545625 1
0 0.15089699074074076 0.018127893518518515 0.05960648148148151 0.029079861111111112
0 0.3080512152777778 0.02083333333333333 0.05262586805555558 0.024971064814814814
0 0.5113570601851851 0.03173466435185185 0.05787037037037024 0.034881365740740744
0 0.6342954282407407 0.03245081018518518 0.0516854745370372 0.025918692129629634
1 0.09981912890625 0.36482949609375 0.108769642578125 0.2034585859375 0.026034681640625 0.2046258984375 0.013372662109375 0.361061880859375 0.09981912890625 0.36482949609375
1 0.191563306640625 0.368754083984375 0.193765994140625 0.2083894765625 0.11221064453125 0.204766779296875 0.10194634375 0.36730500390625 0.191563306640625 0.368754083984375
1 0.279097779296875 0.368935216796875 0.276045322265625 0.213239861328125 0.195803759765625 0.208449853515625 0.193422173828125 0.363984203125 0.279097779296875 0.368935216796875
1 0.3652737421875 0.3690761015625 0.35683196875 0.214427298828125 0.278083087890625 0.21330023828125 0.281680625 0.36539302734375 0.3652737421875 0.3690761015625
1 0.4461498359375 0.372678669921875 0.432542369140625 0.225114248046875 0.356966142578125 0.2180499921875 0.366087169921875 0.372718919921875 0.4461498359375 0.372678669921875
1 0.522136970703125 0.372517658203125 0.506625912109375 0.2285155546875 0.43331107421875 0.227549501953125 0.447374173828125 0.369096228515625 0.522136970703125 0.372517658203125
1 0.59527291015625 0.368653453125 0.576455025390625 0.22696584765625 0.508029146484375 0.22976337109375 0.521779173828125 0.362857140625 0.59527291015625 0.368653453125
1 0.667273962890625 0.370786818359375 0.644380544921875 0.228978455078125 0.575096513671875 0.226925595703125 0.59934844140625 0.3687742109375 0.667273962890625 0.370786818359375
1 0.73982009765625 0.36931761328125 0.710858107421875 0.228535681640625 0.64505980078125 0.22899858203125 0.667184513671875 0.3683716875 0.73982009765625 0.36931761328125
1 0.872006515625 0.365996810546875 0.84009549609375 0.237189896484375 0.792136724609375 0.24300633203125 0.81282186328125 0.361830712890625 0.872006515625 0.365996810546875
1 0.726260150390625 0.021518818359375 0.73304431640625 0.03981342578125 0.782674671875 0.0424901953125 0.77856280078125 0.02306852734375 0.726260150390625 0.021518818359375
0 0.802040431640625 0.272249529296875 0.77673468359375 0.156906962890625 0.734844482421875 0.16169696875 0.711375236328125 0.18753885546875 0.7489551015625 0.396125552734375 0.813573794921875 0.400452658203125 0.802040431640625 0.272249529296875
0 0.938196162109375 0.302821044921875 0.907062234375 0.1583560390625 0.8661280234375 0.15231821484375 0.84469654296875 0.17822048046875 0.883456017578125 0.382017171875 0.944812609375 0.38986633984375 0.938196162109375 0.302821044921875
0 0.786034609375 0.0232899140625 0.80525221875 0.08417130859375 0.859002830078125 0.0881763984375 0.850563853515625 0.025201892578125 0.786034609375 0.0232899140625
0 1 0.339673828125 0.98816474609375 0.259670728515625 0.95071346484375 0.1644743671875 0.933508462890625 0.157933390625 0.90624041796875 0.17280656640625 0.950970630859375 0.391255041015625 1 0.3830819921875 1 0.339673828125
0 0.88996065625 0.026369205078125 0.900445783203125 0.0713107421875 0.953928046875 0.068070443359375 0.94973511328125 0.028140298828125 0.88996065625 0.026369205078125
0 1 0.02962962890625 0.94769734765625 0.028079921875 0.9565025078125 0.08262159765625 1 0.094195505859375 1 0.02962962890625