1 0.05390625 0.27222222265625 0.07734375 0.17222222265625 0.0578125 0.1694444453125 0.0234375 0.2680555546875 0.05390625 0.27222222265625
1 0.0484375 0.55 0.0796875 0.42777777734375 0.05546875 0.429166666015625 0.0125 0.551388888671875 0.0484375 0.55
1 0.2 0.26527777734375 0.221875 0.1555555546875 0.1953125 0.1625 0.1671875 0.261111111328125 0.2 0.26527777734375
1 0.3140625 0.245833333984375 0.33046875 0.145833333984375 0.2984375 0.154166666015625 0.27109375 0.24722222265625 0.3140625 0.245833333984375
1 0.23671875 0.551388888671875 0.26328125 0.423611111328125 0.21796875 0.42777777734375 0.1859375 0.54722222265625 0.23671875 0.551388888671875
1 0.49296875 0.233333333984375 0.50859375 0.136111111328125 0.4578125 0.1430555546875 0.4421875 0.2375 0.49296875 0.233333333984375
1 0.38125 0.5555555546875 0.4015625 0.425 0.34140625 0.423611111328125 0.31484375 0.558333333984375 0.38125 0.5555555546875
1 0.4515625 0.5555555546875 0.46796875 0.425 0.40546875 0.42777777734375 0.384375 0.5569444453125 0.4515625 0.5555555546875
1 0.52578125 0.558333333984375 0.5359375 0.42222222265625 0.47265625 0.420833333984375 0.45625 0.5555555546875 0.52578125 0.558333333984375
1 0.6015625 0.55972222265625 0.60703125 0.4194444453125 0.54140625 0.4180555546875 0.5296875 0.55972222265625 0.6015625 0.55972222265625
1 0.684375 0.5625 0.68671875 0.42222222265625 0.61171875 0.423611111328125 0.60546875 0.561111111328125 0.684375 0.5625
1 0.62734375 0.22777777734375 0.63125 0.125 0.5734375 0.13472222265625 0.56171875 0.236111111328125 0.62734375 0.22777777734375
1 0.69375 0.223611111328125 0.69609375 0.111111111328125 0.6359375 0.120833333984375 0.6296875 0.2305555546875 0.69375 0.223611111328125
0 0.06875 0.1944444453125 0.05703125 0.29027777734375 0.1015625 0.2875 0.12890625 0.126388888671875 0.08984375 0.12222222265625 0.06875 0.1944444453125
0 0.11171875 0.2055555546875 0.10859375 0.275 0.15703125 0.273611111328125 0.19375 0.13472222265625 0.14453125 0.101388888671875 0.11171875 0.2055555546875
0 0.234375 0.10972222265625 0.2109375 0.179166666015625 0.203125 0.29027777734375 0.25859375 0.283333333984375 0.28984375 0.12777777734375 0.26640625 0.1055555546875 0.234375 0.10972222265625
0 0.0484375 0.4180555546875 0 0.373611111328125 0.0015625 0.55972222265625 0.0484375 0.4180555546875
0 0.0765625 0.4180555546875 0.0546875 0.55972222265625 0.10625 0.573611111328125 0.15234375 0.35972222265625 0.10546875 0.3569444453125 0.0765625 0.4180555546875
0 0.15390625 0.348611111328125 0.12265625 0.47777777734375 0.12109375 0.558333333984375 0.175 0.561111111328125 0.2125 0.363888888671875 0.18984375 0.351388888671875 0.15390625 0.348611111328125
0 0.25234375 0.4694444453125 0.24375 0.57777777734375 0.30703125 0.586111111328125 0.3390625 0.358333333984375 0.278125 0.358333333984375 0.25234375 0.4694444453125
0 0.3265625 0.161111111328125 0.31875 0.245833333984375 0.36328125 0.25 0.39140625 0.11527777734375 0.33984375 0.095833333984375 0.3265625 0.161111111328125
0 0.38828125 0.17777777734375 0.3828125 0.254166666015625 0.43203125 0.258333333984375 0.45546875 0.1069444453125 0.40546875 0.091666666015625 0.38828125 0.17777777734375
0 0.553125 0.258333333984375 0.56171875 0.083333333984375 0.5109375 0.0819444453125 0.496875 0.258333333984375 0.553125 0.258333333984375
0 0.4755859375 0.984375 0.0556640625 0.0302734375
0 0.76015625 0.2375 0.7578125 0.05 0.69921875 0.0680555546875 0.69921875 0.25 0.76015625 0.2375
0 0.8359375 0.22222222265625 0.8234375 0.076388888671875 0.7703125 0.075 0.77421875 0.238888888671875 0.8359375 0.22222222265625
0 0.91953125 0.2305555546875 0.88671875 0.05 0.840625 0.054166666015625 0.85 0.24722222265625 0.91953125 0.2305555546875
1 0.76484375 0.57222222265625 0.7625 0.41527777734375 0.690625 0.4180555546875 0.68984375 0.56527777734375 0.76484375 0.57222222265625
1 0.86015625 0.57222222265625 0.846875 0.4180555546875 0.7703125 0.416666666015625 0.775 0.5680555546875 0.86015625 0.57222222265625
1 0.95703125 0.576388888671875 0.928125 0.408333333984375 0.8515625 0.4069444453125 0.86640625 0.5819444453125 0.95703125 0.576388888671875
1 0.9953125 0.198611111328125 0.9765625 0.088888888671875 0.9046875 0.095833333984375 0.92265625 0.20277777734375 0.9953125 0.198611111328125
1 0.978125 0.083333333984375 0.99921875 0.20972222265625 1 0.07777777734375 0.978125 0.083333333984375
1 0.996875 0.573611111328125 0.99453125 0.404166666015625 0.93671875 0.4125 0.96015625 0.579166666015625 0.996875 0.573611111328125