1 0 0.2686225078125 0.008598578125 0.26945865625 0.02769687109375 0.098369048828125 0 0.0976105078125 0 0.2686225078125
1 0.105208666015625 0.262615046875 0.117600720703125 0.098369048828125 0.02975337109375 0.096367521484375 0.012729876953125 0.265181416015625 0.105208666015625 0.262615046875
1 0.200743166015625 0.257482373046875 0.207928283203125 0.0992245 0.121700486328125 0.096367521484375 0.110130416015625 0.26090417578125 0.200743166015625 0.257482373046875
1 0.28968547265625 0.257482373046875 0.291948841796875 0.10093538671875 0.21095885546875 0.10064102734375 0.20410853515625 0.257482373046875 0.28968547265625 0.257482373046875
1 0.3727199453125 0.252349697265625 0.368700865234375 0.10350173828125 0.2965090703125 0.0974358984375 0.2927656953125 0.26175961328125 0.3727199453125 0.252349697265625
1 0.377184841796875 0.250280185546875 0.45020472265625 0.251135619140625 0.44084012109375 0.10314311328125 0.370743400390625 0.10170940234375 0.377184841796875 0.250280185546875
1 0.523167607421875 0.252846521484375 0.512246623046875 0.10656491796875 0.4464645546875 0.10170940234375 0.45526509375 0.25455742578125 0.523167607421875 0.252846521484375
1 0.59514441015625 0.247713814453125 0.580206166015625 0.103998564453125 0.51601123828125 0.100576775390625 0.527380478515625 0.25455742578125 0.59514441015625 0.247713814453125
1 0.66281071875 0.242334580078125 0.644759748046875 0.1020411171875 0.581241193359375 0.102896568359375 0.595527546875 0.249178189453125 0.66281071875 0.242334580078125
1 0.725848509765625 0.24147914453125 0.704318109375 0.102896568359375 0.647114484375 0.102777779296875 0.663177419921875 0.244045482421875 0.725848509765625 0.24147914453125
1 0.72571461328125 0.24168461328125 0.78411580078125 0.238262810546875 0.76252837109375 0.100535685546875 0.70497468359375 0.105668376953125 0.72571461328125 0.24168461328125
1 0.88375969140625 0.748412373046875 0.85659006640625 0.579033685546875 0.7958813984375 0.58461538671875 0.8198014375 0.7774976171875 0.88375969140625 0.748412373046875
1 0.818220533203125 0.77236491015625 0.793886470703125 0.58929906640625 0.72803506640625 0.60170940234375 0.7523471796875 0.78690753125 0.818220533203125 0.77236491015625
1 0.735568087890625 0.699651833984375 0.724590716796875 0.604697123046875 0.6556659453125 0.614529916015625 0.666891658203125 0.72018259765625 0.735568087890625 0.699651833984375
1 0.66456619140625 0.720810181640625 0.65302646875 0.619867330078125 0.577674490234375 0.630555556640625 0.593852638671875 0.743051814453125 0.66456619140625 0.720810181640625
1 0.509450283203125 0.87687526953125 0.496817189453125 0.655314234375 0.413522958984375 0.66794871875 0.419025201171875 0.89911690234375 0.509450283203125 0.87687526953125
0 0.60280905859375 0.868320791015625 0.5797369921875 0.60142101953125 0.509170005859375 0.61425273828125 0.527768576171875 0.890562423828125 0.60280905859375 0.868320791015625
0 0.414695583984375 0.92259502734375 0.409746197265625 0.665105189453125 0.342854333984375 0.67329059765625 0.343248626953125 0.941414890625 0.414695583984375 0.92259502734375
0 0.31974619921875 0.95500865625 0.322488501953125 0.6470473984375 0.249927873046875 0.651923078125 0.239759458984375 0.972117615234375 0.31974619921875 0.95500865625
0 0.2059294921875 1 0.210978126953125 0.6718666015625 0.129829048828125 0.677564103515625 0.118910267578125 1 0.2059294921875 1
0 0.084294861328125 1 0.105780798828125 0.71376860546875 0.020008892578125 0.720299146484375 0 0.947279484375 0 1 0.084294861328125 1