0 0.812160236328125 0 0.80211594140625 0.20467505078125 0.89712979296875 0.212841646484375 0.90702067578125 0 0.812160236328125 0
0 0.6404947916666667 0.07257486979166666 0.10026041666666674 0.14514973958333333
0 0.534765625 0.07115885416666666 0.09101562500000004 0.14231770833333332
0 0.42604166666666665 0.06868489583333333 0.0903645833333333 0.13736979166666666
0 0.3021484375 0.07344835069444444 0.09550781249999996 0.14689670138888888
0 0.19244791666666666 0.07083875868055556 0.10260416666666666 0.14167751736111112
0 0.08971354166666666 0.08494466145833333 0.11197916666666666 0.16988932291666667
0 0.0263671875 0.087646484375 0.05266927083333334 0.17529296875
0 0.08216145833333333 0.96796875 0.03834635416666665 0.06401909722222232
0 0.15 0.9718098958333333 0.06770833333333331 0.05169270833333339
0 0.2828125 0.9512152777777778 0.07161458333333326 0.08107638888888902
0 0.255859375 0.7232204861111111 0.10332031249999996 0.2645616319444444
0 0.33196614583333334 0.7041666666666666 0.09537760416666663 0.2768663194444443
0 0.4249348958333333 0.9527343749999999 0.06269531250000004 0.06412760416666652
0 0.4907552083333333 0.9409939236111111 0.0678385416666667 0.08285590277777777
0 0.038575416015625 0.578631240234375 0.045621103515625 0.684316564453125 0.079366720703125 0.850762380859375 0.146340791015625 0.8216302890625 0.10516469140625 0.575671716796875 0.038575416015625 0.578631240234375
0 0.4934895833333333 0.6881727430555555 0.09264322916666667 0.2650607638888889
0 0.58203125 0.6793402777777777 0.09166666666666679 0.2504123263888891
0 0.7109375 0.7029947916666667 0.0903645833333333 0.23088107638888888
0 0.7654559375 0.9492699609375 0.839315384765625 0.80470129296875 0.80766451953125 0.752455078125 0.78923494921875 0.77026426171875 0.76955717578125 0.769350396484375 0.722144033203125 0.880551921875 0.7654559375 0.9492699609375
0 0.805877658203125 0.77846673828125 0.822145162109375 0.562237837890625 0.75290332421875 0.557267314453125 0.743114587890625 0.749958669921875 0.805877658203125 0.77846673828125
0 0.853290802734375 0.787984287109375 0.929360609375 0.638846302734375 0.876776337890625 0.55176184765625 0.80764966015625 0.72205241796875 0.853290802734375 0.787984287109375
0 1 0.320994912109375 0.907702798828125 0.5101476484375 0.9690765 0.593264599609375 1 0.526880353515625 1 0.320994912109375
1 0.697484484375 0 0.693089875 0.165576720703125 0.789353826171875 0.168452044921875 0.8013624453125 0 0.697484484375 0
1 0.67080425 0.744230310546875 0.680173203125 0.59805680859375 0.609545708984375 0.59493630078125 0.607257337890625 0.741689326171875 0.67080425 0.744230310546875
1 0.586661986328125 0.975994880859375 0.588824052734375 0.932976455078125 0.52212319921875 0.9359409375 0.52096415234375 0.97891478515625 0.586661986328125 0.975994880859375
1 0.388123392578125 0.98571303515625 0.384207900390625 0.942070505859375 0.316801216796875 0.94953743359375 0.3214225390625 0.988677517578125 0.388123392578125 0.98571303515625
1 0.454883685546875 0.74220198046875 0.449972599609375 0.593086287109375 0.371116626953125 0.59480256640625 0.380336982421875 0.7481978125 0.454883685546875 0.74220198046875
1 0.221384259765625 0.74810865625 0.201427869140625 0.599661642578125 0.11906132421875 0.601533947265625 0.143208109375 0.7524773671875 0.221384259765625 0.74810865625
1 0.2522141328125 0.9917534453125 0.243903923828125 0.95009466796875 0.171864775390625 0.955979052734375 0.179495158203125 0.994985400390625 0.2522141328125 0.9917534453125