0 0.9311294375 0.8096643515625 0.95390946484375 0.859259259765625 0.960134548828125 0.7203993046875 0.9311294375 0.8096643515625
0 0.87019515234375 0.8565393515625 0.924991962890625 0.702372685546875 0.87148839453125 0.66235532421875 0.81499485546875 0.830439814453125 0.87019515234375 0.8565393515625
0 0.7523775078125 0.8721643515625 0.793502443359375 0.71840277734375 0.737221900390625 0.71313657421875 0.70685281640625 0.84751157421875 0.7523775078125 0.8721643515625
0 0.6852647578125 0.868952546875 0.7243602109375 0.697916666015625 0.6686961484375 0.69956597265625 0.63750321484375 0.868634259765625 0.6852647578125 0.868952546875
0 0.522088798828125 0.875520833984375 0.57082690234375 0.875810185546875 0.59997669140625 0.70853587890625 0.536680169921875 0.7069444453125 0.522088798828125 0.875520833984375
0 0.37844408984375 0.88151041796875 0.40074427734375 0.733506943359375 0.344733796875 0.723032408203125 0.33352221484375 0.882841435546875 0.37844408984375 0.88151041796875
0 0.274241255859375 0.728587962890625 0.276805234375 0.8671875 0.329539609375 0.865625 0.333991609375 0.7233506953125 0.274241255859375 0.728587962890625
0 0.261963091796875 0.890162037109375 0.260749421875 0.725520833984375 0.196296296875 0.7274305546875 0.199193029296875 0.89722222265625 0.261963091796875 0.890162037109375
0 0.845162197265625 0.605931712890625 0.894604392578125 0.366984955078125 0.812573142578125 0.369415509765625 0.767667341796875 0.59609375 0.845162197265625 0.605931712890625
0 0.914345421875 0.569212962890625 0.964919302734375 0.60931712890625 0.980015431640625 0.355787037109375 0.914345421875 0.569212962890625
1 0.890910333984375 0.814322916015625 0.92038725 0.809982638671875 0.962731482421875 0.68912037109375 0.92296248046875 0.68509837890625 0.890910333984375 0.814322916015625
1 0.76911008203125 0.81273148046875 0.816691583984375 0.816521990234375 0.8529963984375 0.699305556640625 0.7978724609375 0.690538193359375 0.76911008203125 0.81273148046875
1 0.57991335546875 0.832204861328125 0.63753054296875 0.830497685546875 0.6655100625 0.68579282421875 0.603460166015625 0.678964119140625 0.57991335546875 0.832204861328125
1 0.45073704296875 0.841232638671875 0.517939814453125 0.842708333984375 0.53260754296875 0.69146412109375 0.467087833984375 0.695138890625 0.45073704296875 0.841232638671875
1 0.38726048046875 0.84311342578125 0.450557001953125 0.844704861328125 0.466021251953125 0.69690393359375 0.4011316875 0.68842592578125 0.38726048046875 0.84311342578125
1 0.137426857421875 0.8661168984375 0.203036587890625 0.860706017578125 0.195846193359375 0.736111109375 0.12535365234375 0.741666666015625 0.137426857421875 0.8661168984375
1 0.069773984375 0.873321759765625 0.13556375390625 0.86443865625 0.125263630859375 0.74340277734375 0.0576107578125 0.750607638671875 0.069773984375 0.873321759765625
1 0 0.83630528125 0.00886702734375 0.88206018359375 0.069503921875 0.87853009375 0.05477108984375 0.748958333984375 0 0.7505811796875 0 0.83630528125
1 0 0.4033880859375 0.032509484375 0.595341435546875 0.115967400390625 0.584201388671875 0.090893455078125 0.390798611328125 0 0.39691780078125 0 0.4033880859375
1 0.114990837890625 0.58423032421875 0.192229294921875 0.58020833203125 0.17604809765625 0.365740740234375 0.088503890625 0.38046875 0.114990837890625 0.58423032421875
1 0.186279900390625 0.5821180546875 0.26919769140625 0.58139467578125 0.2640287421875 0.361400462890625 0.175958076171875 0.3674768515625 0.186279900390625 0.5821180546875
1 0.266087962890625 0.584953703125 0.344483025390625 0.5774305546875 0.348463220703125 0.350231482421875 0.263502283203125 0.35274884375 0.266087962890625 0.584953703125
1 0.339420171875 0.581047453125 0.417455150390625 0.58046875 0.431200970703125 0.35298032421875 0.346240033203125 0.355497685546875 0.339420171875 0.581047453125
1 0.414615484375 0.578819443359375 0.49353700390625 0.579947916015625 0.51198559765625 0.355787037109375 0.4290678046875 0.356510416015625 0.414615484375 0.578819443359375
1 0.486791087890625 0.5784143515625 0.557720068359375 0.583246529296875 0.5909071171875 0.356915509765625 0.5069227421875 0.359403935546875 0.486791087890625 0.5784143515625
1 0.557810087890625 0.58151041796875 0.631052275390625 0.579340279296875 0.668401974609375 0.36675347265625 0.59179366015625 0.358622685546875 0.557810087890625 0.58151041796875
1 0.628122587890625 0.579427083984375 0.69718846484375 0.582581017578125 0.7388808515625 0.380266203125 0.666628890625 0.363339119140625 0.628122587890625 0.579427083984375
1 0.69888519140625 0.568663193359375 0.767861046875 0.573553240234375 0.81904899609375 0.37615740625 0.73703141015625 0.359519677734375 0.69888519140625 0.568663193359375