0 0.371875 0.966066261574074 0.08260995370370372 0.0512008101851853
0 0.4774956597222222 0.965870949074074 0.07449363425925926 0.04510995370370363
0 0.5861472800925926 0.9675419560185186 0.07203414351851833 0.035286458333333215
0 0.707761863425926 0.9551359953703704 0.07099247685185173 0.0528067129629628
0 0.8122034143518518 0.9510633680555556 0.08085937499999996 0.05504918981481488
0 0.9153139467592593 0.940183738425926 0.08747829861111112 0.06987123842592591
0 0.9794795283564814 0.9328993055555556 0.04104094328703711 0.07923177083333344
0 0.03600823046875 0.6944444453125 0.10105819921875 0.56931216796875 0.051888595703125 0.483333333984375 0.0254115234375 0.490079365234375 0.03600823046875 0.6944444453125
0 0.127401162109375 0.516865078125 0.212612068359375 0.34940476171875 0.153516314453125 0.28756613671875 0.08118386328125 0.444708994140625 0.127401162109375 0.516865078125
0 0.243500146484375 0.12592592578125 0.175014697265625 0.271031748046875 0.20893959375 0.321693123046875 0.2476778359375 0.292724869140625 0.2991448046875 0.185879630859375 0.243500146484375 0.12592592578125
0 0.256366658203125 0.524966931640625 0.27640266796875 0.307771162109375 0.20780790625 0.299867724609375 0.1831018515625 0.513227513671875 0.256366658203125 0.524966931640625
0 0.3288956875 0.500958994140625 0.34395300390625 0.2739748671875 0.28457984375 0.24990079296875 0.263649140625 0.492956349609375 0.3288956875 0.500958994140625
0 0.414779908203125 0.28181216796875 0.408445400390625 0.5045634921875 0.474396494140625 0.504596560546875 0.4769868828125 0.29586640234375 0.41244488671875 0.2798941796875 0.414779908203125 0.28181216796875
0 0.56854240234375 0.487896826171875 0.558753123046875 0.277546294921875 0.4992926953125 0.273346560546875 0.501079328125 0.501818783203125 0.56854240234375 0.487896826171875
0 0.72592408984375 0.50509259375 0.70746803515625 0.23538359765625 0.636245224609375 0.24146825390625 0.656624779296875 0.50515873046875 0.72592408984375 0.50509259375
0 0.804342115234375 0.486871693359375 0.77381503515625 0.221494708984375 0.709597294921875 0.233333333984375 0.730784279296875 0.491038359375 0.804342115234375 0.486871693359375
0 0.9795809453125 0.503538359375 0.9345449375 0.23859126953125 0.855921150390625 0.2528439140625 0.905215681640625 0.5136904765625 0.9795809453125 0.503538359375
0 0.116110009765625 0.902711640625 0.091927541015625 0.996825396484375 0.194708994140625 0.9957671953125 0.206100271484375 0.892096560546875 0.130088919921875 0.87050264453125 0.116110009765625 0.902711640625
0 0.5002003984375 0 0.501446759765625 0.163988095703125 0.559482474609375 0.16226851953125 0.55512848828125 0 0.5002003984375 0
0 0.5608135625 0 0.566076021484375 0.160085978515625 0.62948633203125 0.154232802734375 0.614488599609375 0 0.5608135625 0
0 0.690913025390625 0 0.700621876953125 0.16802248828125 0.768702232421875 0.16600529296875 0.746278509765625 0 0.690913025390625 0
0 0.815578373046875 0 0.84001230859375 0.140046296875 0.886871693359375 0.11679894140625 0.869818181640625 0 0.815578373046875 0
0 0.888829103515625 0 0.911646640625 0.1418981484375 0.968154763671875 0.132275130859375 0.951153220703125 0 0.888829103515625 0
1 0.500417953125 0.14414682421875 0.5011473046875 0.028869046875 0.4411880859375 0.03660714453125 0.435994451171875 0.152017197265625 0.500417953125 0.14414682421875
1 0.696553498046875 0.1542328046875 0.684183017578125 0.023445765625 0.6237093984375 0.021263228515625 0.63649140234375 0.1599867734375 0.696553498046875 0.1542328046875
1 0.831788287109375 0.13234126953125 0.812325470703125 0.01567460546875 0.7549070390625 0.02929894140625 0.769494048828125 0.138161375 0.831788287109375 0.13234126953125
1 1 0.017699009765625 0.94848618359375 0.011640212890625 0.971194333984375 0.126223544921875 1 0.126919919921875 1 0.017699009765625
1 0.405493091796875 0.490740740234375 0.408819259765625 0.3177579375 0.356363904296875 0.319312169921875 0.3397477578125 0.49467592578125 0.405493091796875 0.490740740234375
1 0.6397652109375 0.481812169921875 0.630505951171875 0.303240740234375 0.567610046875 0.319014548828125 0.572903806640625 0.485780423828125 0.6397652109375 0.481812169921875
1 0.890264 0.462466931640625 0.8550420703125 0.30056216796875 0.787167474609375 0.306547619140625 0.808996544921875 0.46884920703125 0.890264 0.462466931640625
1 1 0.320567013671875 0.95012951953125 0.32357804296875 0.977641828125 0.487698412109375 1 0.487035947265625 1 0.320567013671875
1 0.311896494140625 0.99229497265625 0.3137731484375 0.92070105859375 0.212519291015625 0.92966269921875 0.209217921875 0.99533730078125 0.311896494140625 0.99229497265625