1 0.4727864583333333 0.0022460937500000007 0.08424479166666665 0.004492187500000001
1 0.3900390625 0.008919270833333333 0.08476562499999996 0.017838541666666666
1 0.306640625 0.019303385416666666 0.08658854166666663 0.03860677083333333
1 0.22421875000000002 0.028076171875 0.08118489583333333 0.05615234375
1 0.14205729166666667 0.028938802083333333 0.08580729166666667 0.057877604166666666
1 0.06100260416666667 0.033610026041666664 0.0873046875 0.06722005208333333
1 0.30546875 0.5946614583333334 0.12141927083333337 0.2608723958333332
0 0.1990234375 0.6017578125 0.10774739583333337 0.2891276041666666
0 0.3890625 0.5979166666666667 0.09492187500000004 0.27174479166666665
0 0.47884114583333337 0.5615234375 0.09479166666666661 0.328125
0 0.5848958333333334 0.56328125 0.0951822916666667 0.333984375
0 0.6794270833333333 0.5540364583333333 0.10624999999999996 0.2958333333333334
0 0.7729817708333333 0.5448567708333334 0.12044270833333348 0.3191406250000002
1 0.15467592578125 0.611188271484375 0.16115740625 0.464274693359375 0.076296296875 0.49922839453125 0.076990740234375 0.614274693359375 0.15467592578125 0.611188271484375
1 0.041666666015625 0.625 0.07523148046875 0.622762345703125 0.072546296875 0.4952932109375 0.033333333984375 0.5 0.041666666015625 0.625