0 0.181640625 0.6806640625 0.126953125 0.3173828125
0 0.3857421875 0.7236328125 0.0810546875 0.267578125
0 0.484375 0.7568359375 0.0830078125 0.3076171875
0 0.591796875 0.7724609375 0.0908203125 0.3154296875
0 0.712890625 0.7880859375 0.1044921875 0.3369140625
0 0.8212890625 0.7607421875 0.0888671875 0.271484375
0 0.923828125 0.7841796875 0.111328125 0.373046875
0 0.98046875 0.7861328125 0.0390625 0.365234375
0 0.0732421875 0.2861328125 0.134765625 0.26953125
0 0.1953125 0.08203125 0.1015625 0.1640625
0 0.2734375 0.0966796875 0.078125 0.1923828125
0 0.34375 0.0830078125 0.0703125 0.166015625
0 0.482421875 0.1015625 0.0693359375 0.2021484375
0 0.5751953125 0.099609375 0.068359375 0.19921875
0 0.7412109375 0.09765625 0.076171875 0.1943359375
0 0.8251953125 0.1025390625 0.0810546875 0.2041015625
0 0.9755859375 0.1044921875 0.048828125 0.2080078125
1 0.4228515625 0.095703125 0.0546875 0.1904296875
1 0.6552734375 0.09765625 0.072265625 0.1953125
1 0.90234375 0.099609375 0.07421875 0.19921875
1 0.2841796875 0.7060546875 0.0673828125 0.2734375