0 0.26969762731481484 0.3909866898148148 0.11485821759259252 0.32678674768518523
0 0.3656322337962963 0.3984375 0.10714699074074074 0.2953197337962963
0 0.46501012731481484 0.3982204861111111 0.10096932870370368 0.3555049189814815
0 0.5664641203703704 0.4165943287037037 0.0914134837962961 0.30935329861111116
0 0.6597439236111111 0.39568865740740744 0.0903645833333333 0.27520978009259256
0 0.8419632523148148 0.41218171296296297 0.11898148148148158 0.29770688657407407
1 0.7402850115740741 0.4064670138888889 0.11747685185185186 0.27231626157407407
1 0.14094328703703704 0.9948640046296297 0.08663194444444444 0.0102719907407407
1 0.22635995370370368 0.9876573350694444 0.0886501736111111 0.02468532986111116
1 0.31516927083333335 0.9905598958333333 0.08433883101851847 0.01888020833333348
1 0.40013020833333335 0.9921332465277778 0.08433883101851847 0.01573350694444442
1 0.4833622685185185 0.9809751157407407 0.08779658564814818 0.0380497685185186
1 0.5654513888888889 0.9834526909722222 0.08963396990740735 0.03309461805555558
1 0.6489149305555555 0.9740306712962963 0.09021990740740726 0.05193865740740744
1 0.731177662037037 0.9794831452546297 0.08682725694444438 0.0410337094907407
1 0.8140118634259259 0.9781177662037037 0.08424479166666665 0.04376446759259256
1 0.8942057291666667 0.9825394241898149 0.08280526620370354 0.03492115162037024
1 0.9634928385416667 0.9753870081018519 0.07301432291666665 0.04922598379629628
1 0.88704069140625 0.4109895234375 0.881423408203125 0.550058451171875 0.962117853515625 0.52810200390625 0.962025259765625 0.40960920703125 0.88704069140625 0.4109895234375
1 1 0.410597185546875 0.966778345703125 0.411864005859375 0.96802834375 0.530399671875 1 0.52831372265625 1 0.410597185546875