0 0.4637369791666667 0.9793258101851852 0.07152777777777775 0.04134837962962967
0 0.3697265625 0.9897135416666667 0.06319444444444444 0.020572916666666607
0 0.27335069444444443 0.974486400462963 0.08040364583333337 0.05102719907407405
0 0.15132378472222224 0.9709906684027778 0.07753906249999998 0.058018663194444375
0 0.073893228515625 0.0021894296875 0.049047818359375 0.167457560546875 0.118777595703125 0.18110532421875 0.138997396484375 0.00411844140625 0.073893228515625 0.0021894296875
0 0.199222767578125 0.176732896484375 0.21204668359375 0.014969134765625 0.155623072265625 0.01329732421875 0.139801150390625 0.163390560546875 0.199222767578125 0.176732896484375
0 0.276397998046875 0.197357251953125 0.2762586796875 0.00818544140625 0.225781517578125 0.007654962890625 0.222315994140625 0.188033693359375 0.276397998046875 0.197357251953125
1 0 0.130294068359375 0.05255353125 0.131851208984375 0.071358720703125 0.018521734375 0.0020643125 0.009712576171875 0 0.059883900390625 0 0.130294068359375
1 0 0.507678859375 0.091352130859375 0.511336162109375 0.11057929296875 0.3545878359375 0.027742947265625 0.344412294921875 0 0.499783009765625 0 0.507678859375
1 0 0.48928191015625 0.023945205078125 0.344299767578125 0 0.3413436484375 0 0.48928191015625
1 0.185560271484375 0.52281378515625 0.197670181640625 0.36875 0.1153978046875 0.357626029296875 0.09395763671875 0.516239068359375 0.185560271484375 0.52281378515625
1 0.274428796875 0.530272634765625 0.27937858984375 0.38082240234375 0.1998403203125 0.368814298828125 0.188794046875 0.5238747421875 0.274428796875 0.530272634765625
1 0.348141181640625 0.19369212890625 0.3473722578125 0.081712962890625 0.283610361328125 0.06824202734375 0.279103974609375 0.1733088984375 0.348141181640625 0.19369212890625
1 0.355202169921875 0.535561341796875 0.35509768359375 0.393682482421875 0.281006193359375 0.380870626953125 0.273907697265625 0.529292052734375 0.355202169921875 0.535561341796875
1 0.434847609375 0.5427469140625 0.428732369140625 0.4026202421875 0.357788923828125 0.3947273671875 0.358935615234375 0.53856738671875 0.434847609375 0.5427469140625
1 0.50704759375 0.542955890625 0.498505015625 0.414338990234375 0.43253011328125 0.402732767578125 0.438252849609375 0.5360918203125 0.50704759375 0.542955890625
1 0.577948173828125 0.55277777734375 0.562959478515625 0.421074458984375 0.4991118515625 0.411461548828125 0.508568029296875 0.54782664453125 0.577948173828125 0.55277777734375
1 0.646785783203125 0.5577128359375 0.626328875 0.42777777734375 0.56510818359375 0.422103267578125 0.5806394140625 0.553822658203125 0.646785783203125 0.5577128359375
1 0.414073216796875 0.2072273671875 0.41004908203125 0.09515175 0.350084931640625 0.081793337890625 0.349247685546875 0.1927597734375 0.414073216796875 0.2072273671875
1 0.53625739453125 0.230150462890625 0.525008841796875 0.125581919921875 0.472704474609375 0.109555041015625 0.48059065234375 0.218849666015625 0.53625739453125 0.230150462890625
0 0.478712544921875 0.254504244140625 0.471192076171875 0.0554623203125 0.41626746875 0.059625771484375 0.418791259765625 0.2392168203125 0.478712544921875 0.254504244140625
0 0.595964345703125 0.255082947265625 0.579227484375 0.0798964765625 0.53133439453125 0.085233412109375 0.546743720703125 0.246868568359375 0.595964345703125 0.255082947265625
0 0.65963380859375 0.2482831796875 0.646073119140625 0.1011799140625 0.612435966796875 0.1001832578125 0.596880625 0.1161297578125 0.61084855078125 0.24490740625 0.65963380859375 0.2482831796875
0 0.71042041796875 0.50362011328125 0.691891181640625 0.3602301953125 0.653870884765625 0.361033951171875 0.63063432421875 0.38061342578125 0.65323859765625 0.584927984375 0.710640109375 0.591454474609375 0.71042041796875 0.50362011328125
0 0.8325268984375 0.48117926953125 0.810577685546875 0.3695376796875 0.77585546484375 0.368508873046875 0.755288708984375 0.390097736328125 0.7822265625 0.570412166015625 0.833617326171875 0.57869084375 0.8325268984375 0.48117926953125
0 0.88777970703125 0.486676955078125 0.8575853046875 0.37961676953125 0.8135542578125 0.3821727109375 0.84297571484375 0.5973058125 0.88080311328125 0.605182615234375 0.897115322265625 0.579607125 0.88777970703125 0.486676955078125
0 0.951396927734375 0.604378859375 0.98709705078125 0.610262345703125 0.989326130859375 0.509953703125 0.968468685546875 0.4224729921875 0.93309676171875 0.42625064453125 0.9124442734375 0.45169753125 0.951396927734375 0.604378859375
0 0.979111744140625 0.456568287109375 0.989540466796875 0.500308640625 0.990890775390625 0.439544751953125 0.979111744140625 0.456568287109375
0 0.903810603515625 0.229459232421875 0.884716060546875 0.16036844140625 0.883652423828125 0.15937178515625 0.8636215078125 0.156847994140625 0.848587267578125 0.173775076171875 0.867787638671875 0.311394033203125 0.909412775390625 0.319383359375 0.903810603515625 0.229459232421875
0 0.856453349609375 0.210683513671875 0.836880572265625 0.138683126953125 0.80248655078125 0.147315458984375 0.786302939453125 0.16710391015625 0.81708944140625 0.29637988671875 0.859842517578125 0.3024723515625 0.856453349609375 0.210683513671875
0 0.76274487890625 0.201150978515625 0.745578005859375 0.11860532421875 0.709620681640625 0.12429591015625 0.692373435546875 0.143087705078125 0.7198899921875 0.29736046875 0.772537294921875 0.297955248046875 0.76274487890625 0.201150978515625
1 0.941658091796875 0.30972222265625 0.916110736328125 0.21341628125 0.899941861328125 0.20811149609375 0.9145527890625 0.307953958984375 0.941658091796875 0.30972222265625
1 0.806645984375 0.277732767578125 0.782661931640625 0.1843685703125 0.75835503515625 0.17882266015625 0.77359423046875 0.274823173828125 0.806645984375 0.277732767578125
1 0.702886552734375 0.25632073046875 0.6822220078125 0.16015946484375 0.650255326171875 0.157282021484375 0.663866919921875 0.253234310546875 0.702886552734375 0.25632073046875
1 0.9419099375 0.59155092578125 0.90454871875 0.46497556640625 0.87946351953125 0.4700231484375 0.90614551171875 0.58856095703125 0.9419099375 0.59155092578125
1 0.76804966015625 0.548759001953125 0.74540787890625 0.443852880859375 0.704696341796875 0.443611755859375 0.717572498046875 0.5482285234375 0.76804966015625 0.548759001953125