0 0.7526692708333333 0.4276982060185185 0.10709635416666674 0.3091724537037037
0 0.6524739583333334 0.4143880208333333 0.10000000000000009 0.29018373842592593
0 0.5502604166666667 0.41663049768518523 0.11634114583333321 0.3458116319444444
0 0.4490234375 0.4189453125 0.10182291666666665 0.332103587962963
0 0.35807291666666663 0.3994502314814815 0.1050130208333333 0.2779224537037037
0 0.17526041666666664 0.40357349537037035 0.12851562500000002 0.30978732638888884
1 0.317777779296875 0.5197273671875 0.329259259765625 0.277717763671875 0.235370369140625 0.272856654296875 0.23125 0.50913065625 0.317777779296875 0.5197273671875
1 0.13740740625 0.521021947265625 0.1344444453125 0.390997943359375 0.052546294921875 0.380744169921875 0.052731482421875 0.500094306640625 0.13740740625 0.521021947265625
1 0 0.494454869140625 0.05115740625 0.50625857421875 0.05356481640625 0.382913236328125 0 0.380367857421875 0 0.494454869140625
1 0.087687390625 1 0.083287037109375 0.93155006640625 0.010509259765625 0.9240655 0.013000376953125 1 0.087687390625 1
1 0.163022517578125 1 0.16115740625 0.949879970703125 0.08416666796875 0.93580246875 0.085819708984375 1 0.163022517578125 1
1 0.244197447265625 1 0.24537037109375 0.960305212890625 0.1668055546875 0.9523919765625 0.1661936953125 1 0.244197447265625 1
1 0.32648386328125 1 0.326111111328125 0.970473251953125 0.244953705078125 0.966555212890625 0.246835826171875 1 0.32648386328125 1
1 0.40716362109375 1 0.407546294921875 0.970224623046875 0.326111111328125 0.970473251953125 0.324142662109375 1 0.40716362109375 1
1 0.44954427083333337 0.994068287037037 0.08710937500000004 0.011863425925926041