1 0.039964314453125 0.265813078125 0.063946759765625 0.168576388671875 0.04491223046875 0.172149884765625 0.003351658203125 0.27055844921875 0.039964314453125 0.265813078125
1 0.1811294375 0.2483362265625 0.211434220703125 0.143764466796875 0.184090470703125 0.145587384765625 0.1473524296875 0.249435763671875 0.1811294375 0.2483362265625
1 0 0.553276232421875 0.01317033203125 0.551056134765625 0.052830826171875 0.422815392578125 0.02215470703125 0.426012732421875 0 0.4802269296875 0 0.553276232421875
1 0.200593171875 0.539713541015625 0.232518326171875 0.4108362265625 0.189626736328125 0.412543404296875 0.146325232421875 0.546788193359375 0.200593171875 0.539713541015625
1 0.29744405859375 0.224450232421875 0.319627701171875 0.125028935546875 0.284239970703125 0.130844908203125 0.253096064453125 0.22855902734375 0.29744405859375 0.224450232421875
1 0.343171296875 0.53020833203125 0.373066166015625 0.402618634765625 0.31225405078125 0.400911458984375 0.276765046875 0.534635416015625 0.343171296875 0.53020833203125
1 0.4126012734375 0.52903645703125 0.441005978515625 0.3946325234375 0.375019291015625 0.40248842578125 0.346117861328125 0.53462094921875 0.4126012734375 0.52903645703125
0 0.0763792421875 0.118200232421875 0.05263792578125 0.192375580078125 0.038387345703125 0.279745369140625 0.078862845703125 0.285112845703125 0.122979359375 0.12892071875 0.0763792421875 0.118200232421875
0 0.182026427734375 0.137659142578125 0.162702544921875 0.10668402734375 0.1314187890625 0.09955150390625 0.101586611328125 0.17758969921875 0.089289158203125 0.26482928125 0.139993248046875 0.2626012734375 0.182026427734375 0.137659142578125
0 0.077951388671875 0.34739583203125 0.03627025390625 0.457335068359375 0.012432484375 0.57184606640625 0.06723090234375 0.576258681640625 0.1299575625 0.34508101953125 0.077951388671875 0.34739583203125
0 0.12701099609375 0.340668404296875 0.088686341796875 0.4780381953125 0.083781828125 0.561328125 0.13268711328125 0.556915509765625 0.189236111328125 0.35034722265625 0.12701099609375 0.340668404296875
0 0.279692322265625 0.111559607421875 0.255999228515625 0.0877893515625 0.229229359375 0.0907262734375 0.193031443359375 0.186472802734375 0.180854552734375 0.262181712890625 0.230975115234375 0.278428818359375 0.279692322265625 0.111559607421875
0 0.265036650390625 0.555005787109375 0.313199267578125 0.347844330078125 0.25250771484375 0.334606482421875 0.1948350703125 0.567751736328125 0.265036650390625 0.555005787109375
0 0.348567708984375 0.225651041015625 0.3817611875 0.087471064453125 0.329224537109375 0.078298611328125 0.29552469140625 0.233796294921875 0.348567708984375 0.225651041015625
0 0.400462962890625 0.059722220703125 0.373413388671875 0.164076966796875 0.3648775078125 0.233781830078125 0.419873650390625 0.225506365234375 0.4463686328125 0.080859375 0.400462962890625 0.059722220703125
0 0.53525269921875 0.23509837890625 0.556370564453125 0.044719328125 0.5064718359375 0.04458912109375 0.477961033203125 0.23891782421875 0.53525269921875 0.23509837890625
0 0.736400462890625 0.192881943359375 0.75138406640625 0.01673900390625 0.70026041796875 0.0155381953125 0.679836998046875 0.195500578125 0.736400462890625 0.192881943359375
0 0.818209876953125 0.171296296875 0.8200086796875 0.017925345703125 0.764824458984375 0.019299767578125 0.7580825625 0.17876157421875 0.818209876953125 0.171296296875
0 0.838291646484375 0 0.8341676328125 0.1944299765625 0.901114005859375 0.181901041015625 0.89096849609375 0 0.838291646484375 0
1 0.477440201171875 0.207841435546875 0.498519484375 0.095818865234375 0.447583912109375 0.10151909765625 0.421793015625 0.21616030078125 0.477440201171875 0.207841435546875
1 0.612249228515625 0.188483796875 0.6245225703125 0.072439236328125 0.564009451171875 0.085691552734375 0.545302853515625 0.20101273046875 0.612249228515625 0.188483796875
1 0.678467400390625 0.177155669921875 0.687827931640625 0.0659143515625 0.62689525390625 0.075737845703125 0.612249228515625 0.188483796875 0.678467400390625 0.177155669921875
1 0.487085263671875 0.52983217578125 0.5083719140625 0.38553240625 0.44376446875 0.39214409765625 0.418074845703125 0.534432869140625 0.487085263671875 0.52983217578125
1 0.56448205859375 0.52582465234375 0.58056037890625 0.381872107421875 0.51220100390625 0.386429400390625 0.4896894296875 0.529658564453125 0.56448205859375 0.52582465234375
1 0.644328703125 0.523958333984375 0.6560812109375 0.376837384765625 0.58373842578125 0.3828125 0.565364583984375 0.52230902734375 0.644328703125 0.523958333984375
1 0.731413966796875 0.52045717578125 0.73623649609375 0.37034143359375 0.66048418359375 0.37884837890625 0.648234953125 0.52369791796875 0.731413966796875 0.52045717578125
1 0.823288001953125 0.5131799765625 0.82003279296875 0.357841435546875 0.74071662890625 0.371195025390625 0.73482349609375 0.51792534765625 0.823288001953125 0.5131799765625
1 0.916155478515625 0.5104456015625 0.905319251953125 0.352155671875 0.824512923828125 0.3586950234375 0.825969328125 0.511848958984375 0.916155478515625 0.5104456015625
1 0.977382330078125 0.136487267578125 0.966603974609375 0.016218169921875 0.8990499609375 0.01841724609375 0.90438850390625 0.1425057890625 0.977382330078125 0.136487267578125
1 0.95892650390625 0.520269095703125 0.97146026171875 0.341984953125 0.90911458203125 0.3438368046875 0.92090084765625 0.517042822265625 0.95892650390625 0.520269095703125
0 0.4048828125 0.9559244791666667 0.06419270833333335 0.029557291666666652