0 0.0244140625 0.5283203125 0.0478515625 0.2490234375
0 0.115234375 0.5185546875 0.078125 0.2744140625
0 0.2841796875 0.47265625 0.0830078125 0.2626953125
0 0.3583984375 0.4638671875 0.0791015625 0.263671875
0 0.123046875 0.1611328125 0.07421875 0.216796875
0 0.1962890625 0.1611328125 0.0654296875 0.201171875
0 0.33203125 0.1796875 0.0751953125 0.208984375
0 0.4853515625 0.97265625 0.083984375 0.0537109375
0 0.5546875 0.970703125 0.0546875 0.0576171875
1 0.0871562578125 0.241138728515625 0.089465033203125 0.12723916015625 0.015584232421875 0.119030181640625 0.008080712890625 0.2421648515625 0.0871562578125 0.241138728515625
1 0.307067083984375 0.250373830078125 0.2972547890625 0.136474259765625 0.2308775078125 0.134422015625 0.2366494453125 0.251399951171875 0.307067083984375 0.250373830078125
1 0.15930548046875 0.603359884765625 0.247616125 0.59515090625 0.247616125 0.593098662109375 0.23780383203125 0.444310935546875 0.15930548046875 0.447389302734375 0.15930548046875 0.603359884765625
1 0.431163744140625 0.255504439453125 0.412116349609375 0.150839970703125 0.3561285546875 0.146735482421875 0.36940401171875 0.2534521953125 0.431163744140625 0.255504439453125
1 0.47387608203125 0.56026275 0.454251494140625 0.434049712890625 0.38845140625 0.430971345703125 0.40576721875 0.572576216796875 0.47387608203125 0.56026275
1 0.592778 0.2565305625 0.5662270859375 0.1631534375 0.52697791015625 0.156996705078125 0.54140775390625 0.255504439453125 0.592778 0.2565305625
1 0.59970432421875 0.540766427734375 0.57373060546875 0.426866857421875 0.520051583984375 0.434049712890625 0.540830560546875 0.551027650390625 0.59970432421875 0.540766427734375
1 0.65915528125 0.5366619375 0.627986818359375 0.42173624609375 0.57603937890625 0.42994522265625 0.60143590625 0.542818671875 0.65915528125 0.5366619375
1 0.715143078125 0.530505205078125 0.68108864453125 0.419684001953125 0.62914120703125 0.419684001953125 0.6597324765625 0.5366619375 0.715143078125 0.530505205078125
0 0.544870916015625 0.572576216796875 0.5073533203125 0.35503830078125 0.45078833203125 0.367351767578125 0.486574345703125 0.5869419296875 0.544870916015625 0.572576216796875
0 0.481956794921875 0.251399951171875 0.45771465625 0.11184732421875 0.415002318359375 0.110821203125 0.431163744140625 0.254478318359375 0.481956794921875 0.251399951171875
0 0.5460253046875 0.262687296875 0.51543403515625 0.110821203125 0.469258533203125 0.118004060546875 0.49754102734375 0.2657656640625 0.5460253046875 0.262687296875
0 0.649920181640625 0.27602688671875 0.6181745234375 0.125186916015625 0.568535861328125 0.139552626953125 0.606053455078125 0.280131375 0.649920181640625 0.27602688671875
0 0.78186615625 0.26842753515625 0.75267162109375 0.145972677734375 0.703405841796875 0.150027474609375 0.7376181875 0.275726169921875 0.78186615625 0.26842753515625
0 0.826114123046875 0.256263146484375 0.78460314453125 0.154082271484375 0.754952443359375 0.157326107421875 0.782778484375 0.27653712890625 0.826114123046875 0.256263146484375
0 0.86899359765625 0.27653712890625 0.83614974609375 0.152460353515625 0.79098944921875 0.159758986328125 0.832044263671875 0.287890560546875 0.86899359765625 0.27653712890625
1 0.68652775 0.26112890234375 0.660070203125 0.171112416015625 0.6290510078125 0.169490498046875 0.648666087890625 0.257885064453125 0.68652775 0.26112890234375
1 0.7303195546875 0.259506982421875 0.700668853515625 0.1727343359375 0.662351025390625 0.171112416015625 0.687440080078125 0.26031794140625 0.7303195546875 0.259506982421875
1 0.764988064453125 0.5246906796875 0.729863388671875 0.415211171875 0.68196610546875 0.42088788671875 0.71572228515625 0.528745478515625 0.764988064453125 0.5246906796875
1 0.8147100078125 0.520635884765625 0.77821683984375 0.412778294921875 0.7312318828125 0.4160221328125 0.76635655859375 0.525501640625 0.8147100078125 0.520635884765625
1 0.86169496484375 0.512526291015625 0.822920970703125 0.406290619140625 0.780041498046875 0.41358925390625 0.815166171875 0.52144684375 0.86169496484375 0.512526291015625
1 0.9045744375 0.510904373046875 0.8648881171875 0.410345416015625 0.825657958984375 0.40953445703125 0.86169496484375 0.515770126953125 0.9045744375 0.510904373046875
1 0.88821880078125 0.266619779296875 0.85484966796875 0.185967294921875 0.840977107421875 0.182634548828125 0.86684755859375 0.275284921875 0.88821880078125 0.266619779296875
1 0.921212998046875 0.262620482421875 0.887468931640625 0.185967294921875 0.856724337890625 0.183967646484375 0.88896866796875 0.267952876953125 0.921212998046875 0.262620482421875
1 0.9455837109375 0.506577580078125 0.905840701171875 0.403262416015625 0.865347822265625 0.40792826171875 0.90396603125 0.509910328125 0.9455837109375 0.506577580078125
1 0.984201919921875 0.50257828515625 0.942959173828125 0.401929318359375 0.906590568359375 0.40392896484375 0.94783331640625 0.505244482421875 0.984201919921875 0.50257828515625
1 0.9849517890625 0.503244833984375 1 0.50257828515625 0.999199283203125 0.450587427734375 0.97670323828125 0.399263119140625 0.943709041015625 0.4025958671875 0.9849517890625 0.503244833984375
0 1 0.17730215234375 0.984201919921875 0.153972921875 0.959081337890625 0.145307779296875 0.92308766796875 0.175302505859375 0.96732988671875 0.271285625 1 0.269285978515625 1 0.17730215234375
0 1 0.78586180078125 0.98457685546875 0.77386391015625 0.94520877734375 0.78519525 0.99470007421875 0.882511470703125 1 0.877845623046875 1 0.78586180078125
0 0.997699546875 0.882511470703125 0.94445891015625 0.7871948984375 0.8979670859375 0.8011924375 0.942959173828125 0.93983472265625 0.997699546875 0.882511470703125