0 0.8702256944444444 0.6326316550925926 0.12966579861111116 0.35083912037037046
0 0.6605251736111111 0.6803385416666667 0.09418402777777768 0.2897135416666665
0 0.5577473958333333 0.6986762152777777 0.08016493055555562 0.3169487847222223
0 0.45184461805555554 0.7260199652777778 0.0912760416666667 0.3343460648148149
0 0.3315755208333333 0.7417534722222222 0.10427517361111116 0.34895833333333326
0 0.2279079861111111 0.7123842592592593 0.09967447916666666 0.27354600694444464
0 0.13088107638888888 0.7351707175925926 0.10609809027777778 0.3432436342592593
0 0.051605902777777775 0.7488425925925926 0.08315972222222222 0.36396846064814814
0 0.9644748263888889 0.1644965277777778 0.06573350694444446 0.23788339120370372
0 0.887890625 0.04797815393518518 0.10214843749999991 0.09595630787037036
0 0.7996527777777778 0.06623444733796297 0.08231336805555545 0.13246889467592593
0 0.7249565972222223 0.04669415509259259 0.07547743055555545 0.09338831018518517
0 0.5877821180555556 0.07215711805555555 0.07052951388888884 0.1443142361111111
0 0.48910590277777777 0.07753725405092593 0.07157118055555567 0.15507450810185186
0 0.33292100694444443 0.08087384259259259 0.08415798611111114 0.16174768518518517
0 0.24913194444444445 0.07512297453703703 0.0798611111111111 0.15024594907407407
0 0.08381076388888889 0.09420211226851852 0.09507378472222222 0.18840422453703703
1 0.7645616319444444 0.6492332175925926 0.08266059027777795 0.29763454861111116
1 0.6505208333333333 0.05906394675925926 0.06809895833333335 0.11812789351851852
1 0.4141710069444444 0.06882957175925926 0.07009548611111116 0.13765914351851852
1 0.17289496527777778 0.08085575810185185 0.07901475694444443 0.1617115162037037
1 0.0224609375 0.091796875 0.044921875 0.18359375