0 0.10939119140625 0.8848197890625 0.00940953125 0.635143294921875 0.014291716796875 0.933832841796875 0.10939119140625 0.8848197890625
0 0.089062009765625 0.70275551171875 0.071797029296875 0.7792698828125 0.126102689453125 0.926184392578125 0.191659748046875 0.901145986328125 0.1435859921875 0.709171853515625 0.089062009765625 0.70275551171875
0 0.198190857421875 0.721043763671875 0.180280603515625 0.805747181640625 0.226073666015625 0.94726856640625 0.292639703125 0.938591224609375 0.2541872421875 0.723357076171875 0.198190857421875 0.721043763671875
0 0.27841410546875 0.754550625 0.262057130859375 0.8406065859375 0.294818052734375 0.9303908203125 0.355232970703125 0.9204771953125 0.33128383203125 0.752794947265625 0.27841410546875 0.754550625
1 0.1809835078125 0.5944640390625 0.239267546875 0.595955068359375 0.203552177734375 0.46198456640625 0.140737919921875 0.46517795703125 0.1809835078125 0.5944640390625
1 0.299605810546875 0.593804552734375 0.265458484375 0.449249583984375 0.2019383359375 0.45654032421875 0.24071146484375 0.5899294609375 0.299605810546875 0.593804552734375
1 0.361784671875 0.586529703125 0.334465548828125 0.45010249609375 0.2678186875 0.4533242734375 0.3004596875 0.58675880859375 0.361784671875 0.586529703125
1 0.427897076171875 0.586039982421875 0.402584869140625 0.4427776875 0.335958212890625 0.44736333984375 0.364080865234375 0.586287541015625 0.427897076171875 0.586039982421875
1 0.40492486328125 0.445488453125 0.430001685546875 0.58579923828125 0.494891927734375 0.580433025390625 0.47460585546875 0.439574818359375 0.40492486328125 0.445488453125
1 0.564767865234375 0.575252650390625 0.551229263671875 0.437584494140625 0.476937375 0.442226927734375 0.496608134765625 0.5798496875 0.564767865234375 0.575252650390625
1 0.47043739453125 0.87022041015625 0.454088810546875 0.762797646484375 0.397406654296875 0.765945587890625 0.4142525078125 0.868124119140625 0.47043739453125 0.87022041015625
1 0.527069234375 0.8766151796875 0.513938033203125 0.766446443359375 0.45721549609375 0.766866609375 0.473315041015625 0.870414716796875 0.527069234375 0.8766151796875
1 0.002015849609375 0 0.00122383984375 0.00000609375 0.00215330859375 0.062745220703125 0.015790310546875 0.10356553125 0.079426701171875 0.091179935546875 0.05422434375 0 0.002015849609375 0
1 0.109361439453125 0 0.05645371484375 0.00232508203125 0.0792296953125 0.090819244140625 0.1511618359375 0.082130734375 0.131762259765625 0 0.109361439453125 0
1 0.149761626953125 0 0.1346186484375 0.0003820078125 0.1509391484375 0.06709930078125 0.225645244140625 0.064543341796875 0.21234052734375 0 0.149761626953125 0
1 0.215158564453125 0 0.23055627734375 0.059689322265625 0.307894802734375 0.053712689453125 0.2967879609375 0 0.215158564453125 0
0 0.3433521412037037 0.03794487847222222 0.08318865740740744 0.07588975694444444
0 0.6086009837962962 0.01154513888888889 0.06876446759259247 0.02309027777777778
0 0.5474392361111111 0.8251374421296296 0.07037760416666661 0.2026475694444443
0 0.613990162037037 0.8344111689814815 0.07382089120370372 0.17142650462962972
0 0.6804108796296297 0.8348958333333334 0.07116608796296298 0.18995949074074092
0 0.9003110532407408 0.8449869791666667 0.07628038194444464 0.20562065972222232
1 0.638342189453125 0.57392140625 0.63164166796875 0.432110423828125 0.55277084375 0.438150849609375 0.566289236328125 0.574455130859375 0.638342189453125 0.57392140625
1 0.717081970703125 0.57197290625 0.713517912109375 0.42195561328125 0.633900783203125 0.42936558984375 0.639088490234375 0.572551802734375 0.717081970703125 0.57197290625
1 0.71731010546875 0.4191994765625 0.7174111328125 0.42601894921875 0.715720349609375 0.57062013671875 0.796245427734375 0.572751751953125 0.803140244140625 0.41719962109375 0.71731010546875 0.4191994765625
1 0.779239541015625 0.88667221484375 0.78465178125 0.773352111328125 0.712538271484375 0.769794162109375 0.7126216640625 0.878917080078125 0.779239541015625 0.88667221484375
1 0.85827822265625 0.775534828125 0.78461137109375 0.770624337890625 0.780237150390625 0.889328580078125 0.847419658203125 0.89638857421875 0.8582984296875 0.776898728515625 0.85827822265625 0.775534828125
1 0.882892529296875 0.574151814453125 0.892724310546875 0.4098647265625 0.803122244140625 0.415984642578125 0.797780708984375 0.572889291015625 0.882892529296875 0.574151814453125
1 0.971034568359375 0.572969978515625 0.99221034765625 0.39821544921875 0.8950238671875 0.409847693359375 0.885103427734375 0.568150310546875 0.971034568359375 0.572969978515625
1 1 0.7874739375 0.93861112890625 0.777632130859375 0.9265514375 0.895029255859375 0.995983501953125 0.898695232421875 1 0.870938984375 1 0.7874739375
1 1 0.40615734375 0.992137205078125 0.406215587890625 0.9692263515625 0.56734255078125 1 0.57193651953125 1 0.40615734375