0 0.9239655671296296 0.7546657986111112 0.08472222222222214 0.31525607638888875
0 0.8448640046296296 0.7529079861111111 0.10149739583333339 0.32734375000000004
0 0.7478660300925926 0.7292751736111112 0.087890625 0.2655381944444444
0 0.6506727430555556 0.7583550347222222 0.09046585648148153 0.3075737847222222
0 0.5392867476851853 0.7519748263888888 0.0727575231481481 0.2983940972222223
0 0.4297960069444444 0.7417317708333333 0.07683738425925934 0.31019965277777795
0 0.32004484953703705 0.7139105902777778 0.09732349537037033 0.24329427083333321
0 0.10558449074074074 0.6691189236111111 0.10910734953703702 0.31384548611111107
0 0.024551504629629628 0.20750868055555555 0.045341435185185186 0.1611111111111111
0 0.09393084490740741 0.08018663194444445 0.10386284722222222 0.15753038194444446
0 0.18374565972222223 0.08023003472222222 0.07061631944444446 0.15386284722222224
0 0.2617115162037037 0.07122395833333334 0.0742042824074074 0.13246527777777778
0 0.40453559027777775 0.09099392361111111 0.06768663194444446 0.15379774305555555
0 0.5002821180555556 0.09605034722222223 0.06697048611111112 0.17135416666666667
0 0.6634837962962963 0.10748697916666666 0.07868923611111112 0.17161458333333335
0 0.7442780671296296 0.09171006944444444 0.08197337962962958 0.1297092013888889
0 0.9095341435185185 0.11002604166666667 0.09626736111111112 0.17200520833333335
1 0.8237123842592593 0.11592881944444444 0.06521990740740735 0.18498263888888888
1 0.5774739583333333 0.10069444444444445 0.07567274305555571 0.16569010416666669
1 0.33521412037037035 0.09042968750000001 0.059845196759259256 0.15167100694444444
1 0.21804832175925926 0.6823567708333333 0.09754050925925928 0.2579427083333332
1 0.9697265625 0.09869791666666666 0.060546875 0.15564236111111113