0 0.9130859375 0.734375 0.080078125 0.3134765625
0 0.833984375 0.734375 0.0966796875 0.3251953125
0 0.7373046875 0.712890625 0.083984375 0.263671875
0 0.6396484375 0.744140625 0.0859375 0.3056640625
0 0.5283203125 0.740234375 0.068359375 0.296875
0 0.4189453125 0.732421875 0.072265625 0.30859375
0 0.3095703125 0.70703125 0.09375 0.2412109375
0 0.095703125 0.6669921875 0.1044921875 0.3115234375
0 0.021484375 0.20703125 0.04296875 0.16015625
0 0.0927734375 0.078125 0.1015625 0.1552734375
0 0.1826171875 0.076171875 0.068359375 0.15234375
0 0.2607421875 0.0654296875 0.072265625 0.130859375
0 0.4033203125 0.08203125 0.0654296875 0.15234375
0 0.4990234375 0.0849609375 0.064453125 0.169921875
0 0.662109375 0.0927734375 0.076171875 0.169921875
0 0.7431640625 0.0751953125 0.080078125 0.1279296875
0 0.908203125 0.08984375 0.09375 0.169921875
1 0.822265625 0.09765625 0.0625 0.18359375
1 0.576171875 0.087890625 0.0732421875 0.1640625
1 0.333984375 0.0830078125 0.0576171875 0.150390625
1 0.2080078125 0.677734375 0.09375 0.255859375
1 0.9697265625 0.0771484375 0.060546875 0.154296875