1 0.7830222800925926 0.3625072337962963 0.09592013888888884 0.2739872685185185
1 0.6283998842592593 0.9527777777777777 0.07696759259259256 0.09444444444444455
1 0.3862123842592593 0.9464988425925926 0.07696759259259256 0.1070023148148147
1 0.1452907986111111 0.9325629340277778 0.08629918981481483 0.13487413194444442
1 0.013572410300925923 0.9179814091435186 0.027144820601851846 0.1640371817129629
0 0.9450231481481481 0.849363425925926 0.05732783564814814 0.20570746527777772
0 0.8646556712962963 0.9607222945601852 0.10608362268518512 0.07855541087962958
0 0.7833116319444444 0.9401258680555555 0.08210358796296302 0.11974826388888893
0 0.7046802662037037 0.9518229166666667 0.0771846064814814 0.09635416666666652
0 0.5586660879629629 0.9353551793981482 0.076171875 0.12928964120370368
0 0.4696903935185185 0.9359049479166667 0.08181423611111116 0.12819010416666665
0 0.30378327546296297 0.9286711516203704 0.08203125 0.1426576967592592
0 0.22348813657407407 0.9325303819444444 0.07573784722222221 0.13493923611111125
0 0.061812789351851846 0.9164822048611111 0.08637152777777779 0.1670355902777778
0 0.8930844907407407 0.37604166666666666 0.1269169560185186 0.3477213541666667
0 0.6752025462962963 0.3412615740740741 0.09602864583333326 0.2769169560185185
0 0.5758463541666666 0.3028428819444445 0.08966290509259256 0.31557436342592593
0 0.4727647569444444 0.28575665509259257 0.095703125 0.3207609953703704
0 0.3486689814814815 0.2812789351851852 0.1010923032407407 0.33468605324074074
0 0.24830005787037035 0.29662181712962965 0.09602864583333337 0.2769169560185185
0 0.14341001157407407 0.27552806712962963 0.12203414351851855 0.34746817129629626
0 0.07389322916666667 0.27681568287037034 0.0965350115740741 0.3432219328703704