0 0.208984375 0.3813874421296296 0.12340856481481477 0.3271918402777778
0 0.30645978009259256 0.36491608796296293 0.11067708333333326 0.2865740740740741
0 0.41048177083333337 0.35194589120370373 0.10626446759259256 0.3320095486111111
0 0.5075231481481481 0.3675853587962963 0.09356915509259256 0.33125723379629624
0 0.5967881944444444 0.34382233796296297 0.09244791666666652 0.2504918981481482
0 0.7876157407407407 0.3402922453703704 0.12525318287037024 0.31271701388888884
1 0.6797236689814815 0.3398799189814815 0.12286603009259256 0.2542390046296297
1 0.021529586226851846 0.9850332754629629 0.04305917245370369 0.021867766203703676
1 0.08597366898148148 0.9788483796296297 0.08662471064814814 0.027495659722222232
1 0.17212818287037038 0.970826099537037 0.0881076388888889 0.03438946759259265
1 0.25766782407407407 0.9579788773148148 0.08770978009259256 0.04214409722222223
1 0.3427734375 0.9509910300925926 0.0898799189814814 0.045189525462963065
1 0.42599826388888884 0.9431423611111112 0.0903139467592593 0.051048900462963065
1 0.5084635416666667 0.932421875 0.08637152777777768 0.06345486111111098
1 0.5895905671296297 0.9266420717592593 0.09002459490740744 0.07339409722222223
1 0.6728153935185186 0.9187934027777778 0.09143518518518512 0.07931134259259265
1 0.7551359953703705 0.9100260416666667 0.08803530092592604 0.0859157986111112
1 0.8365523726851851 0.9003399884259259 0.08658854166666652 0.09263599537037037
1 0.9319444453125 0.859490740234375 0.878086419921875 0.870979080078125 0.8668981484375 0.94423868359375 0.92592592578125 0.940740740234375 0.9319444453125 0.859490740234375
1 0.830015431640625 0.322093623046875 0.802314814453125 0.46270576171875 0.889043208984375 0.443046984375 0.905941357421875 0.323816873046875 0.830015431640625 0.322093623046875
1 0.971913580078125 0.319907408203125 0.910725306640625 0.321459189453125 0.895987654296875 0.4426354609375 0.963734568359375 0.430324072265625 0.971913580078125 0.319907408203125