1 0.07843749609375 0.14821291015625 0.08468749609375 0.02922008984375 0.006406236328125 0.023888890625 0.000937486328125 0.129307501953125 0.07843749609375 0.14821291015625
1 0.15968749609375 0.1537733203125 0.15906250390625 0.031444251953125 0.087656236328125 0.025277779296875 0.08093750390625 0.1537733203125 0.15968749609375 0.1537733203125
1 0 0.5396658828125 0.05593750390625 0.5396658828125 0.0609374765625 0.370629357421875 0.000937486328125 0.3669444453125 0 0.5396658828125
1 0.0609374765625 0.535217580078125 0.15343749609375 0.52632088671875 0.150937486328125 0.36951729296875 0.066562486328125 0.37111111328125 0.0609374765625 0.535217580078125
1 0.15906250390625 0.5252088203125 0.245937513671875 0.517424236328125 0.24656250390625 0.516312169921875 0.239687513671875 0.3650689453125 0.157968736328125 0.3669444453125 0.15906250390625 0.5252088203125
1 0.333437513671875 0.50519134765625 0.317812513671875 0.36173270703125 0.244687486328125 0.363956880859375 0.252187513671875 0.5152000625 0.333437513671875 0.50519134765625
1 0.336562513671875 0.50963965234375 0.410312486328125 0.502967173828125 0.410312486328125 0.501855107421875 0.39093754296875 0.357284404296875 0.321249986328125 0.360000001953125 0.336562513671875 0.50963965234375
0 0.1904296875 0.0908203125 0.0693359375 0.181640625
0 0.2666015625 0.0927734375 0.06640625 0.1787109375
0 0.337890625 0.1005859375 0.06640625 0.201171875
1 0.43562500390625 0.17141122265625 0.4187499765625 0.063539248046875 0.361874986328125 0.053055556640625 0.37687499609375 0.1614025078125 0.43562500390625 0.17141122265625
1 0.49562499609375 0.173635396484375 0.4781249765625 0.06798757421875 0.422031236328125 0.060000001953125 0.436874986328125 0.166962919921875 0.49562499609375 0.173635396484375
1 0.413125013671875 0.501456880859375 0.48250000390625 0.494784404296875 0.460000013671875 0.359110328125 0.4593749765625 0.35799826171875 0.393124986328125 0.353055556640625 0.413125013671875 0.501456880859375
1 0.54874999609375 0.486999818359375 0.522500013671875 0.354662001953125 0.461874986328125 0.35722222265625 0.48624999609375 0.49256023046875 0.54874999609375 0.486999818359375
1 0.611874986328125 0.484775646484375 0.58312499609375 0.352437849609375 0.525156236328125 0.35166666796875 0.55187499609375 0.4892239921875 0.611874986328125 0.484775646484375
1 0.672499966796875 0.47810316796875 0.63937504296875 0.350213677734375 0.586874986328125 0.351325763671875 0.61375000390625 0.483663580078125 0.672499966796875 0.47810316796875
1 0.73015625390625 0.47546136328125 0.69328124609375 0.34645978515625 0.643906236328125 0.348683958984375 0.6757812265625 0.477685494140625 0.73015625390625 0.47546136328125
0 0.562656236328125 0.18743201953125 0.6070312265625 0.17964743359375 0.62453124609375 0.102913755859375 0.59640624609375 0.0183954921875 0.529062486328125 0.03361111328125 0.562656236328125 0.18743201953125
0 0.628281236328125 0.22079448828125 0.673281263671875 0.22079448828125 0.69953124609375 0.145172876953125 0.659531236328125 0.00282634375 0.590781236328125 0.003055556640625 0.628281236328125 0.22079448828125
0 0.73640625390625 0.248596546875 0.788906263671875 0.240811962890625 0.8007812265625 0.172974935546875 0.748281263671875 0.030628404296875 0.684531236328125 0.0544444453125 0.73640625390625 0.248596546875
0 0.83015625390625 0.275286541015625 0.87390625390625 0.2730623671875 0.90265629296875 0.19521658203125 0.8351562265625 0.038412978515625 0.765781236328125 0.065555556640625 0.83015625390625 0.275286541015625
1 0.827499986328125 0.999324974609375 0.8874999765625 0.9704108515625 0.836874986328125 0.798038087890625 0.83624999609375 0.798038087890625 0.780624986328125 0.815555556640625 0.827499986328125 0.999324974609375
1 0.825625013671875 0.994876669921875 0.780624986328125 0.818055560546875 0.715781236328125 0.835000001953125 0.760000013671875 1 0.825625013671875 0.994876669921875
1 0.73624999609375 0.937048380859375 0.713125013671875 0.835848861328125 0.643906236328125 0.848888890625 0.67062499609375 0.9692987421875 0.73624999609375 0.937048380859375
1 0.664999986328125 0.9692987421875 0.644375013671875 0.8592026171875 0.574374986328125 0.86972222265625 0.5999999765625 1 0.664999986328125 0.9692987421875
1 0.502187513671875 0.999159865234375 0.4890624765625 0.91130536328125 0.404843736328125 0.93222222265625 0.40968749609375 0.999159865234375 0.502187513671875 0.999159865234375
0 0.271484375 0.9697265625 0.0849609375 0.060546875
0 0.3671875 0.96875 0.0732421875 0.0625
0 0.546875 0.927734375 0.09765625 0.14453125
0 0.150390625 0.982421875 0.0703125 0.0341796875