1 0.03609596484375 0 0.003340943359375 0.002194251953125 0.002330890625 0.027729552734375 0.081929439453125 0.0294174375 0.08083990625 0 0.03609596484375 0
1 0.06539083984375 0.41018036328125 0.07527970703125 0.23712384375 0.009438763671875 0.237244404296875 0.015260630859375 0.412037037109375 0.06539083984375 0.41018036328125
1 0.15905510546875 0.404393326171875 0.1627764921875 0.24083719140625 0.07874925 0.24279031640625 0.067909271484375 0.40776909765625 0.15905510546875 0.404393326171875
1 0.251503021484375 0.400969330078125 0.24814868359375 0.23999325 0.164772484375 0.24192226171875 0.160271455078125 0.40203028515625 0.251503021484375 0.400969330078125
1 0.3353159296875 0.39322916796875 0.327139060546875 0.242862654296875 0.2476262421875 0.24348958203125 0.251374421875 0.397497107421875 0.3353159296875 0.39322916796875
1 0.4173471796875 0.39019097265625 0.4040477109375 0.242332177734375 0.331002443359375 0.241560572265625 0.3372261875 0.391999421875 0.4173471796875 0.39019097265625
1 0.4945639375 0.380377123046875 0.4783950625 0.2430555546875 0.407302919921875 0.24221161328125 0.419000236328125 0.38201678125 0.4945639375 0.380377123046875
1 0.309668994140625 0 0.310873734375 0.032527970703125 0.380184220703125 0.038073880859375 0.3754271953125 0 0.309668994140625 0
1 0.376609197265625 0 0.380749529296875 0.035734953125 0.444765947265625 0.03915894921875 0.440551275390625 0 0.376609197265625 0
0 0.1558159722222222 0.9330150462962963 0.09642650462962965 0.1283998842592593
0 0.26316550925925924 0.9006799768518519 0.10243055555555558 0.18518518518518512
0 0.3734085648148148 0.8936631944444444 0.09288194444444442 0.19068287037037024
0 0.47533275462962965 0.8996672453703703 0.08336950231481488 0.17082609953703698
0 0.5675274884259259 0.8806061921296295 0.09526909722222232 0.20247395833333348
0 0.11845341435185185 0.032633463541666664 0.06991464120370369 0.06526692708333333
0 0.19820601851851852 0.02204499421296296 0.06141493055555558 0.04408998842592592
0 0.2776692708333333 0.030363859953703703 0.06409143518518523 0.060727719907407406
0 0.4830367476851852 0.034577546296296294 0.05982349537037035 0.06915509259259259
1 0.507749697265625 0 0.515378515625 0.044656634765625 0.56750471484375 0.04388503125 0.56322493359375 0 0.507749697265625 0
1 0.63827267578125 0.370418595703125 0.6139831953125 0.242669751953125 0.5495300703125 0.245056904296875 0.57004190234375 0.376422646484375 0.63827267578125 0.370418595703125
1 0.706932119140625 0.375988619140625 0.6804751796875 0.242525078125 0.615242412109375 0.24146412109375 0.6370991953125 0.37393904296875 0.706932119140625 0.375988619140625
1 0.835975009765625 0.3573013125 0.80299961328125 0.24146412109375 0.759422689453125 0.24423707421875 0.779205783203125 0.355926890625 0.835975009765625 0.3573013125
1 0.697264998046875 0 0.710074802734375 0.055989583984375 0.749008701171875 0.051070603515625 0.736029876953125 0 0.697264998046875 0
1 0.566392853515625 0.383511767578125 0.5467544375 0.2405237265625 0.479654279296875 0.241849923828125 0.4945639375 0.380377123046875 0.566392853515625 0.383511767578125
0 0.6030454282407407 0.029441550925925923 0.0615596064814814 0.058883101851851846
0 0.6693070023148149 0.024251302083333332 0.05541087962962976 0.048502604166666664
0 0.742128619140625 0 0.766053884765625 0.092549763671875 0.8247381796875 0.09763159765625 0.810705189453125 0 0.742128619140625 0
0 0.768642322265625 0.2726278671875 0.744918703125 0.164676603515625 0.704118666015625 0.164978494140625 0.68191848046875 0.1899851484375 0.71605734375 0.395497587890625 0.778682998046875 0.39680578125 0.768642322265625 0.2726278671875
0 0.894268197265625 0.248627515625 0.86895405859375 0.152827373046875 0.821942890625 0.16907918359375 0.8075806953125 0.1853309921875 0.85055826171875 0.372377751953125 0.905077578125 0.375195404296875 0.894268197265625 0.248627515625
0 0.943862212890625 0.228652380859375 0.916091015625 0.158336888671875 0.883352591796875 0.155921759765625 0.87170741796875 0.1720729375 0.91036905859375 0.389510078125 0.96892756640625 0.37283058984375 0.943862212890625 0.228652380859375
0 0.848945654296875 0 0.86654731640625 0.069480244140625 0.917357283203125 0.063970728515625 0.909185537109375 0 0.848945654296875 0
0 0.905821470703125 0 0.91581148828125 0.077329416015625 0.96479892578125 0.096071826171875 0.960086068359375 0.00555478125 0.95876785546875 0 0.905821470703125 0
1 0.812393556640625 0 0.82747197265625 0.06125370703125 0.8573144765625 0.058939208984375 0.83722658203125 0 0.812393556640625 0
1 1 0.325273015625 0.97410723828125 0.23720596484375 0.943674927734375 0.241960751953125 0.976041578125 0.3628933359375 1 0.36200598828125 1 0.325273015625
1 0.956736533203125 0 0.974861966796875 0.073933138671875 1 0.066222470703125 1 0.060749513671875 0.978273888671875 0 0.956736533203125 0
0 1 0.199347296875 0.97805698046875 0.2152936953125 1 0.299585154296875 1 0.199347296875