0 0.3890480324074074 0.9841959635416666 0.07038483796296302 0.031608072916666785
0 0.4501157407407408 0.9754050925925926 0.061718750000000044 0.04918981481481488
0 0.05661892361111111 0.18213975694444445 0.08224103009259259 0.218287037037037
0 0.13290653935185184 0.18075086805555557 0.08190104166666667 0.2290219907407407
0 0.03895037615740741 0.5209418402777778 0.07790075231481482 0.27601273148148153
0 0.2080222800925926 0.4958984375 0.10180121527777775 0.28480902777777783
0 0.27277922453703707 0.19448784722222223 0.08213252314814823 0.2329282407407407
0 0.2838541666666667 0.48571325231481477 0.10053530092592589 0.27991898148148153
0 0.42080834765625 0.265531775390625 0.406606486328125 0.11653881640625 0.3610597578125 0.125506919921875 0.37058077734375 0.265159720703125 0.42080834765625 0.265531775390625
0 0.48678629296875 0.282770375 0.465315556640625 0.1151126015625 0.423733984375 0.127832267578125 0.432373091796875 0.282367314453125 0.48678629296875 0.282770375
0 0.466945025390625 0.58226001953125 0.440630669921875 0.355011263671875 0.384784361328125 0.37879184765625 0.406638349609375 0.5929798828125 0.466945025390625 0.58226001953125
0 0.59203251953125 0.29099436328125 0.564062857421875 0.127010646484375 0.5165878125 0.15085323828125 0.5399868671875 0.30363651953125 0.59203251953125 0.29099436328125
1 0 0.24758814453125 0.015794296875 0.245781796875 0.026099044921875 0.12488682421875 0 0.118813736328125 0 0.24758814453125
1 0.246719689453125 0.2530756484375 0.238353595703125 0.1469311484375 0.1729811015625 0.137141421875 0.17336091015625 0.25439334765625 0.246719689453125 0.2530756484375
1 0.369754845703125 0.261431408203125 0.36023210546875 0.157139435546875 0.301743513671875 0.154845091796875 0.310219845703125 0.259129310546875 0.369754845703125 0.261431408203125
1 0.1633748203125 0.6172332890625 0.164704578125 0.453466603515625 0.079945552734375 0.452838759765625 0.07073974609375 0.62585258984375 0.1633748203125 0.6172332890625
1 0.39540432421875 0.570563505859375 0.382192888671875 0.4401888515625 0.31720537109375 0.441568560546875 0.32485405078125 0.577485296875 0.39540432421875 0.570563505859375
1 0.524408537109375 0.547838646484375 0.505862427734375 0.43483078515625 0.451414736328125 0.43714723828125 0.46488994140625 0.5582768515625 0.524408537109375 0.547838646484375
1 0.58131112890625 0.542820603515625 0.557412822265625 0.42977309765625 0.508317328125 0.432129197265625 0.52517313671875 0.547844310546875 0.58131112890625 0.542820603515625
1 0.636926173828125 0.53371337109375 0.61041186328125 0.42608602734375 0.559787171875 0.428430798828125 0.581150029296875 0.545539181640625 0.636926173828125 0.53371337109375
1 0.686182767578125 0.528638693359375 0.65866220703125 0.42508355078125 0.61041186328125 0.42608602734375 0.635035126953125 0.5268999375 0.686182767578125 0.528638693359375
1 0.72944905078125 0.52700694921875 0.70398063671875 0.427546666015625 0.65802409375 0.4285661328125 0.68409600390625 0.530750658203125 0.72944905078125 0.52700694921875
1 0.780027806640625 0.51981464453125 0.749207193359375 0.420314712890625 0.70530280078125 0.425429037109375 0.732139310546875 0.5276192265625 0.780027806640625 0.51981464453125
1 0.5311426796875 0.26639226171875 0.51605646484375 0.172448421875 0.472796470703125 0.166688439453125 0.4798339375 0.26737208203125 0.5311426796875 0.26639226171875
1 0.622653013671875 0.271149771484375 0.60366324609375 0.17853690234375 0.574004953125 0.17559744140625 0.58603276953125 0.269518625 0.622653013671875 0.271149771484375
1 0.665470607421875 0.271466939453125 0.644709990234375 0.182920609375 0.6061181484375 0.175835318359375 0.6249468125 0.271166763671875 0.665470607421875 0.271466939453125
1 0.821301921875 0.51483502734375 0.789814583984375 0.414242642578125 0.748118701171875 0.41989571484375 0.77954718359375 0.521481318359375 0.821301921875 0.51483502734375
1 0.862203689453125 0.5131506953125 0.826129150390625 0.414511640625 0.790814240234375 0.416237359375 0.819625865234375 0.51482261328125 0.862203689453125 0.5131506953125
1 0.89781288671875 0.506458880859375 0.864972748046875 0.409831095703125 0.82804063671875 0.4105511796875 0.8600278046875 0.512140919921875 0.89781288671875 0.506458880859375
1 0.933186654296875 0.5037399453125 0.89643571484375 0.407083189453125 0.863855376953125 0.4098228203125 0.898753685546875 0.50944681640625 0.933186654296875 0.5037399453125
1 0.965267166015625 0.50000295703125 0.93052825 0.40634207421875 0.898052916015625 0.408088826171875 0.934568423828125 0.508718453125 0.965267166015625 0.50000295703125
1 0.930469392578125 0.407335291015625 0.96745576171875 0.500019169921875 0.97066119140625 0.493087330078125 0.974573595703125 0.436477982421875 0.958580248046875 0.4045625546875 0.930469392578125 0.407335291015625
1 0.818944244140625 0.280315005859375 0.79024941015625 0.19862275 0.77851701171875 0.19853584375 0.795714875 0.276168318359375 0.818944244140625 0.280315005859375
1 0.849113267578125 0.28053848046875 0.822358890625 0.20382887109375 0.79254301171875 0.1976460859375 0.81888538671875 0.2813082265625 0.849113267578125 0.28053848046875
0 0.716410482421875 0.2845237734375 0.69477486328125 0.159162990234375 0.64810966796875 0.163785595703125 0.671480203125 0.28816557421875 0.716410482421875 0.2845237734375
0 0.7550775078125 0.282822884765625 0.7351170234375 0.176353955078125 0.69680314453125 0.172095529296875 0.714939966796875 0.29047480859375 0.7550775078125 0.282822884765625
0 0.79968361328125 0.294083505859375 0.774637021484375 0.169691111328125 0.732559025390625 0.17236038671875 0.75922281640625 0.2977584140625 0.79968361328125 0.294083505859375
0 0.8574981484375 0.186203375 0.89551314453125 0.289825078125 0.925653201171875 0.281105443359375 0.946356298828125 0.233563365234375 0.910280837890625 0.15380374609375 0.8574981484375 0.186203375
0 0.8862712734375 0.8788786171875 0.846713017578125 0.788551275390625 0.79925741796875 0.7992416953125 0.83725523046875 0.932026498046875 0.8862712734375 0.8788786171875
0 0.932019423828125 0.83250157421875 0.887357294921875 0.771864736328125 0.846713017578125 0.788551275390625 0.887653662109375 0.87973823828125 0.932019423828125 0.83250157421875
0 0.951475064453125 0.810561798828125 0.9295085625 0.77812262890625 0.903267150390625 0.785572671875 0.92794733203125 0.836718310546875 0.951475064453125 0.810561798828125