0 0.8720269097222222 0.5499855324074074 0.10223524305555554 0.2630787037037037
0 0.768359375 0.5590494791666667 0.09009693287037024 0.27306857638888893
0 0.7394097222222222 0.8732783564814814 0.0688512731481481 0.16374421296296315
0 0.6662181712962962 0.8766420717592593 0.06551649305555562 0.1557581018518519
0 0.6044632523148148 0.5843388310185185 0.08824508101851847 0.2749059606481481
0 0.531640625 0.599363425925926 0.09108796296296306 0.25462962962962954
0 0.5360170717592593 0.8717013888888889 0.07808159722222219 0.19155092592592604
0 0.6388020833333333 0.017433449074074077 0.08860677083333335 0.034866898148148154
0 0.5316984953703704 0.03329716435185186 0.09089988425925921 0.06659432870370371
0 0.4447482638888889 0.05533130787037037 0.08999565972222223 0.11066261574074074
0 0.37994068287037036 0.06380208333333333 0.07214988425925928 0.12760416666666666
1 0.834268279296875 0.94474595703125 0.848889103515625 0.831407505859375 0.774037587890625 0.826699083984375 0.763496716796875 0.940710166015625 0.834268279296875 0.94474595703125
1 0.632272376953125 0.9320271015625 0.63151014453125 0.81777142578125 0.568477669921875 0.8132770234375 0.56802500390625 0.921203845703125 0.632272376953125 0.9320271015625
1 0.723206330078125 0.61665453125 0.73160998046875 0.47442348828125 0.6486388984375 0.477511478515625 0.645347080078125 0.620354005859375 0.723206330078125 0.61665453125
1 0.50654034375 0.91661771875 0.503143638671875 0.81349104296875 0.445881615234375 0.806825873046875 0.45274721484375 0.91249020703125 0.50654034375 0.91661771875
1 0.5004633046875 0.627110896484375 0.495730677734375 0.4902303359375 0.42785729296875 0.499738900390625 0.43662953125 0.628150419921875 0.5004633046875 0.627110896484375
1 0.370956791015625 0.617331822265625 0.362545234375 0.495244318359375 0.29827348828125 0.505816376953125 0.314794294921875 0.62742333203125 0.370956791015625 0.617331822265625
1 0.31310609375 0.623296271484375 0.2973634296875 0.50502488671875 0.234786556640625 0.510423986328125 0.25668644140625 0.629175919921875 0.31310609375 0.623296271484375
1 0.257119484375 0.6299956796875 0.23678255859375 0.508614865234375 0.179841919921875 0.5153708046875 0.202350732421875 0.63155039453125 0.257119484375 0.6299956796875
1 0.339009759765625 0.903286251953125 0.331149814453125 0.79807446875 0.280373068359375 0.7960109375 0.296430208984375 0.899046119140625 0.339009759765625 0.903286251953125
1 0.235159138671875 0.8976044765625 0.2223091875 0.7969155 0.18111670703125 0.793438591796875 0.202596896484375 0.8927707265625 0.235159138671875 0.8976044765625
1 0.201730810546875 0.891131208984375 0.18154975 0.794258349609375 0.136020166015625 0.791883876953125 0.15919523046875 0.88604305078125 0.201730810546875 0.891131208984375
1 0.2010076328125 0.62993914453125 0.180017806640625 0.511978701171875 0.12555018359375 0.516897251953125 0.149057 0.63217227734375 0.2010076328125 0.62993914453125
1 0.149057 0.63217227734375 0.124163111328125 0.516134029296875 0.0716914921875 0.519243458984375 0.098970453125 0.635140369140625 0.149057 0.63217227734375
1 0.0986253515625 0.63262455859375 0.070216474609375 0.520176287109375 0.0188300546875 0.52237598828125 0.052009078125 0.6345415859375 0.0986253515625 0.63262455859375
1 0 0.615535119140625 0.00578262109375 0.636435509765625 0.049843865234375 0.63044279296875 0.02034904296875 0.5205951328125 0 0.52255879296875 0 0.615535119140625
0 0.45024108203125 0.95305029296875 0.4436147890625 0.801023408203125 0.399152376953125 0.802094939453125 0.402969892578125 0.957414826171875 0.45024108203125 0.95305029296875
0 0.39183459765625 0.94322355859375 0.379596916015625 0.78918428515625 0.328553583984375 0.798462185546875 0.344957609375 0.956944396484375 0.39183459765625 0.94322355859375
0 0.292215505859375 0.931149220703125 0.26651543359375 0.7654015 0.217154900390625 0.776142955078125 0.244891322265625 0.9534945859375 0.292215505859375 0.931149220703125
0 0.434955779296875 0.688198919921875 0.41795065234375 0.47347433984375 0.36197471484375 0.4846078203125 0.378573298828125 0.707172876953125 0.434955779296875 0.688198919921875
0 0.15700853515625 0.903543333984375 0.12702072265625 0.77329433203125 0.081142892578125 0.7836566328125 0.1015709375 0.92489525 0.15700853515625 0.903543333984375
0 0.0974914609375 0.898036912109375 0.079899880859375 0.777476427734375 0.033702259765625 0.7864679296875 0.058965529296875 0.8947609375 0.0974914609375 0.898036912109375
0 0 0.836971015625 0.012339697265625 0.904472689453125 0.058929388671875 0.895457953125 0.029906427734375 0.761677404296875 0 0.770994083984375 0 0.836971015625
0 0 0.217515552734375 0.01244683203125 0.208897478515625 0 0.156714642578125 0 0.217515552734375