0 0.078125 0.6732855902777778 0.1123046875 0.3467881944444444
0 0.2998046875 0.6771050347222223 0.087890625 0.267578125
0 0.4033203125 0.6949652777777777 0.0810546875 0.31219618055555554
0 0.5078125 0.6952039930555556 0.078125 0.3003472222222223
0 0.625 0.7017144097222223 0.0908203125 0.3516927083333332
0 0.7255859375 0.6562282986111111 0.0888671875 0.2705512152777778
0 0.8232421875 0.6665364583333333 0.09375 0.35377604166666665
0 0.8984375 0.6700303819444444 0.078125 0.3560112847222223
0 0.06640625 0.05922309027777778 0.1015625 0.11844618055555556
0 0.158203125 0.06841905381944445 0.080078125 0.1368381076388889
0 0.240234375 0.06089409722222222 0.072265625 0.12178819444444444
0 0.384765625 0.06037868923611111 0.0732421875 0.12075737847222222
0 0.4794921875 0.061225043402777776 0.0751953125 0.12245008680555555
0 0.63671875 0.0644802517361111 0.0673828125 0.1289605034722222
0 0.71875 0.051215277777777776 0.0703125 0.10243055555555555
0 0.884765625 0.05221896701388889 0.0751953125 0.10443793402777778
1 0.1962890625 0.6729166666666666 0.095703125 0.27378472222222205
1 0.3154296875 0.05043402777777778 0.072265625 0.10086805555555556
1 0.5556640625 0.04423828125 0.0830078125 0.0884765625
1 0.798828125 0.0427734375 0.0859375 0.085546875
1 0.9609375 0.04494357638888889 0.078125 0.08988715277777778