1 0.2904873125 0.9994831875 0.303247736328125 0.871378533203125 0.207919859375 0.864706416015625 0.186902689453125 1 0.2904873125 0.9994831875
1 0.417332919921875 0.4390249921875 0.4289959296875 0.288476380859375 0.362567482421875 0.28487042578125 0.34532651171875 0.4390249921875 0.417332919921875 0.4390249921875
1 0.65262146875 0.445335412109375 0.6531285546875 0.300195732421875 0.58061505859375 0.298392755859375 0.576558359375 0.445335412109375 0.65262146875 0.445335412109375
1 0.4700700078125 0 0.460942435546875 0.098262267578125 0.526863796875 0.096459291015625 0.531934669921875 0 0.4700700078125 0
1 0.65718525390625 0 0.659213603515625 0.10367119921875 0.72513496484375 0.10186822265625 0.72259952734375 0 0.65718525390625 0
1 0.7890279765625 0 0.797141373046875 0.0946563125 0.8686406953125 0.100065244140625 0.8549493359375 0 0.7890279765625 0
1 0.90565807421875 0.44984285546875 0.890445453125 0.305604666015625 0.80677603515625 0.30290019921875 0.819960306640625 0.44984285546875 0.90565807421875 0.44984285546875
1 1 0.310112109375 0.972593609375 0.3083091328125 0.989327494140625 0.45615327734375 1 0.459759232421875 1 0.310112109375
0 0.9658203125 0.05859375 0.064453125 0.1171875
0 0.892578125 0.0537109375 0.0634765625 0.107421875
0 0.7607421875 0.0712890625 0.07421875 0.142578125
0 0.623046875 0.05859375 0.0546875 0.1171875
0 0.5546875 0.064453125 0.056640625 0.12890625
0 0.6982421875 0.337890625 0.0732421875 0.25
0 0.771484375 0.330078125 0.0810546875 0.255859375
0 0.5419921875 0.35546875 0.0634765625 0.2509765625
0 0.4521484375 0.3564453125 0.068359375 0.248046875
0 0.3212890625 0.3388671875 0.0712890625 0.2392578125
0 0.2783909765625 0.0766265390625 0.195735732421875 0.225372171875 0.234274373046875 0.2758555390625 0.25252951953125 0.256022787109375 0.26622087890625 0.25692427734375 0.328592626953125 0.14153372265625 0.2783909765625 0.0766265390625
0 0.265713791015625 0.470577095703125 0.291575248046875 0.260530232421875 0.230217673828125 0.247909390625 0.19522864453125 0.4588577421875 0.265713791015625 0.470577095703125
0 0.1450269921875 0.45435030078125 0.2292035 0.307407642578125 0.1800160234375 0.23168259375 0.101924564453125 0.38764013671875 0.1450269921875 0.45435030078125
0 0 0.709385796875 0.110292380859375 0.50128696484375 0.0572271796875 0.418972314453125 0 0.51700998828125 0 0.709385796875
0 0.172201783203125 0.99887439453125 0.197693890625 0.82777091015625 0.101968427734375 0.81852207421875 0.0655511328125 1 0.172201783203125 0.99887439453125
0 0.38758407421875 1 0.39746876953125 0.883263931640625 0.3230734375 0.8730902109375 0.299662318359375 1 0.38758407421875 1
0 0.4541015625 0.9541015625 0.080078125 0.091796875
0 0.564453125 0.9580078125 0.07421875 0.0830078125
0 0.685546875 0.9521484375 0.0830078125 0.095703125
0 0.7939453125 0.955078125 0.0888671875 0.08984375
0 0.8974609375 0.9423828125 0.099609375 0.115234375
0 0.9716796875 0.9423828125 0.056640625 0.115234375
0 0.98714663671875 0.4702499296875 0.963744455078125 0.2218873671875 0.88431886328125 0.235755328125 0.9162309296875 0.4740321015625 0.98714663671875 0.4702499296875