0 0.10094039351851852 0.3137152777777778 0.12743055555555555 0.33090277777777777
0 0.3136935763888889 0.29989149305555557 0.08797743055555551 0.2773003472222222
0 0.4169560185185185 0.2680121527777778 0.09117476851851847 0.3134982638888889
0 0.5214554398148148 0.2713107638888889 0.0883825231481481 0.3319878472222223
0 0.643431712962963 0.26132812499999997 0.0982132523148147 0.34099392361111114
0 0.7433304398148148 0.3026041666666667 0.09772135416666661 0.27458767361111114
0 0.8437138310185186 0.27749565972222223 0.10228587962962976 0.36354166666666665
0 0.918822337962963 0.2674479166666667 0.08075810185185173 0.35720486111111116
0 0.03205295138888889 0.7681640625 0.05436197916666666 0.22089843750000004
0 0.10457175925925927 0.9340928819444445 0.1064525462962963 0.13181423611111098
0 0.19129050925925928 0.9088324652777777 0.08145254629629628 0.18233506944444455
0 0.2724537037037037 0.9246907552083333 0.06950954861111114 0.15061848958333335
0 0.4149305555555556 0.9123480902777779 0.07167245370370368 0.1753038194444443
0 0.5077690972222222 0.9221571180555556 0.07349537037037046 0.15568576388888888
0 0.6669126157407408 0.9192274305555556 0.08430266203703685 0.16154513888888888
0 0.7509114583333334 0.9218967013888889 0.07939814814814827 0.1562065972222222
0 0.9110026041666666 0.9150770399305556 0.0892867476851853 0.16984592013888888
1 0.21226851851851852 0.3161892361111111 0.09088541666666661 0.2744357638888889
1 0.3428313078703704 0.9340169270833334 0.069386574074074 0.13196614583333321
1 0.5849971064814815 0.9337239583333333 0.07919560185185182 0.13255208333333335
1 0.8261501736111111 0.9285807291666667 0.08126446759259265 0.14283854166666665
1 0.9728226273148148 0.9284071180555555 0.05435474537037033 0.14318576388888893