0 0.23421585648148147 0.5947554976851852 0.10635127314814818 0.32102141203703694
0 0.32740885416666665 0.608275462962963 0.10473090277777786 0.28977141203703694
0 0.42568721064814813 0.6180338541666667 0.09596354166666665 0.3275390625000001
0 0.5308376736111111 0.6084346064814815 0.09725839120370372 0.3149016203703703
0 0.6233217592592593 0.6356264467592593 0.09976128472222223 0.2691478587962963
0 0.8042390046296297 0.6360966435185185 0.11689091435185173 0.3174334490740742
1 0.7020037615740741 0.627199074074074 0.11462673611111107 0.2549623842592592
1 0.35578703703703707 0.02325665509259259 0.08920717592592586 0.027994791666666664
1 0.44224537037037037 0.03462094907407407 0.07824797453703702 0.04229600694444445
1 0.5204210069444444 0.03595920138888889 0.08806423611111125 0.043561921296296297
1 0.6083622685185186 0.037586805555555554 0.08190104166666679 0.037528935185185186
1 0.6863353587962964 0.04283130787037037 0.08826678240740726 0.047468171296296297
1 0.7718677662037037 0.05319010416666667 0.08810040509259265 0.06306423611111112
1 0.8546730324074074 0.05955584490740741 0.08224103009259265 0.062890625
1 0.9334201388888889 0.0687355324074074 0.08993778935185182 0.0796947337962963
1 0.929398146484375 0.65349794140625 0.92882716015625 0.530375513671875 0.841219134765625 0.49856824609375 0.85080246875 0.6490826484375 0.929398146484375 0.65349794140625
1 0.973858025390625 0.533796296875 0.9334567890625 0.5305126875 0.933194443359375 0.647350822265625 0.967916666015625 0.64837962890625 0.973858025390625 0.533796296875