0 0 0.3147670234375 0.056174052734375 0.3247296875 0.1217079609375 0.106758103515625 0.050692529296875 0.087763564453125 0 0.212002763671875 0 0.3147670234375
0 0.174268251953125 0.284448373046875 0.224587333984375 0.063065974609375 0.152240181640625 0.0573706171875 0.105489537109375 0.200514421875 0.119235283203125 0.28515307421875 0.174268251953125 0.284448373046875
0 0.263546513671875 0.24617826953125 0.28556469921875 0.114917826171875 0.22056182421875 0.072336958984375 0.1875303515625 0.17442630078125 0.199730630859375 0.247930220703125 0.263546513671875 0.24617826953125
1 0.124063919921875 0.565252248046875 0.163887744140625 0.42380671484375 0.10574865625 0.42385109375 0.06037983984375 0.5625558515625 0.124063919921875 0.565252248046875
1 0.1915639375 0.565752248046875 0.226387744140625 0.424269677734375 0.165748646484375 0.424295537109375 0.12590598828125 0.566378201171875 0.1915639375 0.565752248046875
1 0.26080712890625 0.57071444140625 0.291272646484375 0.42336111328125 0.2301236640625 0.424772388671875 0.192715068359375 0.56909774609375 0.26080712890625 0.57071444140625
1 0.332320740234375 0.56234556640625 0.357678896484375 0.42385301171875 0.293314580078125 0.423015830078125 0.265938947265625 0.566303173828125 0.332320740234375 0.56234556640625
1 0.381968078125 0.2370445546875 0.397653177734375 0.129640046875 0.34365066796875 0.13776365234375 0.32246127734375 0.24105304296875 0.381968078125 0.2370445546875
1 0.059416611328125 1 0.068356623046875 0.957938658203125 0 0.950065724609375 0 1 0.059416611328125 1
1 0.141539455078125 1 0.15083990625 0.9696631953125 0.07352841796875 0.96272646875 0.062544595703125 1 0.141539455078125 1
1 0.231603244140625 1 0.23562578515625 0.982793982421875 0.1546466171875 0.967776625 0.14527751171875 1 0.231603244140625 1
0 0.2718460648148148 0.9775245949074074 0.08342013888888888 0.04495081018518521
0 0.543041087962963 0.9883246527777778 0.06721643518518539 0.023350694444444375
0 0.47925347222222225 0.17643952546296296 0.06681857638888888 0.17916666666666664
0 0.5448857060185186 0.1700882523148148 0.06118344907407414 0.15373987268518519
0 0.6144820601851851 0.16181278935185187 0.05972222222222223 0.17032696759259258
1 0.4434400625 0.24055512890625 0.455547982421875 0.12729051171875 0.40410330078125 0.133480427734375 0.387124162109375 0.24236263671875 0.4434400625 0.24055512890625
1 0.406325677734375 0.564836671875 0.42682629296875 0.421498423828125 0.3605433515625 0.422119771484375 0.33497681640625 0.5676451328125 0.406325677734375 0.564836671875
1 0.48313479296875 0.5676302890625 0.496700244140625 0.4262719921875 0.4291945 0.425965267578125 0.41116094140625 0.57043412109375 0.48313479296875 0.5676302890625
1 0.561851833984375 0.5693256875 0.568575244140625 0.426804400390625 0.498569490234375 0.42647915625 0.48622684375 0.56876550390625 0.561851833984375 0.5693256875
1 0.643035931640625 0.57215171484375 0.643657548828125 0.42458217578125 0.571003626953125 0.429240365234375 0.564976833984375 0.5693488359375 0.643035931640625 0.57215171484375
1 0.729187076171875 0.576126841796875 0.723468505859375 0.4210057890625 0.6468263203125 0.423128052734375 0.643660947265625 0.57215634375 0.729187076171875 0.576126841796875
1 0.710316138671875 0.2213978125 0.706637330078125 0.113474892578125 0.64292027734375 0.111890583984375 0.643375232421875 0.2231266171875 0.710316138671875 0.2213978125
1 0.781485123046875 0.2141095546875 0.772872267578125 0.103925443359375 0.70823364453125 0.1123452421875 0.71257037109375 0.21916070703125 0.781485123046875 0.2141095546875
1 0.81643774609375 0.574640810546875 0.804060712890625 0.4174351875 0.725294009765625 0.42268925390625 0.730812765625 0.574006552734375 0.81643774609375 0.574640810546875
1 0.906371857421875 0.577531609375 0.888600322265625 0.412504630859375 0.807892888671875 0.419964126953125 0.82022071484375 0.573556482421875 0.906371857421875 0.577531609375
1 0.93039989453125 0.209650994140625 0.915335146484375 0.090409724609375 0.84737905859375 0.1000280234375 0.858393091796875 0.2135669140625 0.93039989453125 0.209650994140625
0 0.861441619140625 0.24254398828125 0.846089765625 0.04332384375 0.7858920703125 0.049551875 0.788776875 0.247567361328125 0.861441619140625 0.24254398828125
0 0.996760482421875 0.116741140625 0.979810455078125 0.02420601953125 0.916484130859375 0.051631556640625 0.936607443359375 0.216404919921875 0.992857443359375 0.2168215859375 0.996760482421875 0.116741140625
1 0.9852056171875 0.506717814453125 0.972934169921875 0.41451851953125 0.89065416796875 0.417031330078125 0.9077183828125 0.5795573828125 0.98212634375 0.578996220703125 0.9852056171875 0.506717814453125