0 0.28620515046296297 0.7112051504629631 0.10954861111111114 0.309548611111111
0 0.37995515046296297 0.716066261574074 0.10298032407407409 0.2955729166666665
0 0.47803096064814815 0.7104383680555555 0.1029875578703704 0.3520616319444443
0 0.5766782407407407 0.6970486111111112 0.09559461805555536 0.34096498842592604
0 0.6714409722222222 0.7214409722222223 0.09779369212962963 0.2894603587962963
0 0.8570529513888889 0.7135344328703703 0.12175925925925934 0.33842592592592613
1 0.7570240162037036 0.7190610532407407 0.11267361111111107 0.25711805555555545
1 0.9241753472222223 0.6556568287037037 0.08383246527777777 0.13290653935185182
1 0.9865451388888888 0.6655671296296297 0.02690972222222232 0.10532407407407396
1 0.08899016203703704 0.0445457175925926 0.07539062500000002 0.08279803240740741
1 0.17292390046296297 0.047923900462962965 0.07924623842592593 0.0820240162037037
1 0.25438368055555555 0.05993923611111111 0.07497106481481486 0.09348958333333332
1 0.3383680555555556 0.06429398148148148 0.07374131944444451 0.08855613425925926
1 0.41731770833333337 0.06546585648148148 0.07682291666666674 0.0916377314814815
1 0.502734375 0.07866030092592592 0.07578124999999991 0.10911458333333332
1 0.5826605902777777 0.0798828125 0.07727864583333321 0.1004267939814815
1 0.6630425347222222 0.08989438657407407 0.07901475694444438 0.11512586805555555
1 0.7444516782407408 0.10093315972222222 0.08029513888888884 0.12103587962962964
1 0.8226779513888889 0.10693721064814815 0.07894965277777777 0.13265335648148147
1 0.8997757523148149 0.1099609375 0.06707899305555554 0.1291160300925926
1 0.9697645399305556 0.11571180555555557 0.060470920138888884 0.1310691550925926