1 0.9921875 0.198611111328125 0.97265625 0.088888888671875 0.90703125 0.095833333984375 0.9203125 0.211111111328125 0.9921875 0.198611111328125
1 0.98046875 0.086111111328125 0.996875 0.204166666015625 1 0.083333333984375 0.98046875 0.086111111328125
1 0.99921875 0.583333333984375 0.99609375 0.4125 0.9421875 0.41527777734375 0.96015625 0.583333333984375 0.99921875 0.583333333984375
1 0.95390625 0.575 0.93046875 0.416666666015625 0.8515625 0.41527777734375 0.865625 0.57777777734375 0.95390625 0.575
1 0.86171875 0.573611111328125 0.8484375 0.4194444453125 0.771875 0.416666666015625 0.77734375 0.570833333984375 0.86171875 0.573611111328125
1 0.76640625 0.57222222265625 0.76328125 0.4194444453125 0.690625 0.42222222265625 0.68828125 0.57222222265625 0.76640625 0.57222222265625
1 0.68203125 0.56527777734375 0.68515625 0.42222222265625 0.609375 0.420833333984375 0.60625 0.56527777734375 0.68203125 0.56527777734375
1 0.6 0.56527777734375 0.6078125 0.425 0.540625 0.425 0.52890625 0.55972222265625 0.6 0.56527777734375
1 0.5265625 0.5625 0.5359375 0.420833333984375 0.475 0.426388888671875 0.4578125 0.558333333984375 0.5265625 0.5625
1 0.4515625 0.5625 0.4671875 0.42222222265625 0.4046875 0.4319444453125 0.38515625 0.5569444453125 0.4515625 0.5625
1 0.38203125 0.55972222265625 0.4015625 0.42777777734375 0.34296875 0.4194444453125 0.315625 0.554166666015625 0.38203125 0.55972222265625
1 0.69296875 0.2305555546875 0.69609375 0.120833333984375 0.6359375 0.116666666015625 0.628125 0.23472222265625 0.69296875 0.2305555546875
1 0.628125 0.2305555546875 0.634375 0.12222222265625 0.5734375 0.129166666015625 0.5671875 0.2375 0.628125 0.2305555546875
1 0.5 0.2319444453125 0.5109375 0.12777777734375 0.45859375 0.138888888671875 0.440625 0.238888888671875 0.5 0.2319444453125
0 0.92109375 0.2319444453125 0.89609375 0.045833333984375 0.840625 0.0430555546875 0.85390625 0.2444444453125 0.92109375 0.2319444453125
0 0.8328125 0.22777777734375 0.82890625 0.066666666015625 0.7703125 0.073611111328125 0.77578125 0.236111111328125 0.8328125 0.22777777734375
0 0.74609375 0.24722222265625 0.7546875 0.061111111328125 0.70703125 0.0680555546875 0.696875 0.245833333984375 0.74609375 0.24722222265625
0 0.49453125 0.2694444453125 0.55859375 0.25972222265625 0.56484375 0.09722222265625 0.5453125 0.0819444453125 0.51484375 0.0819444453125 0.49453125 0.2694444453125
0 0.4736328125 0.9814453125 0.056640625 0.037109375
0 0.43046875 0.251388888671875 0.4578125 0.108333333984375 0.40234375 0.086111111328125 0.3796875 0.2555555546875 0.43046875 0.251388888671875
0 0.3234375 0.173611111328125 0.31875 0.24722222265625 0.36328125 0.251388888671875 0.390625 0.1125 0.33671875 0.0930555546875 0.3234375 0.173611111328125
0 0.253125 0.2944444453125 0.29296875 0.1194444453125 0.23125 0.1055555546875 0.1953125 0.288888888671875 0.253125 0.2944444453125
0 0.12421875 0.483333333984375 0.121875 0.551388888671875 0.1734375 0.548611111328125 0.2140625 0.3569444453125 0.1546875 0.348611111328125 0.12421875 0.483333333984375
0 0.30390625 0.588888888671875 0.33828125 0.3569444453125 0.27265625 0.3569444453125 0.2390625 0.5819444453125 0.30390625 0.588888888671875
0 0.10859375 0.35277777734375 0.084375 0.401388888671875 0.06484375 0.4805555546875 0.05703125 0.57777777734375 0.1125 0.586111111328125 0.15078125 0.35277777734375 0.10859375 0.35277777734375
0 0.1375 0.111111111328125 0.10234375 0.25972222265625 0.14296875 0.276388888671875 0.15625 0.26527777734375 0.18984375 0.12777777734375 0.1390625 0.10972222265625 0.1375 0.111111111328125
0 0.065625 0.19027777734375 0.06171875 0.29027777734375 0.103125 0.2944444453125 0.13515625 0.12222222265625 0.0921875 0.12222222265625 0.065625 0.19027777734375
0 0 0.570833333984375 0.0484375 0.41527777734375 0 0.358333333984375 0 0.570833333984375
1 0.0515625 0.2694444453125 0.07578125 0.173611111328125 0.05703125 0.176388888671875 0.021875 0.2625 0.0515625 0.2694444453125
1 0.196875 0.2569444453125 0.21953125 0.161111111328125 0.19453125 0.163888888671875 0.165625 0.2569444453125 0.196875 0.2569444453125
1 0.04609375 0.566666666015625 0.07890625 0.43472222265625 0.0546875 0.425 0.0109375 0.55972222265625 0.04609375 0.566666666015625
1 0.2359375 0.5569444453125 0.259375 0.42222222265625 0.2203125 0.42777777734375 0.184375 0.55972222265625 0.2359375 0.5569444453125
1 0.31640625 0.241666666015625 0.32890625 0.1444444453125 0.296875 0.1555555546875 0.27265625 0.2444444453125 0.31640625 0.241666666015625