0 0.2690104166666667 0.24049479166666665 0.09889322916666665 0.3172526041666667
0 0.36688368055555554 0.2410373263888889 0.09939236111111116 0.30655381944444443
0 0.4625434027777778 0.23580729166666664 0.10045572916666667 0.3524088541666667
0 0.5729166666666666 0.25340711805555555 0.1020182291666667 0.3437065972222222
0 0.6618489583333333 0.22890624999999998 0.10718315972222214 0.28448350694444446
0 0.8486111111111111 0.24800347222222222 0.13266059027777777 0.3314236111111111
1 0.7433810763888888 0.23604600694444444 0.08838975694444429 0.2563585069444444
1 0.9303168402777777 0.3030815972222222 0.07228732638888902 0.1572048611111111
1 0.991748046875 0.31167534722222223 0.01650390625000009 0.15848524305555556
1 0.1443142361111111 0.9133680555555556 0.0644748263888889 0.15685763888888893
1 0.22669270833333333 0.9175347222222223 0.06560329861111114 0.13838975694444455
1 0.3074869791666667 0.9080729166666667 0.07309027777777777 0.1533420138888888
1 0.3894314236111111 0.9024739583333333 0.0761935763888889 0.15737847222222223
1 0.4667534722222222 0.9029513888888889 0.07899305555555558 0.15457899305555545
1 0.5467881944444445 0.8984157986111111 0.07703993055555558 0.15449218750000004
1 0.6267795138888889 0.8929036458333333 0.07801649305555558 0.15453559027777786
1 0.7066840277777777 0.8854383680555555 0.07352430555555545 0.16310763888888902
1 0.784765625 0.8809895833333333 0.07107204861111116 0.17371961805555558
1 0.8638671875 0.8774739583333333 0.06690538194444451 0.16768663194444455
1 0.9417751736111111 0.8691189236111111 0.05837673611111116 0.17315538194444446
1 0.9920138888888889 0.8678602430555555 0.015972222222222276 0.1703125000000001