0 0.2021484375 0.685546875 0.1103515625 0.3349609375
0 0.3984375 0.7333984375 0.0888671875 0.259765625
0 0.4990234375 0.7666015625 0.0849609375 0.3115234375
0 0.6064453125 0.7822265625 0.0859375 0.3173828125
0 0.7314453125 0.8056640625 0.0986328125 0.345703125
0 0.8408203125 0.7841796875 0.0869140625 0.27734375
0 0.94140625 0.8017578125 0.0947265625 0.384765625
0 0.1025390625 0.27734375 0.1435546875 0.265625
0 0.2216796875 0.0888671875 0.091796875 0.177734375
0 0.2978515625 0.09765625 0.0673828125 0.1943359375
0 0.3701171875 0.0810546875 0.072265625 0.162109375
0 0.5087890625 0.09765625 0.064453125 0.1943359375
0 0.6025390625 0.1015625 0.0732421875 0.2021484375
0 0.763671875 0.1064453125 0.0771484375 0.2119140625
0 0.853515625 0.125 0.0810546875 0.25
0 0.990234375 0.1044921875 0.01953125 0.208984375
1 0.9345703125 0.1123046875 0.0810546875 0.2158203125
1 0.68359375 0.1015625 0.0703125 0.2021484375
1 0.4423828125 0.0859375 0.0546875 0.1689453125
1 0.3017578125 0.6943359375 0.0654296875 0.3056640625