0 0.24220920138888888 0.315234375 0.10145399305555552 0.3287109375
0 0.3398509837962963 0.3077473958333333 0.08915653935185186 0.28886718749999996
0 0.43950376157407406 0.30403645833333337 0.09678819444444442 0.34303385416666665
0 0.5412977430555556 0.312890625 0.08775318287037037 0.32584635416666674
0 0.6298466435185185 0.28548177083333337 0.08130063657407405 0.28541666666666665
0 0.8126953125 0.2889322916666667 0.11212384259259256 0.32454427083333326
1 0.7120515046296296 0.29173177083333335 0.08268952546296293 0.24746093749999998
1 0.895580150462963 0.34108072916666665 0.07608506944444438 0.1309244791666666
1 0.9705638744212963 0.33489583333333334 0.05887225115740735 0.11555989583333337
1 0.08855613425925926 0.9628255208333334 0.07609230324074073 0.06555989583333321
1 0.17547019675925923 0.95703125 0.07711226851851849 0.06855468750000004
1 0.2593967013888889 0.9475260416666667 0.07230179398148151 0.07311197916666679
1 0.3413700810185185 0.9381510416666667 0.07534722222222223 0.08111979166666661
1 0.4253689236111111 0.9335286458333334 0.07336516203703702 0.07903645833333339
1 0.5083333333333333 0.9250651041666667 0.07348090277777786 0.08684895833333339
1 0.5903211805555555 0.9166666666666667 0.07260561342592586 0.09361979166666679
1 0.6703559027777778 0.9083984375 0.07552083333333326 0.09283854166666661
1 0.7485243055555555 0.9061197916666667 0.06868489583333348 0.09238281249999991
1 0.8265769675925926 0.8960286458333333 0.0717447916666667 0.10136718750000018
1 0.9056061921296297 0.8858723958333333 0.07388599537037033 0.11419270833333339
1 0.9733362268518518 0.875 0.053327546296296324 0.1177083333333333