0 0.1123046875 0.129243828125 0.09223090234375 0.200617283203125 0.0830078125 0.2893518515625 0.125325521484375 0.288387345703125 0.149739583984375 0.150462962890625 0.13617621484375 0.132137345703125 0.1123046875 0.129243828125
0 0.158420138671875 0.111882716796875 0.139973958984375 0.187114197265625 0.13237847265625 0.271026234375 0.1795789921875 0.267168208984375 0.207248263671875 0.145640431640625 0.1942274296875 0.119598765625 0.158420138671875 0.111882716796875
0 0.24956597265625 0.100308642578125 0.234375 0.168788580078125 0.2197265625 0.28260030859375 0.276150173828125 0.272955248046875 0.304361978515625 0.123456791015625 0.28862847265625 0.10320216015625 0.24956597265625 0.100308642578125
0 0.35101996484375 0.08294753125 0.339084201171875 0.165895060546875 0.334743923828125 0.23630401171875 0.383029513671875 0.234375 0.402560763671875 0.09934413671875 0.383029513671875 0.08005401171875 0.35101996484375 0.08294753125
0 0 0.59027777734375 0.037434896484375 0.578703705078125 0.0770399296875 0.424382716796875 0.05425347265625 0.390625 0.02387152734375 0.39255401171875 0 0.472608025390625 0 0.59027777734375
0 0 0.46875 0.0108506953125 0.429205248046875 0 0.409915123046875 0 0.46875
0 0.1307508671875 0.358796294921875 0.100911458984375 0.47067901171875 0.091145833984375 0.5603780859375 0.148654513671875 0.56809413671875 0.18120659765625 0.35590277734375 0.154079861328125 0.353973765625 0.1307508671875 0.358796294921875
0 0.182291666015625 0.346257716796875 0.15625 0.459104939453125 0.153537326171875 0.557484568359375 0.20941840234375 0.550733025390625 0.2392578125 0.371334876953125 0.2197265625 0.34722222265625 0.182291666015625 0.346257716796875
0 0.32172308984375 0.341435185546875 0.29839409765625 0.343364197265625 0.27886284765625 0.46199845703125 0.276150173828125 0.55169753125 0.2891710078125 0.569058642578125 0.3407118046875 0.556520060546875 0.3553602421875 0.344328705078125 0.32172308984375 0.341435185546875
0 0.3955078125 0.244020060546875 0.452473958984375 0.235339505859375 0.465494791015625 0.090663580078125 0.451388888671875 0.067515431640625 0.422634548828125 0.065586419921875 0.3955078125 0.244020060546875
1 0.075412326171875 0.28260030859375 0.09819878515625 0.185185185546875 0.080295138671875 0.188078705078125 0.048828125 0.28260030859375 0.075412326171875 0.28260030859375
1 0.217013888671875 0.260416666015625 0.237630208984375 0.153356482421875 0.216471353515625 0.155285494140625 0.1904296875 0.2575231484375 0.217013888671875 0.260416666015625
1 0.329861111328125 0.23630401171875 0.345052083984375 0.13503086328125 0.31195746484375 0.143711419921875 0.290798611328125 0.23630401171875 0.329861111328125 0.23630401171875
1 0.07758246484375 0.56230709765625 0.10687933984375 0.444637345703125 0.0830078125 0.441743828125 0.046657986328125 0.5603780859375 0.07758246484375 0.56230709765625
1 0.2696397578125 0.536265431640625 0.285373263671875 0.42052469140625 0.2452256953125 0.419560185546875 0.22026909765625 0.53047839453125 0.2696397578125 0.536265431640625
1 0.408528646484375 0.537229939453125 0.42534722265625 0.40702160546875 0.3651258671875 0.41087962890625 0.343424478515625 0.541087962890625 0.408528646484375 0.537229939453125
1 0.478515625 0.534336419921875 0.4920789921875 0.3993055546875 0.42914496484375 0.40605709765625 0.412868923828125 0.53915894921875 0.478515625 0.534336419921875
1 0.549045138671875 0.529513888671875 0.5604383671875 0.391589505859375 0.49370659765625 0.400270060546875 0.481770833984375 0.53144290234375 0.549045138671875 0.529513888671875
1 0.63042534765625 0.5285493828125 0.6309678828125 0.38580246875 0.563151041015625 0.390625 0.5555555546875 0.5285493828125 0.63042534765625 0.5285493828125
1 0.517578125 0.207368828125 0.524631076171875 0.1012731484375 0.472005208984375 0.109953705078125 0.45844183984375 0.2160493828125 0.517578125 0.207368828125
0 0.569661458984375 0.228587962890625 0.57562933984375 0.0501543203125 0.52788628515625 0.045331791015625 0.51703558984375 0.237268517578125 0.569661458984375 0.228587962890625
1 0.64507378515625 0.1842206796875 0.64995659765625 0.075231482421875 0.588650173828125 0.08969907421875 0.582682291015625 0.198688271484375 0.64507378515625 0.1842206796875
1 0.715603298828125 0.175540123046875 0.712890625 0.060763888671875 0.651584201171875 0.074266974609375 0.646701388671875 0.187114197265625 0.715603298828125 0.175540123046875
1 0.71234808984375 0.524691357421875 0.710177951171875 0.3771219140625 0.636393228515625 0.384837962890625 0.632595486328125 0.52565586328125 0.71234808984375 0.524691357421875
1 0.7996961796875 0.5237268515625 0.791015625 0.368441357421875 0.714518228515625 0.380015431640625 0.716145833984375 0.52565586328125 0.7996961796875 0.5237268515625
1 0.89409722265625 0.514081791015625 0.876193576171875 0.354938271484375 0.79535590234375 0.368441357421875 0.8018663203125 0.520833333984375 0.89409722265625 0.514081791015625
1 0.989583333984375 0.51215277734375 0.963541666015625 0.349151234375 0.8799913203125 0.354938271484375 0.896267361328125 0.511188271484375 0.989583333984375 0.51215277734375
1 1 0.516010802734375 0.999348958984375 0.341435185546875 0.968967013671875 0.349151234375 0.9950086796875 0.515046294921875 1 0.516010802734375
1 0.944552951171875 0.143711419921875 1 0.13985339453125 0.9998914921875 0.035686728515625 0.992838541015625 0.00192901171875 0.92719183984375 0.01543209765625 0.944552951171875 0.143711419921875
0 0.773654513671875 0.188078705078125 0.7763671875 0.00771605078125 0.7237413203125 0.003858025390625 0.721028646484375 0.19965277734375 0.773654513671875 0.188078705078125
0 0.8555772578125 0.1697530859375 0.84418402734375 0.01157407421875 0.7921006953125 0.01157407421875 0.7948133671875 0.1793981484375 0.8555772578125 0.1697530859375
0 0.948893228515625 0.166859568359375 0.92230902734375 0 0.86371527734375 0.00192901171875 0.8740234375 0.175540123046875 0.948893228515625 0.166859568359375
0 0.8271484375 0.97265625 0.0830078125 0.0537109375
0 0.7060546875 0.970703125 0.0791015625 0.05859375
0 0.6064453125 0.982421875 0.0615234375 0.03515625
0 0.515625 0.97265625 0.0732421875 0.0537109375