0 0.1156177662037037 0.7166594328703704 0.12270688657407408 0.35583767361111107
0 0.3296223958333333 0.7463035300925926 0.08512731481481484 0.2904369212962963
0 0.43627025462962965 0.7791666666666667 0.08529369212962967 0.3128978587962963
0 0.5388020833333333 0.7835069444444445 0.09125434027777768 0.32687355324074074
0 0.6580873842592592 0.8092158564814815 0.10118634259259274 0.34984085648148167
0 0.7603226273148148 0.7735170717592592 0.09578993055555562 0.280251736111111
0 0.8629484953703703 0.7905526620370371 0.11776620370370372 0.34777199074074083
0 0.9323061342592592 0.7970775462962962 0.0805700231481481 0.33412905092592604
0 0.03115596064814815 0.2524956597222222 0.05920138888888889 0.21685474537037042
0 0.1128833912037037 0.08394820601851852 0.11052517361111111 0.1609447337962963
0 0.19796730324074074 0.10495515046296297 0.07952112268518519 0.19252748842592593
0 0.27209201388888893 0.0961082175925926 0.07348090277777786 0.1678096064814815
0 0.41576967592592595 0.12015335648148148 0.0747034143518519 0.20106336805555558
0 0.5065248842592592 0.11607349537037037 0.06773726851851847 0.18313078703703706
0 0.6686053240740741 0.12057291666666667 0.08135127314814827 0.1760271990740741
0 0.7506655092592592 0.1287326388888889 0.07554976851851847 0.18353587962962964
0 0.9127893518518518 0.13909143518518519 0.08729745370370368 0.1880497685185185
1 0.3462673611111111 0.09409722222222222 0.06167534722222223 0.1554832175925926
1 0.5855758101851851 0.11333912037037036 0.06568287037037024 0.16935763888888888
1 0.8258535879629629 0.1316550925925926 0.08530092592592586 0.18208912037037034
1 0.9775589554398147 0.13955439814814816 0.044882089120370505 0.16932146990740743
1 0.22594762731481483 0.7194516782407407 0.08323929398148144 0.29912471064814805