1 0.3564453125 0.0146484375 0.087890625 0.0205078125
1 0.44140625 0.01953125 0.0810546875 0.03515625
1 0.5244140625 0.0166015625 0.0830078125 0.029296875
1 0.6103515625 0.02734375 0.0859375 0.0458984375
1 0.693359375 0.0244140625 0.0830078125 0.0439453125
1 0.7734375 0.025390625 0.0830078125 0.0498046875
1 0.8603515625 0.0380859375 0.0771484375 0.060546875
1 0.9384765625 0.0341796875 0.0869140625 0.068359375
1 0.7353515625 0.611328125 0.107421875 0.2607421875
0 0.84375 0.607421875 0.09765625 0.3271484375
0 0.650390625 0.6181640625 0.076171875 0.2607421875
0 0.560546875 0.5927734375 0.080078125 0.3310546875
0 0.4560546875 0.60546875 0.07421875 0.33984375
0 0.3583984375 0.5986328125 0.0771484375 0.28125
0 0.26171875 0.5888671875 0.0869140625 0.310546875
1 0.96527777734375 0.62708333203125 0.956018517578125 0.50208333203125 0.8668981484375 0.48333333203125 0.890046294921875 0.625 0.96527777734375 0.62708333203125
1 0.99884259375 0.62083333203125 1 0.49166666796875 0.958333333984375 0.49583333203125 0.96527777734375 0.62291666796875 0.99884259375 0.62083333203125