1 0.105415908203125 0.817006189453125 0.100678115234375 0.562218177734375 0.00118444921875 0.5601124921875 0 0.8338516796875 0.105415908203125 0.817006189453125
1 0.0959403203125 0 0.0923869765625 0.0905445 0.1705605703125 0.082121755859375 0.17529836328125 0 0.0959403203125 0
1 0.34822783203125 0 0.35415007421875 0.067381955078125 0.4335081171875 0.04632509375 0.429954771484375 0 0.34822783203125 0
0 0.044921875 0.0537109375 0.08984375 0.107421875
0 0.212890625 0.0556640625 0.0888671875 0.111328125
0 0.310546875 0.0537109375 0.08203125 0.107421875
0 0.4736328125 0.03515625 0.0732421875 0.0693359375
0 0.1767578125 0.6982421875 0.11328125 0.29296875
0 0.28125 0.69140625 0.0986328125 0.296875
0 0.392578125 0.669921875 0.107421875 0.302734375
0 0.5029296875 0.6357421875 0.109375 0.32421875
0 0.5966796875 0.5634765625 0.08984375 0.267578125
0 0.68359375 0.560546875 0.123046875 0.3203125
0 0.74609375 0.5537109375 0.0791015625 0.3330078125