0 0.9762369791666666 0.4614366319444444 0.02800202546296293 0.2533854166666667
0 0.8985387731481482 0.47827690972222225 0.08921440972222205 0.27719184027777777
0 0.7216579861111112 0.5114800347222223 0.09191261574074083 0.2694444444444444
0 0.6501085069444446 0.5186848958333333 0.09389467592592604 0.2704644097222222
0 0.8805700231481481 0.8208767361111111 0.07440682870370363 0.20562065972222232
0 0.8043692129629629 0.8201605902777778 0.0717375578703705 0.2143446180555555
0 0.6661024305555555 0.8034071180555555 0.07868923611111112 0.21840277777777772
0 0.46607349537037035 0.03478732638888889 0.0590639467592593 0.050108506944444436
1 0.978662828125 0.742351744140625 0.917007810546875 0.74568843359375 0.91139983984375 0.867940681640625 0.974795337890625 0.872879572265625 0.978662828125 0.742351744140625
1 0.76629705859375 0.850595767578125 0.76278343359375 0.745791328125 0.6959412734375 0.745482646484375 0.70492077734375 0.844525046875 0.76629705859375 0.850595767578125
1 0.850275078125 0.540636271484375 0.8543870078125 0.379519658203125 0.762722458984375 0.390426375 0.768045158203125 0.54586914453125 0.850275078125 0.540636271484375
1 0.640202361328125 0.8395567578125 0.632580615234375 0.739367830078125 0.571900638671875 0.7321358828125 0.585475509765625 0.832457103515625 0.640202361328125 0.8395567578125
1 0.615491578125 0.556599470703125 0.602996814453125 0.419824533203125 0.532498939453125 0.431201623046875 0.551887025390625 0.558716138671875 0.615491578125 0.556599470703125
1 0.482316162109375 0.545464798828125 0.468754509765625 0.43821761328125 0.407894021484375 0.4443048671875 0.431167826171875 0.559207587890625 0.482316162109375 0.545464798828125
1 0.43014984375 0.55825500390625 0.40728865234375 0.4470813046875 0.349564724609375 0.45323826171875 0.377213369140625 0.561728455078125 0.43014984375 0.55825500390625
1 0.375039716796875 0.564470041015625 0.3486018125 0.450426970703125 0.29695825390625 0.4632287890625 0.325762564453125 0.5680248125 0.375039716796875 0.564470041015625
1 0.323643986328125 0.568907697265625 0.296820572265625 0.467875548828125 0.243554091796875 0.464831923828125 0.275439892578125 0.571556349609375 0.323643986328125 0.568907697265625
1 0.27442190625 0.570603763671875 0.24476483203125 0.459279044921875 0.195900294921875 0.46656283984375 0.2298771328125 0.573333734375 0.27442190625 0.570603763671875
1 0.228363923828125 0.5714401796875 0.1958727578125 0.46749219140625 0.148686646484375 0.4710934296875 0.185332361328125 0.576063703125 0.228363923828125 0.5714401796875
1 0.47245944140625 0.825164810546875 0.459200259765625 0.7253640546875 0.41000571484375 0.72613076953125 0.430803830078125 0.818659349609375 0.47245944140625 0.825164810546875
1 0.3701636328125 0.817311791015625 0.3522817890625 0.732287724609375 0.3179998984375 0.7240861953125 0.34201718359375 0.813896421875 0.3701636328125 0.817311791015625
1 0.33637696484375 0.810051228515625 0.316019 0.720322322265625 0.27356526953125 0.723098759765625 0.298160388671875 0.8110618984375 0.33637696484375 0.810051228515625
0 0.584796978515625 0.86485974609375 0.57142851171875 0.733437796875 0.523251951171875 0.735157099609375 0.539426544921875 0.877800966796875 0.584796978515625 0.86485974609375
0 0.524321998046875 0.85793607421875 0.503415025390625 0.71611700390625 0.4581822734375 0.72441146875 0.47578746484375 0.871736947265625 0.524321998046875 0.85793607421875
0 0.431078333984375 0.8447044296875 0.4003490625 0.698947232421875 0.346889826171875 0.702409068359375 0.38092044921875 0.86032915625 0.431078333984375 0.8447044296875
0 0.550740970703125 0.619522513671875 0.524827978515625 0.4171445625 0.468727404296875 0.421477666015625 0.49428242578125 0.6359371875 0.550740970703125 0.619522513671875
0 0.294752005859375 0.830082216796875 0.264530185546875 0.705936708984375 0.22434630078125 0.70871855078125 0.247044458984375 0.835636720703125 0.294752005859375 0.830082216796875
0 0.24624026953125 0.82091957421875 0.223280625 0.716779470703125 0.184814607421875 0.71739459765625 0.20857878125 0.822287544921875 0.24624026953125 0.82091957421875
0 0.211514322265625 0.8208828515625 0.17516061328125 0.694396189453125 0.1397821328125 0.702429564453125 0.16624212109375 0.82796140234375 0.211514322265625 0.8208828515625
0 0 0.775508478515625 0.0344485 0.838996966796875 0.0816130078125 0.8099115546875 0.041649125 0.70759846875 0.01577298046875 0.715843009765625 0 0.750122916015625 0 0.775508478515625
1 0.161698205078125 0.7999318046875 0.1422606640625 0.716448955078125 0.118232962890625 0.7181198984375 0.149738759765625 0.798931076171875 0.161698205078125 0.7999318046875
1 0.149369140625 0.797452935546875 0.119059251953125 0.718138259765625 0.08726884375 0.71669684375 0.115643578125 0.79155873046875 0.149369140625 0.797452935546875
1 0.18429598046875 0.577721984375 0.1501682734375 0.475581912109375 0.1072895703125 0.479237310546875 0.143962234375 0.5829700234375 0.18429598046875 0.577721984375
1 0.14443945703125 0.581444541015625 0.105994349609375 0.47920852734375 0.063592869140625 0.4813384453125 0.104242162109375 0.58208735546875 0.14443945703125 0.581444541015625
1 0.103378681640625 0.582068166015625 0.065592376953125 0.486759177734375 0.027576521484375 0.48668242578125 0.06908929296875 0.5874505234375 0.103378681640625 0.582068166015625
1 0 0.5088856484375 0.0326639453125 0.592017373046875 0.068180328125 0.588966412109375 0.027917294921875 0.489762169921875 0 0.492274595703125 0 0.5088856484375
1 0 0.58711859375 0.0011924140625 0.589781919921875 0.034072873046875 0.588208466796875 0 0.50582750390625 0 0.58711859375
0 0 0.171651283203125 0.035934037109375 0.225862517578125 0.07610674609375 0.21105783984375 0.028189533203125 0.107959890625 0 0.129871078125 0 0.171651283203125
0 0.11946737890625 0.18348067578125 0.0790658984375 0.057003634765625 0.02618408203125 0.10791532421875 0.072665955078125 0.205273232421875 0.11946737890625 0.18348067578125