1 0.22991071484375 0.99603174609375 0.236607142578125 0.95039682421875 0.1328125 0.958333333984375 0.1261160703125 1 0.22991071484375 0.99603174609375
1 0.3504464296875 0.49603174609375 0.36272321484375 0.353174603515625 0.296875 0.35515873046875 0.279017857421875 0.49603174609375 0.3504464296875 0.49603174609375
1 0.5870535703125 0.4920634921875 0.58258928515625 0.337301587890625 0.515625 0.33928571484375 0.513392857421875 0.494047619140625 0.5870535703125 0.4920634921875
1 0.825892857421875 0.48809523828125 0.8046875 0.345238095703125 0.732142857421875 0.34325396875 0.747767857421875 0.48809523828125 0.825892857421875 0.48809523828125
1 0.986607142578125 0.482142857421875 0.9542410703125 0.33928571484375 0.8917410703125 0.34722222265625 0.908482142578125 0.48809523828125 0.986607142578125 0.482142857421875
1 0.455357142578125 0.154761904296875 0.4609375 0.05158730078125 0.3995535703125 0.057539681640625 0.3917410703125 0.15674603125 0.455357142578125 0.154761904296875
1 0.65178571484375 0.15277777734375 0.64397321484375 0.037698412109375 0.5848214296875 0.045634919921875 0.58928571484375 0.15674603125 0.65178571484375 0.15277777734375
1 0.7823660703125 0.146825396484375 0.77008928515625 0.03571428515625 0.7109375 0.04365079296875 0.71875 0.15079365234375 0.7823660703125 0.146825396484375
1 0.9765625 0.142857142578125 0.95647321484375 0.041666666015625 0.9073660703125 0.037698412109375 0.919642857421875 0.142857142578125 0.9765625 0.142857142578125
0 0.07477678515625 0.53571428515625 0.1551339296875 0.3670634921875 0.0948660703125 0.311507935546875 0.013392857421875 0.47420634765625 0.07477678515625 0.53571428515625
0 0.19866071484375 0.1488095234375 0.1261160703125 0.291666666015625 0.15625 0.335317458984375 0.17633928515625 0.315476189453125 0.1941964296875 0.315476189453125 0.25446428515625 0.20634920703125 0.19866071484375 0.1488095234375
0 0.189732142578125 0.54365079296875 0.224330357421875 0.327380953125 0.1551339296875 0.32539682421875 0.1160714296875 0.54365079296875 0.189732142578125 0.54365079296875
0 0.27790178515625 0.513888888671875 0.2979910703125 0.28571428515625 0.228794642578125 0.28174603125 0.203125 0.51190476171875 0.27790178515625 0.513888888671875
0 0.4129464296875 0.529761904296875 0.4229910703125 0.295634919921875 0.36383928515625 0.29365079296875 0.3504464296875 0.52579365234375 0.4129464296875 0.529761904296875
0 0.505580357421875 0.51984126953125 0.5066964296875 0.28174603125 0.44977678515625 0.287698412109375 0.4453125 0.517857142578125 0.505580357421875 0.51984126953125
0 0.6640625 0.517857142578125 0.65625 0.26190476171875 0.5926339296875 0.263888888671875 0.595982142578125 0.521825396484375 0.6640625 0.517857142578125
0 0.7410714296875 0.4920634921875 0.716517857421875 0.23809523828125 0.65959821484375 0.255952380859375 0.6796875 0.50396825390625 0.7410714296875 0.4920634921875
0 0.9051339296875 0.509920634765625 0.875 0.25 0.8113839296875 0.267857142578125 0.8359375 0.513888888671875 0.9051339296875 0.509920634765625
0 0.51227678515625 0.184523810546875 0.5167410703125 0 0.4598214296875 0.00396825390625 0.458705357421875 0.1785714296875 0.51227678515625 0.184523810546875
0 0.525669642578125 0 0.525669642578125 0.1785714296875 0.58147321484375 0.17658730078125 0.5770089296875 0 0.525669642578125 0
0 0.724330357421875 0.186507935546875 0.69977678515625 0 0.6473214296875 0.00396825390625 0.6573660703125 0.186507935546875 0.724330357421875 0.186507935546875
0 0.771205357421875 0 0.786830357421875 0.16071428515625 0.838169642578125 0.15277777734375 0.8270089296875 0 0.771205357421875 0
0 0.841517857421875 0 0.864955357421875 0.15674603125 0.9207589296875 0.158730158203125 0.896205357421875 0 0.841517857421875 0
0 0.9765625 0 0.9620535703125 0.039682541015625 0.9988839296875 0.170634919921875 1 0 0.9765625 0
0 0.0126953125 0.5947265625 0.0224609375 0.14453125
0 0.0732421875 0.958984375 0.1025390625 0.0810546875
0 0.2919921875 0.982421875 0.072265625 0.03515625
0 0.3984375 0.9833984375 0.0703125 0.033203125
0 0.509765625 0.982421875 0.0712890625 0.03515625
0 0.626953125 0.9765625 0.08203125 0.046875
0 0.728515625 0.97265625 0.09375 0.0546875
0 0.830078125 0.958984375 0.0908203125 0.0810546875
0 0.912109375 0.9599609375 0.0693359375 0.0791015625