0 0.8737702546296297 0.16588541666666667 0.13052662037037033 0.2935329861111111
0 0.7541666666666667 0.17634548611111112 0.13065682870370376 0.3286458333333333
0 0.6391493055555555 0.20815972222222223 0.11893807870370354 0.32838541666666665
0 0.5216579861111111 0.2488064236111111 0.12248987268518507 0.30603298611111107
0 0.4271339699074074 0.31332465277777777 0.12085503472222214 0.24552951388888888
0 0.34440827546296293 0.32686631944444444 0.13702980324074066 0.32098524305555554
0 0.2779947916666667 0.34492187500000004 0.11830150462962963 0.31764322916666665
0 0.2973307291666667 0.9238064236111111 0.09599247685185186 0.138671875
1 0.409991302734375 0.989572208984375 0.4013952578125 0.856078830078125 0.32696775390625 0.87403575 0.33744942578125 0.991184251953125 0.409991302734375 0.989572208984375
1 0.26674405078125 0.992755482421875 0.259258220703125 0.886952490234375 0.191017388671875 0.893359845703125 0.2024664375 0.994183873046875 0.26674405078125 0.992755482421875
1 0.2024664375 0.994183873046875 0.18768220703125 0.90321574609375 0.12248634375 0.90466454296875 0.140943578125 0.995551048828125 0.2024664375 0.994183873046875
1 0.138108140625 0.99561405859375 0.12081001953125 0.908384005859375 0.06347912109375 0.909658025390625 0.075697287109375 0.99700096484375 0.138108140625 0.99561405859375
1 0.07206875 0.997081599609375 0.05866615625 0.91749566796875 0.000686001953125 0.91749566796875 0.016189265625 0.998323365234375 0.07206875 0.997081599609375
1 0.997266712890625 0.023901994140625 0.947020755859375 0.03343022265625 0.934726861328125 0.300773388671875 0.981169912109375 0.29553549609375 0.997266712890625 0.023901994140625