1 0.6302300347222223 0.9949381510416666 0.08780381944444438 0.010123697916666785
1 0.5481553819444445 0.9912272135416667 0.087890625 0.017545572916666696
1 0.46501736111111114 0.9845703125 0.08734809027777768 0.03085937499999991
1 0.38200954861111114 0.9828450520833334 0.08326822916666665 0.034309895833333215
1 0.3027777777777778 0.9759602864583333 0.08960503472222214 0.04807942708333335
1 0.22154947916666667 0.9705240885416666 0.07805989583333328 0.058951822916666785
1 0.1411675347222222 0.9601236979166667 0.08856336805555554 0.07975260416666652
1 0.30976562500000004 0.3974609375 0.11586371527777772 0.26282552083333344
0 0.7796657986111111 0.43268229166666666 0.10364583333333321 0.3165364583333333
0 0.6835720486111112 0.4175130208333333 0.08328993055555545 0.29667968749999996
0 0.5862196180555556 0.4178385416666667 0.09186197916666661 0.33619791666666665
0 0.48020833333333335 0.42050781249999997 0.09390190972222223 0.33828125
0 0.39535590277777777 0.3953776041666667 0.09218749999999998 0.2777994791666667
0 0.20579427083333335 0.4022135416666667 0.11408420138888886 0.31041666666666656
1 0.10757919140625 1 0.09907407421875 0.930941357421875 0.041203703125 0.92708333203125 0.04674752734375 1 0.10757919140625 1
1 0.18606481640625 0.5254629609375 0.16375 0.38688271484375 0.082731482421875 0.38148148046875 0.1030555546875 0.50123456640625 0.18606481640625 0.5254629609375
1 0.096296296875 0.504938271484375 0.085416666015625 0.38996913671875 0.0168518515625 0.37916666796875 0.02462962890625 0.50223765234375 0.096296296875 0.504938271484375