1 0.762645671875 0.55729165625 0.771648224609375 0.398332287109375 0.69890403125 0.4078325703125 0.695722240234375 0.55948634375 0.762645671875 0.55729165625
1 0.5440567734375 0.576171966796875 0.53528526953125 0.4307114140625 0.461099107421875 0.43782660546875 0.474605724609375 0.583217005859375 0.5440567734375 0.576171966796875
1 0.67515332421875 0.8630043359375 0.673218638671875 0.755945771484375 0.61039841015625 0.759282896484375 0.614540587890625 0.871121666015625 0.67515332421875 0.8630043359375
1 0.494489841796875 0.882526013671875 0.4823194140625 0.77321263671875 0.418146294921875 0.7765698046875 0.43347624609375 0.879820236328125 0.494489841796875 0.882526013671875
1 0.37232068359375 0.891555291015625 0.355726923828125 0.79073003515625 0.290289998046875 0.796512380859375 0.31567753125 0.897207357421875 0.37232068359375 0.891555291015625
1 0.3276616796875 0.59563987109375 0.30194936328125 0.45375539453125 0.22989795703125 0.474076787109375 0.25746136328125 0.600958533203125 0.3276616796875 0.59563987109375
1 0.17687960546875 0.602152337890625 0.148192677734375 0.477426564453125 0.073300294921875 0.486023734375 0.112408259765625 0.6159434453125 0.17687960546875 0.602152337890625
1 0.01842716015625 0.49753331640625 0.020367337890625 0.549918140625 0.045412701171875 0.626562953125 0.11188609375 0.618090509765625 0.0714962265625 0.4860504609375 0.01842716015625 0.49753331640625
1 0.1849125390625 0.91651473828125 0.1610686328125 0.8088318515625 0.100932994140625 0.80972275 0.133678458984375 0.914064767578125 0.1849125390625 0.91651473828125
0 0.02931591796875 0.79152978125 0.031256095703125 0.843914603515625 0.079249517578125 0.971563349609375 0.132698470703125 0.95258721484375 0.083864865234375 0.78751265234375 0.02931591796875 0.79152978125
0 0.249282419921875 0.94872071484375 0.21756396484375 0.790880248046875 0.16011091796875 0.79921905859375 0.193712634765625 0.959170951171875 0.249282419921875 0.94872071484375
0 0.317718263671875 0.944497857421875 0.288120640625 0.7951832890625 0.242093365234375 0.803352826171875 0.2664371640625 0.957023888671875 0.317718263671875 0.944497857421875
0 0.262645896484375 0.65971328125 0.211706306640625 0.4540226640625 0.150043765625 0.4624238359375 0.196118060546875 0.6992068046875 0.262645896484375 0.65971328125
0 0.39680989583333337 0.8471281828703704 0.08181423611111116 0.20617766203703702
0 0.3564453125 0.5751157407407408 0.09512442129629628 0.24932002314814827
0 0.42418981481481477 0.5575014467592592 0.0912905092592593 0.25121527777777786
0 0.576244212962963 0.5210503472222222 0.08036747685185164 0.2461733217592592
0 0.5198567708333334 0.8453052662037037 0.07118055555555558 0.2089482060185186
0 0.5839482060185185 0.8345847800925926 0.06318721064814814 0.20394965277777777
0 0.6683666087962963 0.5020978009259259 0.08275462962962976 0.2579210069444444
0 0.19133391203703703 0.023274739583333332 0.07505063657407407 0.046549479166666664
0 0.11429398148148148 0.026502821180555556 0.06741898148148145 0.05300564236111111
0 0.8062789351851852 0.5059172453703704 0.08749276620370372 0.22773437499999982
0 0.86583358984375 0.76523128515625 0.94364861328125 0.5918624609375 0.91279630859375 0.554881271484375 0.887207728515625 0.578792982421875 0.86876365625 0.58441455078125 0.812666755859375 0.69435141015625 0.86583358984375 0.76523128515625
0 0.90584977734375 0.5785168046875 0.9329355625 0.351346625 0.8613345546875 0.35133771875 0.840230162109375 0.561304646484375 0.90584977734375 0.5785168046875
0 1 0.353488876953125 0.983132736328125 0.3420456484375 0.906757998046875 0.521811123046875 0.9602886171875 0.58626762109375 1 0.48844565625 1 0.353488876953125