0 0.032725694444444446 0.9271556712962963 0.06545138888888889 0.14568865740740744
0 0.1387008101851852 0.9186414930555555 0.10195312499999998 0.1596788194444445
0 0.2589916087962963 0.9051432291666666 0.08667534722222225 0.18288483796296306
0 0.37840711805555555 0.8848234953703704 0.10675636574074077 0.2202835648148147
0 0.4851128472222222 0.8656684027777777 0.10628616898148147 0.2544487847222223
0 0.5683810763888889 0.8468605324074074 0.11071325231481488 0.28966290509259274
0 0.631886574074074 0.8439670138888888 0.0931929976851853 0.29330873842592586
0 0.21987123842592593 0.25059317129629627 0.08229166666666665 0.28240740740740733
0 0.37808883101851853 0.2472728587962963 0.08759403935185184 0.31080005787037035
0 0.4503978587962963 0.24327256944444445 0.0864438657407407 0.2990668402777778
0 0.4371383101851852 0.021419270833333334 0.06712962962962965 0.04283854166666667
0 0.5940972222222223 0.23138020833333334 0.09348958333333313 0.24742476851851847
0 0.6217664930555555 0.015872757523148148 0.059186921296296324 0.031745515046296295
0 0.7358940972222222 0.02384078414351852 0.06628327546296298 0.04768156828703704
0 0.8754846643518519 0.026938657407407408 0.06153067129629619 0.053877314814814815
0 0.9291521990740741 0.029441550925925927 0.053804976851851816 0.05888310185185185
0 0.9750072337962963 0.03201678240740741 0.04998553240740744 0.06403356481481481
1 0.3385770234375 0.339522208984375 0.33651071875 0.196150451171875 0.26115102734375 0.19167978515625 0.258860501953125 0.34629030078125 0.3385770234375 0.339522208984375
1 0.5608236015625 0.32878019140625 0.546982994140625 0.20234418359375 0.482073828125 0.19958106640625 0.49566606640625 0.3427820703125 0.5608236015625 0.32878019140625
1 0.49887876157407407 0.006300636574074075 0.06278935185185186 0.01260127314814815
1 0.6745876736111112 0.009622757523148149 0.0590133101851853 0.019245515046296298
1 0.696377474609375 0.32615348046875 0.6734031171875 0.201466669921875 0.61695698046875 0.20689949609375 0.630063109375 0.334490455078125 0.696377474609375 0.32615348046875
1 0.756416974609375 0.3225060546875 0.733428994140625 0.19873876171875 0.673879478515625 0.20421756640625 0.694335802734375 0.32434509375 0.756416974609375 0.3225060546875
1 0.814850296875 0.322559693359375 0.789303412109375 0.19699167578125 0.731319208984375 0.201527970703125 0.755355271484375 0.32436041796875 0.814850296875 0.322559693359375
1 0.761888177734375 0 0.7665715703125 0.0240060234375 0.80716601953125 0.028905478515625 0.8006924765625 0 0.761888177734375 0
1 0.801746634765625 0 0.808015345703125 0.031250404296875 0.855730453125 0.0329010234375 0.84660605078125 0 0.801746634765625 0
1 0.871376033203125 0.3194995234375 0.844419203125 0.1996659140625 0.789257751953125 0.19341059375 0.815248810546875 0.31875936328125 0.871376033203125 0.3194995234375
1 0.928387515625 0.32022658203125 0.89565970703125 0.202050142578125 0.843581521484375 0.196534978515625 0.8740055234375 0.3210322421875 0.928387515625 0.32022658203125
1 0.977522169921875 0.315569478515625 0.944759427734375 0.19975106640625 0.896555611328125 0.201251033203125 0.926246732421875 0.31554327734375 0.977522169921875 0.315569478515625
1 0.94606252734375 0.20130343359375 0.977487236328125 0.317927505859375 0.994718662109375 0.3184580625 0.995755392578125 0.218641478515625 0.989810111328125 0.202226994140625 0.94606252734375 0.20130343359375
0 0.13366608796296298 0.20402922453703703 0.045225694444444464 0.15298032407407403