0 0.3929036458333333 0.4922815393518518 0.0859375 0.265697337962963
0 0.4830729166666667 0.46514756944444446 0.08502604166666672 0.252025462962963
0 0.6291015625 0.43929398148148147 0.10182291666666665 0.2846860532407407
0 0.7043619791666667 0.42336516203703706 0.10175781250000004 0.2837094907407408
0 0.656640625 0.1331886574074074 0.0815755208333333 0.20026765046296297
0 0.5272135416666667 0.12919560185185186 0.07089843749999991 0.20092592592592595
0 0.4679036458333333 0.14954427083333333 0.07063802083333326 0.19701967592592595
0 0.8858072916666666 0.9581163194444444 0.07265625000000009 0.037239583333333215
0 0.9594401041666667 0.9471281828703704 0.06210937499999991 0.05447048611111116
0 0.815521283203125 0.178473333984375 0.78261526171875 0.02929290625 0.736117625 0.045248810546875 0.763003806640625 0.190234142578125 0.815521283203125 0.178473333984375
0 0.895725162109375 0.176096921875 0.85376210546875 0.01406447265625 0.7980255625 0.039041041015625 0.84392909765625 0.18637853515625 0.895725162109375 0.176096921875
0 1 0.073424318359375 0.971946126953125 0.00327362890625 0.915918595703125 0.023885357421875 0.966787130859375 0.184196119140625 1 0.1852477734375 1 0.073424318359375
0 0.92068354296875 0.5135715625 0.8600971796875 0.268995201171875 0.79146012109375 0.297269642578125 0.84789988671875 0.528848494140625 0.92068354296875 0.5135715625
0 0.2509765625 0.4769169560185185 0.08613281250000004 0.23938802083333333
0 0.191519345703125 0.41271958203125 0.2425879375 0.293123048828125 0.19488996875 0.2172718828125 0.1188084375 0.37988630859375 0.150417130859375 0.43580471875 0.178564267578125 0.40289869921875 0.191519345703125 0.41271958203125
0 0.036761626953125 0.551424400390625 0.04132045703125 0.61980684375 0.0934620703125 0.62700882421875 0.156158103515625 0.460417548828125 0.091952564453125 0.395260232421875 0.036761626953125 0.551424400390625
0 0.214155875 0.629263990234375 0.22218838671875 0.4176421484375 0.15319365234375 0.403650419921875 0.130150951171875 0.636126486328125 0.214155875 0.629263990234375
1 0.363609103515625 0.570896421875 0.365894580078125 0.420673283203125 0.297148400390625 0.42271020703125 0.291492298828125 0.571575396484375 0.363609103515625 0.570896421875
1 0.445377048828125 0.222970419921875 0.435883529296875 0.105168322265625 0.376721802734375 0.1156681796875 0.37590945703125 0.2264865390625 0.445377048828125 0.222970419921875
1 0.636635716796875 0.201267482421875 0.61472666015625 0.094037986328125 0.5569107578125 0.100124509765625 0.570344755859375 0.203231658203125 0.636635716796875 0.201267482421875
1 0.762809814453125 0.18732425 0.738348541015625 0.078712560546875 0.6756221953125 0.084944576171875 0.700180466796875 0.19501121484375 0.762809814453125 0.18732425
1 0.603584201171875 0.54191875390625 0.584785091796875 0.395235984375 0.516135904296875 0.39872785546875 0.5246837109375 0.55154564453125 0.603584201171875 0.54191875390625
1 0.837012041015625 0.513135080078125 0.8016083671875 0.37569121484375 0.7283821640625 0.3720296015625 0.758832962890625 0.521282775390625 0.837012041015625 0.513135080078125
1 0.98970858984375 0.49111690234375 0.94578741796875 0.361214505859375 0.882436658203125 0.370380662109375 0.914706140625 0.49771265625 0.98970858984375 0.49111690234375
1 1 0.35158685546875 0.946314833984375 0.356825419921875 0.9910119765625 0.4983673828125 1 0.497803302734375 1 0.35158685546875
1 0.955291896484375 0.172145251953125 0.918113837890625 0.063910353515625 0.866870138671875 0.064026935546875 0.894884837890625 0.17673858984375 0.955291896484375 0.172145251953125