0 0.9003544560185186 0.28247251157407405 0.13306568287037024 0.3504991319444444
0 0.6858000578703705 0.265502025462963 0.09360532407407396 0.2867476851851851
0 0.5783420138888888 0.23894675925925926 0.09443721064814836 0.3092086226851852
0 0.47583912037037035 0.24068287037037037 0.10080295138888884 0.322923900462963
0 0.3559751157407407 0.22203414351851852 0.11140046296296302 0.34545717592592595
0 0.25495515046296297 0.26380931712962963 0.10394965277777779 0.27608506944444444
0 0.15198206018518517 0.25285011574074073 0.1278935185185185 0.342650462962963
0 0.08253761574074074 0.2504340277777778 0.09035011574074073 0.3306568287037037
0 0.982837818287037 0.7418330439814815 0.03432436342592604 0.2142939814814815
0 0.9218388310185185 0.9152994791666667 0.11512586805555558 0.15608362268518516
0 0.8362630208333333 0.8993272569444445 0.08510561342592604 0.18905526620370372
0 0.7625144675925926 0.912572337962963 0.07834201388888884 0.1645978009259259
0 0.6183449074074074 0.8970341435185185 0.0805483217592593 0.19780815972222232
0 0.5278501157407407 0.906495949074074 0.07306134259259256 0.1801793981481481
0 0.36588541666666663 0.9116030092592593 0.0864438657407407 0.17246817129629632
0 0.28370949074074076 0.9083043981481481 0.08087384259259256 0.1802372685185185
0 0.12152777777777778 0.9075520833333333 0.09273726851851852 0.18423032407407414
1 0.6885127314814815 0.9189814814814814 0.06618923611111116 0.1527922453703705
1 0.4490017361111111 0.9139178240740741 0.07060185185185186 0.1664930555555555
1 0.2085503472222222 0.9098379629629629 0.09056712962962965 0.1783564814814813
1 0.056206597222222224 0.9109664351851852 0.05110677083333334 0.16732494212962967
1 0.790111400462963 0.2862196180555555 0.09197771990740744 0.2955222800925925