1 0.277773029296875 0.575007607421875 0.296668369140625 0.4232886953125 0.229620224609375 0.42597944140625 0.204155861328125 0.585049046875 0.277773029296875 0.575007607421875
1 0.518321587890625 0.543244796875 0.519904966796875 0.397914525390625 0.44983036328125 0.405475666015625 0.443511873046875 0.5509111640625 0.518321587890625 0.543244796875
1 0.402569462890625 0.222805677734375 0.410025380859375 0.110966908203125 0.34866437890625 0.119535201171875 0.3394998125 0.226608796875 0.402569462890625 0.222805677734375
1 0.59631810546875 0.204090720703125 0.591713275390625 0.100925470703125 0.5310738125 0.09867065625 0.53189556640625 0.207923904296875 0.59631810546875 0.204090720703125
1 0.726045064453125 0.183196111328125 0.711133228515625 0.0826614765625 0.653991232421875 0.08873444140625 0.660109294921875 0.189464494140625 0.726045064453125 0.183196111328125
1 0.752924943359375 0.505273013671875 0.73855475390625 0.378560537109375 0.667910966796875 0.384400375 0.67887792578125 0.526133400390625 0.752924943359375 0.505273013671875
1 0.910520412109375 0.4921634453125 0.884938263671875 0.362497638671875 0.81913651171875 0.37676983203125 0.834851958984375 0.50131742578125 0.910520412109375 0.4921634453125
1 0.966502220703125 0.4802444609375 0.96999454296875 0.42785963671875 0.95293162890625 0.351379228515625 0.885682166015625 0.360346119140625 0.91232448046875 0.492123353515625 0.966502220703125 0.4802444609375
1 0.916480521484375 0.168580244140625 0.894600056640625 0.06445204296875 0.843698580078125 0.062380703125 0.8563448828125 0.169916591796875 0.916480521484375 0.168580244140625
0 0.986101986328125 0.18624799609375 0.989594306640625 0.133863173828125 0.95490496875 0.006534740234375 0.899571271484375 0.025911779296875 0.931220435546875 0.190670072265625 0.986101986328125 0.18624799609375
0 0.856304791015625 0.179524931640625 0.839333177734375 0.0197779453125 0.7827655859375 0.03064244921875 0.798075673828125 0.188291373046875 0.856304791015625 0.179524931640625
0 0.7748766796875 0.175996974609375 0.76649778125 0.022464001953125 0.713997140625 0.035373119140625 0.728073333984375 0.1845095078125 0.7748766796875 0.175996974609375
0 0.8314487265625 0.516337970703125 0.809986984375 0.279831181640625 0.739467923828125 0.3198280625 0.769010115234375 0.52519795703125 0.8314487265625 0.516337970703125
0 0.6249348958333333 0.1333550347222222 0.087890625 0.20672743055555554
0 0.6370442708333333 0.4051432291666667 0.10247395833333339 0.2499565972222222
0 0.567578125 0.4232638888888889 0.09869791666666661 0.2518229166666668
0 0.4119791666666667 0.46085069444444443 0.08763020833333335 0.24670138888888882
0 0.5018880208333333 0.13608940972222222 0.07734375000000004 0.2094184027777778
0 0.43678385416666665 0.1472873263888889 0.06920572916666667 0.20436197916666665
0 0.31803385416666663 0.4804904513888889 0.0903645833333333 0.25846354166666674
0 0.74453125 0.9575954861111111 0.07649739583333326 0.05045572916666674
0 0.821875 0.952951388888889 0.06901041666666674 0.05516493055555571
0 0.18072916666666666 0.47769097222222223 0.0942057291666667 0.22832031249999996
0 0.126476388671875 0.399634740234375 0.193881759765625 0.289252431640625 0.148143037109375 0.218746732421875 0.052478369140625 0.392739185546875 0.07945031640625 0.42950210546875 0.10747798046875 0.405394396484375 0.126476388671875 0.399634740234375
0 0.109736408203125 0.63272048046875 0.15257080078125 0.422539736328125 0.088835931640625 0.4058086640625 0.038246267578125 0.633241658203125 0.109736408203125 0.63272048046875
0 0 0.618512732421875 0.082051740234375 0.4625366171875 0.035284029296875 0.398458751953125 0 0.468009236328125 0 0.618512732421875