1 0.906602265625 1 0.9824878203125 0.996965234375 0.97175651953125 0.95468447265625 0.8970207578125 0.95763978515625 0.9058357578125 1 0.906602265625 1
1 0.9027696640625 0.998329107421875 0.89587096484375 0.962867873046875 0.8146197890625 0.967860060546875 0.82228499609375 1 0.9027696640625 0.998329107421875
1 0.820751978515625 1 0.8146197890625 0.97105121875 0.7350932734375 0.98148709375 0.738734263671875 1 0.820751978515625 1
1 0.918100076171875 0.566272328125 0.877474517578125 0.429882876953125 0.8174942421875 0.42277871875 0.8544788984375 0.57172792578125 0.918100076171875 0.566272328125
1 0.852945822265625 0.570364 0.817685884765625 0.427155103515625 0.7571307421875 0.421075337890625 0.785492041015625 0.564908455078125 0.852945822265625 0.570364
1 0.78702505859375 0.569000126953125 0.754831185546875 0.424427302734375 0.68910203515625 0.4261854765625 0.7172716640625 0.570364 0.78702505859375 0.569000126953125
1 0.718038201171875 0.569000126953125 0.689676931640625 0.427155103515625 0.626055724609375 0.4285189765625 0.6467517890625 0.5744557265625 0.718038201171875 0.569000126953125
1 0.6643817578125 0.248484916015625 0.64905134375 0.13937334375 0.591370654296875 0.141721150390625 0.605359662109375 0.247121017578125 0.6643817578125 0.248484916015625
0 0.72800296484375 0.24726991015625 0.782425947265625 0.252725484375 0.801588962890625 0.166800140625 0.77092813671875 0.071327525390625 0.706540392578125 0.110880458984375 0.72800296484375 0.24726991015625
0 0.799289376953125 0.2936423203125 0.86214410546875 0.289550646484375 0.882840138671875 0.2118086484375 0.831483279296875 0.04404962109375 0.772461154296875 0.054848810546875 0.799289376953125 0.2936423203125
0 0.927298359375 0.3195563359375 0.98478740625 0.31682853515625 0.999351251953125 0.24181433984375 0.944928298828125 0.089058142578125 0.874408423828125 0.11769993359375 0.927298359375 0.3195563359375
0 0.6982421875 0.978515625 0.0810546875 0.0419921875
0 0.4248046875 0.9892578125 0.048828125 0.021484375
0 0.509765625 0.1806640625 0.060546875 0.1796875
0 0.4462890625 0.1767578125 0.05859375 0.158203125
0 0.3779296875 0.1611328125 0.0556640625 0.181640625
1 0.604401541015625 0.2420704375 0.589071126953125 0.132958876953125 0.5348397578125 0.1280941171875 0.5438463984375 0.23934263671875 0.604401541015625 0.2420704375
1 0.64349408203125 0.566677345703125 0.624331064453125 0.42619622265625 0.557835376953125 0.42448209765625 0.57450722265625 0.568041220703125 0.64349408203125 0.566677345703125
1 0.572207638671875 0.568041220703125 0.556110716796875 0.427560095703125 0.486932216796875 0.4261854765625 0.49785516015625 0.568041220703125 0.572207638671875 0.568041220703125
1 0.41737046484375 0.572132892578125 0.496322083984375 0.57076901953125 0.486357349609375 0.43165176953125 0.415070908203125 0.42448209765625 0.41737046484375 0.572132892578125
1 0.415070908203125 0.572132892578125 0.4143043984375 0.42619622265625 0.339376994140625 0.42277871875 0.3376523359375 0.568041220703125 0.415070908203125 0.572132892578125
1 0.34838360546875 0.228580412109375 0.351449701171875 0.11810492578125 0.2847623984375 0.1093569453125 0.27786373046875 0.22585261328125 0.34838360546875 0.228580412109375
1 0.331136921875 0.570340177734375 0.33650254296875 0.427131279296875 0.259850478515625 0.42448209765625 0.24835266796875 0.5730679765625 0.331136921875 0.570340177734375
1 0.25065225390625 0.5676124296875 0.259850478515625 0.4216756796875 0.17840766015625 0.4142618203125 0.160202794921875 0.57443190234375 0.25065225390625 0.5676124296875
1 0.16173584375 0.5730679765625 0.17629974609375 0.41894790625 0.09217408984375 0.41596519921875 0.0728194609375 0.5730679765625 0.16173584375 0.5730679765625
1 0.279013494140625 0.225423771484375 0.286678701171875 0.114948310546875 0.21769184375 0.1059501875 0.205427525390625 0.21996819921875 0.279013494140625 0.225423771484375
1 0.1272424140625 0.211784826171875 0.145638921875 0.0999454921875 0.073969224609375 0.095729912109375 0.057489046875 0.202237580078125 0.1272424140625 0.211784826171875
0 0.198528828125 0.24724608984375 0.211559712890625 0.06039254296875 0.15253758984375 0.054848810546875 0.129541970703125 0.240426615234375 0.198528828125 0.24724608984375
0 0 0.092323154296875 0.000574896484375 0.22129636328125 0.046566134765625 0.21993246484375 0.074160865234375 0.04126227734375 0.022804005859375 0.022167759765625 0 0.092323154296875
1 0 0.570453337890625 0.068028677734375 0.5745450625 0.092557373046875 0.417697193359375 0.009006611328125 0.417697193359375 0 0.462705701171875 0 0.570453337890625