0 0.7449001736111112 0.6593388310185185 0.10239438657407396 0.31317274305555554
0 0.6453993055555556 0.6571469907407408 0.09544994212962976 0.28383246527777795
0 0.5506004050925926 0.6598017939814815 0.09544994212962976 0.3365523726851851
0 0.44679542824074076 0.6420211226851852 0.09056712962962965 0.3365162037037037
0 0.3519965277777778 0.6710358796296296 0.09649884259259256 0.28579282407407414
0 0.17031973379629628 0.646997974537037 0.11566840277777779 0.30253182870370376
1 0.2744140625 0.6569661458333333 0.09186921296296291 0.23987268518518512
1 0.10026041666666666 0.587962962962963 0.07562934027777779 0.1440755208333333
1 0.026276765046296294 0.5846788194444444 0.05255353009259259 0.1323350694444445
1 0.9324725115740741 0.026710792824074073 0.07740162037037046 0.05342158564814815
1 0.8444010416666667 0.03191550925925926 0.07581018518518512 0.06383101851851852
1 0.7594401041666667 0.03248336226851852 0.08072916666666652 0.06496672453703704
1 0.6744429976851851 0.033769169560185185 0.07787181712962976 0.06753833912037037
1 0.5930989583333334 0.041637731481481484 0.07841435185185186 0.08327546296296297
1 0.5109592013888888 0.04511537905092593 0.07866753472222232 0.09023075810185185
1 0.42805989583333337 0.042487702546296295 0.07552083333333326 0.08497540509259259
1 0.3485243055555556 0.0542552806712963 0.07635271990740744 0.1085105613425926
1 0.2676142939814815 0.04992585358796296 0.08083767361111116 0.09985170717592592
1 0.18938078703703703 0.053376374421296294 0.07425491898148151 0.10675274884259259
1 0.11436631944444445 0.049506293402777776 0.0749782986111111 0.09901258680555555
1 0.03884548611111111 0.05828993055555556 0.07118055555555557 0.10303819444444444