0 0.103474365234375 0.4440393515625 0.087822037109375 0.40493344921875 0.046026234375 0.38715277734375 0.02543670703125 0.478052662109375 0.031789052734375 0.588049767578125 0.063861025390625 0.580960650390625 0.103474365234375 0.4440393515625
0 0.035876951171875 0.42915219921875 0.02148491015625 0.4143518515625 0.024665638671875 0.4756944453125 0.035876951171875 0.42915219921875
0 0.150942001953125 0.283420138671875 0.162809712890625 0.161950232421875 0.12545117578125 0.142158564453125 0.105203509765625 0.214626736328125 0.102714013671875 0.29173900390625 0.137879373046875 0.306770833984375 0.150942001953125 0.283420138671875
0 0.22234546484375 0.158998841796875 0.20368709375 0.136993634765625 0.170714912109375 0.126721642578125 0.152891375 0.195891205078125 0.150531015625 0.288006365234375 0.19799704296875 0.290017361328125 0.22234546484375 0.158998841796875
0 0.316386423828125 0.158347802734375 0.298790080078125 0.131799767578125 0.2634537890625 0.125983794921875 0.24728330859375 0.18949652734375 0.23984375 0.296267361328125 0.296544388671875 0.30120080859375 0.316386423828125 0.158347802734375
0 0.36919528125 0.10073784765625 0.35492701953125 0.17591145703125 0.351735576171875 0.26451099609375 0.401154728515625 0.26665219921875 0.414144482421875 0.141796875 0.36919528125 0.10073784765625
0 0.47900859375 0.141507525390625 0.4627143359375 0.115046294921875 0.43110425390625 0.106018517578125 0.418669087890625 0.1790075234375 0.418141826171875 0.268938078125 0.469814171875 0.27699652734375 0.47900859375 0.141507525390625
0 0.18192140234375 0.5680700234375 0.200785 0.381322337890625 0.15674511328125 0.3703125 0.128514017578125 0.4514756953125 0.115095056640625 0.555541087890625 0.148496443359375 0.586603009765625 0.18192140234375 0.5680700234375
0 0.201126865234375 0.362890625 0.180855625 0.484953703125 0.1850056796875 0.577502892578125 0.239624056640625 0.567303240234375 0.260320751953125 0.378370947265625 0.201126865234375 0.362890625
0 0.384078681640625 0.387774884765625 0.34861325390625 0.366956017578125 0.32204057421875 0.3674913203125 0.306977666015625 0.489901619140625 0.307641568359375 0.59029224609375 0.36511327734375 0.597583912109375 0.384078681640625 0.387774884765625
1 0.095903529296875 0.28551794140625 0.112226724609375 0.187413193359375 0.095599708984375 0.192071759765625 0.06909079296875 0.281423611328125 0.095903529296875 0.28551794140625
1 0.236399390625 0.279890044921875 0.252302490234375 0.173683447265625 0.229225072265625 0.179065392578125 0.206331447265625 0.275578705078125 0.236399390625 0.279890044921875
1 0.34955150390625 0.272439236328125 0.360246271484375 0.165885416015625 0.32610114453125 0.170529513671875 0.305280671875 0.26948784765625 0.34955150390625 0.272439236328125
1 0.11137795703125 0.57144097265625 0.131058169921875 0.4504918984375 0.10939375390625 0.445587384765625 0.07473958203125 0.5655381953125 0.11137795703125 0.57144097265625
1 0.29862879296875 0.566623263671875 0.311387603515625 0.449826388671875 0.269780951171875 0.448206017578125 0.246956447265625 0.55856481640625 0.29862879296875 0.566623263671875
1 0.441917974609375 0.57732928125 0.449990353515625 0.445225693359375 0.388381451171875 0.44573205859375 0.373147611328125 0.57735821875 0.441917974609375 0.57732928125
1 0.505540015625 0.57811053125 0.51438346484375 0.448365162109375 0.453305576171875 0.446600115234375 0.441266931640625 0.57728587890625 0.505540015625 0.57811053125
1 0.528449716796875 0.25668402734375 0.534767232421875 0.153298609375 0.483574994140625 0.154499421875 0.4734712578125 0.259939236328125 0.528449716796875 0.25668402734375
1 0.5805298359375 0.585416666015625 0.5823827578125 0.445978009765625 0.516276576171875 0.447337962890625 0.50909529296875 0.584114583984375 0.5805298359375 0.585416666015625
1 0.657823751953125 0.587109375 0.655830439453125 0.448567708984375 0.586228994140625 0.445081017578125 0.582422947265625 0.58438946875 0.657823751953125 0.587109375
1 0.741928154296875 0.595023150390625 0.731762259765625 0.449016205078125 0.659025634765625 0.44762731640625 0.65995691796875 0.590711806640625 0.741928154296875 0.595023150390625
1 0.8295187109375 0.595095486328125 0.814795525390625 0.44878472265625 0.736259537109375 0.448162615234375 0.74370123828125 0.591681134765625 0.8295187109375 0.595095486328125
1 0.6609530390625 0.247063080078125 0.65980902734375 0.1374131953125 0.599682248046875 0.141478587890625 0.59710005078125 0.25434027734375 0.6609530390625 0.247063080078125
1 0.730965470703125 0.245963541015625 0.722419947265625 0.13120659765625 0.66371527734375 0.137673611328125 0.663557205078125 0.24723669140625 0.730965470703125 0.245963541015625
0 0.5886563359375 0.116521990234375 0.563076560546875 0.098668982421875 0.538396990234375 0.098177083984375 0.532259515625 0.20503472265625 0.53290519921875 0.28004919140625 0.59101883984375 0.274696181640625 0.5886563359375 0.116521990234375
0 0.79241255078125 0.267361111328125 0.779735189453125 0.085431134765625 0.7273517890625 0.076171875 0.733998841796875 0.266927083984375 0.79241255078125 0.267361111328125
0 0.868395275390625 0.256278935546875 0.851649841796875 0.0959924765625 0.79850448046875 0.097063080078125 0.81365687109375 0.2641637734375 0.868395275390625 0.256278935546875
0 0.960963220703125 0.264756943359375 0.92543027734375 0.067462384765625 0.869209748046875 0.071788193359375 0.89373499609375 0.269502314453125 0.960963220703125 0.264756943359375
1 0.92196662890625 0.6012586796875 0.899010845703125 0.446325232421875 0.817039609375 0.442013888671875 0.833665015625 0.59998553125 0.92196662890625 0.6012586796875
1 1 0.5193995390625 0.984348208984375 0.440480322265625 0.900723916015625 0.441825810546875 0.9281860859375 0.60859375 1 0.60875619140625 1 0.5193995390625
1 1 0.101526361328125 0.93422121484375 0.111877892578125 0.95412540625 0.220471642578125 1 0.218420958984375 1 0.101526361328125
0 0.5605034722222222 0.9944661458333333 0.06472800925925926 0.011067708333333481