1 0.6953776041666666 0.9654007523148148 0.09075520833333339 0.023169849537036935
1 0.6078342013888889 0.9601924189814814 0.08741319444444451 0.035749421296296324
1 0.5268229166666667 0.961617476851852 0.09175347222222219 0.045630787037036935
1 0.44212239583333335 0.958275462962963 0.08832465277777779 0.056257233796296324
1 0.3580512152777778 0.962717013888889 0.08114149305555551 0.04824218750000009
1 0.2781467013888889 0.961183449074074 0.08424479166666665 0.05223524305555571
1 0.1935329861111111 0.9558883101851852 0.0910590277777778 0.07389322916666652
1 0.11527777777777777 0.9611328125 0.08897569444444445 0.0709056712962961
1 0.03993055555555555 0.9614945023148148 0.0798611111111111 0.07469618055555549
1 0.26276041666666666 0.363794849537037 0.11820746527777781 0.26780237268518525
0 0.7287760416666667 0.3675419560185185 0.09689670138888884 0.3149594907407408
0 0.635546875 0.3586009837962963 0.09934895833333335 0.3043041087962962
0 0.5346571180555555 0.3684172453703704 0.09559461805555558 0.3295500578703704
0 0.4372829861111111 0.38690682870370374 0.08849826388888893 0.32348813657407405
0 0.34394531250000004 0.35846354166666666 0.08589409722222219 0.26489438657407405
0 0.1560546875 0.3728081597222222 0.11072048611111107 0.2968388310185185
1 0.121111109375 0.499914267578125 0.111805556640625 0.371193416015625 0.03791666796875 0.36922153515625 0.03842592578125 0.48780006640625 0.121111109375 0.499914267578125
1 0 0.492279330078125 0.033703703125 0.490020578125 0.030879630859375 0.3715106328125 0 0.368237193359375 0 0.492279330078125