0 0.7576822916666667 0.6725260416666667 0.08895399305555562 0.3169921874999999
0 0.6588758680555555 0.6737630208333334 0.0815104166666667 0.2891927083333332
0 0.5623046875 0.6624348958333333 0.0824869791666667 0.3331380208333332
0 0.4600694444444444 0.6419270833333333 0.07940538194444446 0.3261067708333334
0 0.36875 0.6583333333333333 0.08676215277777777 0.2622395833333333
0 0.18077256944444445 0.6233072916666667 0.11226128472222224 0.31269531250000004
1 0.28092447916666663 0.6495442708333333 0.09841579861111116 0.30397135416666665
1 0.03576931423611111 0.5486328125 0.07153862847222223 0.1529296874999999
1 0.11497395833333333 0.5475260416666666 0.06861979166666668 0.1479166666666667
1 0.9392144097222223 0.07337239583333333 0.0795572916666667 0.025781250000000006
1 0.8522352430555555 0.0705078125 0.07873263888888893 0.03255208333333334
1 0.7671875 0.06875 0.07884114583333335 0.037434895833333315
1 0.6812717013888889 0.06204427083333333 0.08179253472222214 0.03860677083333333
1 0.5962022569444444 0.061263020833333334 0.08090277777777777 0.04244791666666667
1 0.5131944444444445 0.05572916666666666 0.07615017361111098 0.047981770833333326
1 0.430078125 0.055078125 0.07823350694444442 0.053971354166666666
1 0.34698350694444446 0.053450520833333334 0.07447916666666665 0.060546875
1 0.2677951388888889 0.052083333333333336 0.07751736111111107 0.065625
1 0.18873697916666665 0.04485677083333333 0.0717447916666667 0.069140625
1 0.11050347222222223 0.04453125 0.07094184027777778 0.07688802083333333
1 0.03466796875 0.04140625 0.0693359375 0.08268229166666667