0 0.0941189236111111 0.32212094907407407 0.13566261574074073 0.3489945023148149
0 0.31090856481481477 0.3135850694444444 0.10564959490740744 0.2864945023148149
0 0.4150462962962963 0.2950303819444444 0.09951533564814818 0.314525462962963
0 0.5193648726851852 0.29597077546296297 0.09916811342592591 0.3086660879629629
0 0.6363208912037037 0.2964048032407407 0.11951678240740726 0.33962673611111116
0 0.7395688657407408 0.34505208333333337 0.10776909722222228 0.2729311342592593
0 0.8338831018518518 0.32515914351851855 0.12228009259259265 0.35337094907407407
0 0.9134982638888889 0.3203125 0.10487557870370368 0.35564959490740744
0 0.11374421296296297 0.9308087384259259 0.10978009259259258 0.13838252314814814
0 0.20502025462962964 0.9241355613425926 0.09220920138888888 0.15172887731481488
0 0.28498987268518516 0.9401041666666667 0.07978877314814814 0.11979166666666652
0 0.4298032407407407 0.9310528790509259 0.08410734953703702 0.13789424189814814
0 0.5246455439814814 0.9347873263888888 0.08094618055555558 0.13042534722222232
0 0.6869864004629629 0.9416232638888888 0.08829571759259247 0.11675347222222232
0 0.7672381365740741 0.9459997106481481 0.09185474537037042 0.10800057870370372
0 0.9300347222222223 0.9444625289351851 0.08358651620370372 0.11107494212962976
1 0.36409143518518516 0.9415509259259259 0.08174189814814814 0.11689814814814814
1 0.6037543402777777 0.9527271412037037 0.09069733796296298 0.09454571759259256
1 0.8467447916666666 0.9542643229166667 0.09495081018518503 0.09147135416666652
1 0.9819227430555555 0.9534143518518519 0.03615451388888902 0.09317129629629628
1 0.20343605324074074 0.3251953125 0.10679253472222222 0.2728949652777778