1 0.26897321484375 0.97420634765625 0.30022321484375 0.6964285703125 0.2109375 0.6964285703125 0.17522321484375 0.96825396875 0.26897321484375 0.97420634765625
1 0.41071428515625 0.309523810546875 0.42633928515625 0.12896825390625 0.364955357421875 0.12103174609375 0.34375 0.313492064453125 0.41071428515625 0.309523810546875
1 0.65290178515625 0.317460318359375 0.65178571484375 0.140873015625 0.588169642578125 0.140873015625 0.5770089296875 0.3194444453125 0.65290178515625 0.317460318359375
1 0.904017857421875 0.33134920703125 0.885044642578125 0.14484126953125 0.818080357421875 0.146825396484375 0.8270089296875 0.33134920703125 0.904017857421875 0.33134920703125
0 0.0011160703125 0.55158730078125 0.1104910703125 0.341269841796875 0.05133928515625 0.24603174609375 0.002232142578125 0.315476189453125 0.0011160703125 0.55158730078125
0 0.169642857421875 0.08134920703125 0.109375 0.17658730078125 0.09709821484375 0.25 0.1417410703125 0.307539681640625 0.22321428515625 0.162698412109375 0.2098214296875 0.10515873046875 0.169642857421875 0.08134920703125
0 0.232142857421875 0 0.197544642578125 0.0694444453125 0.2276785703125 0.11309523828125 0.27008928515625 0.083333333984375 0.3203125 0 0.232142857421875 0
0 0.260044642578125 0.32539682421875 0.291294642578125 0.109126984375 0.2254464296875 0.091269841796875 0.19196428515625 0.317460318359375 0.260044642578125 0.32539682421875
0 0.3448660703125 0.30158730078125 0.369419642578125 0.065476189453125 0.29241071484375 0.063492064453125 0.27008928515625 0.3035714296875 0.3448660703125 0.30158730078125
0 0.482142857421875 0.33134920703125 0.49553571484375 0.095238095703125 0.4308035703125 0.08134920703125 0.416294642578125 0.32539682421875 0.482142857421875 0.33134920703125
0 0.541015625 0.203125 0.068359375 0.244140625
0 0.703125 0.197265625 0.080078125 0.263671875
0 0.7802734375 0.19140625 0.078125 0.271484375
0 0.947265625 0.208984375 0.0888671875 0.2998046875
0 0.1318359375 0.828125 0.125 0.3193359375
0 0.34765625 0.8681640625 0.0908203125 0.263671875
0 0.4482421875 0.873046875 0.091796875 0.25390625
0 0.5595703125 0.8798828125 0.080078125 0.240234375
0 0.6787109375 0.8798828125 0.083984375 0.240234375
0 0.7880859375 0.8798828125 0.087890625 0.240234375
0 0.88671875 0.865234375 0.099609375 0.26171875
0 0.9638671875 0.8779296875 0.072265625 0.244140625