0 0 0.99617240625 0.054192732421875 0.997200470703125 0.06668873046875 0.660609875 0 0.6622845234375 0 0.99617240625
0 0.17010605078125 0.962559994140625 0.16987139453125 0.656644736328125 0.092152634765625 0.66220486328125 0.08879838671875 0.967335279296875 0.17010605078125 0.962559994140625
0 0.300229587890625 0.95069357421875 0.280233841796875 0.611787189453125 0.19018954296875 0.61443287109375 0.204357486328125 0.980514376953125 0.300229587890625 0.95069357421875
0 0.398202865234375 0.890410939453125 0.38291058203125 0.591724708984375 0.30993684375 0.589693287109375 0.321138427734375 0.913141603515625 0.398202865234375 0.890410939453125
0 0.4908923515625 0.8682589375 0.465920228515625 0.610372560546875 0.405105310546875 0.612667826171875 0.4213031796875 0.89460366015625 0.4908923515625 0.8682589375
0 0.673162388671875 0.82166366796875 0.63141413671875 0.549807271484375 0.55627409765625 0.565934904296875 0.6004728828125 0.844556365234375 0.673162388671875 0.82166366796875
1 0.577545654296875 0.817009935546875 0.550385482421875 0.601313212890625 0.4692295390625 0.60670717578125 0.496089712890625 0.841802734375 0.577545654296875 0.817009935546875
1 0.7242497578125 0.676720638671875 0.70378232421875 0.57028580078125 0.6366536640625 0.580954861328125 0.6566015078125 0.69423815625 0.7242497578125 0.676720638671875
1 0.7943980625 0.659295759765625 0.777622958984375 0.560784373046875 0.70943337109375 0.56697916796875 0.72803269921875 0.672411224609375 0.7943980625 0.659295759765625
1 0.8837263671875 0.732208580078125 0.844435865234375 0.550546623046875 0.78060942578125 0.558501158203125 0.816111021484375 0.745277748046875 0.8837263671875 0.732208580078125
1 0.950782578125 0.710219609375 0.912067640625 0.53525330078125 0.849452017578125 0.548547453125 0.887468119140625 0.73345957421875 0.950782578125 0.710219609375
1 0.818805408203125 0.18988270703125 0.789227544921875 0.050897517578125 0.731284876953125 0.048751494140625 0.760802623046875 0.195845578125 0.818805408203125 0.18988270703125
1 0.75951772265625 0.19348055078125 0.72934889453125 0.04636230859375 0.668934447265625 0.04821928125 0.695021681640625 0.196885494140625 0.75951772265625 0.19348055078125
1 0.693094279296875 0.193337861328125 0.668125224609375 0.04757098828125 0.604974203125 0.0452320625 0.627279015625 0.199011427734375 0.693094279296875 0.193337861328125
1 0.625368775390625 0.193146994140625 0.6036635078125 0.04634223828125 0.53793405078125 0.040431609375 0.558277189453125 0.195297083984375 0.625368775390625 0.193146994140625
1 0.555047724609375 0.1917012734375 0.534019232421875 0.041445359375 0.463877755859375 0.037730275390625 0.483390236328125 0.1948409765625 0.555047724609375 0.1917012734375
1 0.48191288671875 0.196476271484375 0.46352289453125 0.04168315625 0.39060341796875 0.039357880859375 0.403136806640625 0.193558638671875 0.48191288671875 0.196476271484375
1 0.40381362890625 0.190107501953125 0.3899465859375 0.040116849609375 0.312498361328125 0.033772171875 0.321739435546875 0.19286140234375 0.40381362890625 0.190107501953125
1 0.319143888671875 0.191606552734375 0.309225990234375 0.03596845703125 0.227862943359375 0.03063752734375 0.233137712890625 0.1976910234375 0.319143888671875 0.191606552734375
1 0.230550697265625 0.1952777265625 0.22654371875 0.032906150390625 0.13997380859375 0.027180990234375 0.1426514921875 0.193180919921875 0.230550697265625 0.1952777265625
1 0.13872808984375 0.19535308984375 0.13735098046875 0.02960271484375 0.048817259765625 0.025251978515625 0.044318466796875 0.193015201171875 0.13872808984375 0.19535308984375
1 0 0.19705754296875 0.043496271484375 0.194118169921875 0.0466593203125 0.030853408203125 0 0.02344525390625 0 0.19705754296875