0 0.197265625 0.6553023726851852 0.1171875 0.3282335069444444
0 0.3974609375 0.6873842592592592 0.091796875 0.2730179398148147
0 0.4990234375 0.7223813657407407 0.078125 0.31810619212962954
0 0.609375 0.7334201388888889 0.0888671875 0.3265552662037037
0 0.7275390625 0.7459490740740741 0.09375 0.35711805555555554
0 0.8349609375 0.7132161458333334 0.0947265625 0.28979311342592595
0 0.9453125 0.7398799189814815 0.107421875 0.3911313657407409
0 0.0947265625 0.27368344907407405 0.1357421875 0.28538773148148144
0 0.2109375 0.07915219907407407 0.095703125 0.15830439814814815
0 0.2861328125 0.08237847222222222 0.068359375 0.16475694444444444
0 0.361328125 0.07340133101851852 0.07421875 0.14680266203703704
0 0.4970703125 0.08187391493055556 0.0771484375 0.1637478298611111
0 0.59375 0.08585973668981481 0.078125 0.17171947337962962
0 0.759765625 0.07604347511574075 0.0771484375 0.1520869502314815
0 0.8447265625 0.0738136574074074 0.080078125 0.1476273148148148
0 0.98828125 0.06383825231481483 0.0234375 0.12767650462962965
1 0.9267578125 0.07138310185185186 0.080078125 0.14276620370370371
1 0.673828125 0.07379195601851851 0.06640625 0.14758391203703702
1 0.43359375 0.07184606481481481 0.0478515625 0.14369212962962963
1 0.30078125 0.668699363425926 0.0703125 0.29811197916666665