0 0.025390625 0.5341796875 0.048828125 0.2890625
0 0.1162109375 0.525390625 0.0810546875 0.27734375
0 0.2822265625 0.4873046875 0.087890625 0.2646484375
0 0.3564453125 0.4755859375 0.0859375 0.26171875
0 0.123046875 0.181640625 0.064453125 0.197265625
0 0.19921875 0.1845703125 0.06640625 0.203125
0 0.33203125 0.19140625 0.078125 0.2119140625
0 0.490234375 0.98046875 0.060546875 0.0390625
0 0.55078125 0.96875 0.046875 0.0625
1 0.089936787109375 0.25000609765625 0.089936787109375 0.13663123828125 0.01553453515625 0.129363619140625 0.006540857421875 0.24709905078125 0.089936787109375 0.25000609765625
1 0.304967466796875 0.260180763671875 0.297609001953125 0.155527048828125 0.23383564453125 0.13953828515625 0.23955889453125 0.257273716796875 0.304967466796875 0.260180763671875
1 0.24528214453125 0.601758861328125 0.238741287109375 0.457860001953125 0.156980572265625 0.45931352734375 0.158615787109375 0.616294099609375 0.24528214453125 0.601758861328125
1 0.43169657421875 0.264541333984375 0.413709216796875 0.16279466796875 0.360564751953125 0.16279466796875 0.36874082421875 0.260180763671875 0.43169657421875 0.264541333984375
1 0.4733945390625 0.568327814453125 0.45377196875 0.443324765625 0.38918100390625 0.4447782890625 0.40308032421875 0.57995600390625 0.4733945390625 0.568327814453125
1 0.599061072265625 0.5551953984375 0.5700900859375 0.439966166015625 0.520986720703125 0.4495686015625 0.54062806640625 0.561306041015625 0.599061072265625 0.5551953984375
1 0.6555299453125 0.55083065625 0.626558958984375 0.436474369140625 0.57401835546875 0.439093216796875 0.600043140625 0.55606834765625 0.6555299453125 0.55083065625
1 0.712489849609375 0.5429741171875 0.680572662109375 0.432109626953125 0.62950516015625 0.43472847265625 0.659949248046875 0.553449501953125 0.712489849609375 0.5429741171875
1 0.76453941796875 0.537736423828125 0.72967602734375 0.43298257421875 0.68204576171875 0.42949078125 0.71347191796875 0.54210116796875 0.76453941796875 0.537736423828125
1 0.81216968359375 0.535117578125 0.775833193359375 0.4277448828125 0.730658095703125 0.432109626953125 0.765030453125 0.5394823203125 0.81216968359375 0.535117578125
1 0.59316866796875 0.2723600078125 0.568125953125 0.17808154296875 0.5254060234375 0.1693520546875 0.540137033203125 0.267995263671875 0.59316866796875 0.2723600078125
1 0.68499196484375 0.274978853515625 0.66142234765625 0.1850651328125 0.627541025390625 0.180700388671875 0.646691337890625 0.26974116015625 0.68499196484375 0.274978853515625
1 0.7286939609375 0.274978853515625 0.69874090625 0.189429876953125 0.66142234765625 0.1850651328125 0.684500931640625 0.27672475 0.7286939609375 0.274978853515625
0 0.47875782421875 0.267122314453125 0.457643376953125 0.116975130859375 0.41197724609375 0.1353070546875 0.43161859375 0.267122314453125 0.47875782421875 0.267122314453125
0 0.541119099609375 0.273232955078125 0.520986720703125 0.12657756640625 0.471883353515625 0.137052953125 0.492506767578125 0.27759769921875 0.541119099609375 0.273232955078125
0 0.6525837421875 0.288073083984375 0.619684486328125 0.1353070546875 0.5666528515625 0.14840128515625 0.600043140625 0.295929623046875 0.6525837421875 0.288073083984375
0 0.542592201171875 0.57963796484375 0.507728810546875 0.359654880859375 0.448804771484375 0.3718761640625 0.484650228515625 0.5927321953125 0.542592201171875 0.57963796484375
0 0.777797328125 0.286327185546875 0.752754609375 0.160622568359375 0.7031602109375 0.166733208984375 0.7380236015625 0.29156487890625 0.777797328125 0.286327185546875
0 0.81855312109375 0.27148705859375 0.789582134765625 0.1693520546875 0.7542277109375 0.1789544921875 0.7827076640625 0.29156487890625 0.81855312109375 0.27148705859375
0 0.867165455078125 0.2906919296875 0.827391728515625 0.16411436328125 0.7920373046875 0.181573337890625 0.826900693359375 0.304659109375 0.867165455078125 0.2906919296875
0 1 0.195540517578125 0.97224666015625 0.16236846484375 0.921179158203125 0.19204872265625 0.96144391796875 0.2906919296875 1 0.288073083984375 1 0.195540517578125
1 0.85939971484375 0.53106533984375 0.82262666796875 0.422915255859375 0.77858980859375 0.42856488671875 0.81354690234375 0.53429369921875 0.85939971484375 0.53106533984375
1 0.903436572265625 0.525415708984375 0.863485607421875 0.42130107421875 0.82308065625 0.422915255859375 0.861669654296875 0.5318724296875 0.903436572265625 0.525415708984375
1 0.946565453125 0.52380152734375 0.903890560546875 0.420493984375 0.864393583984375 0.41807271484375 0.9061605 0.527029888671875 0.946565453125 0.52380152734375
1 0.985154453125 0.515730626953125 0.94157158203125 0.4188798046875 0.9061605 0.417265623046875 0.946565453125 0.5213802578125 0.985154453125 0.515730626953125
1 1 0.470533576171875 0.9760746875 0.417265623046875 0.9751667109375 0.417265623046875 0.94157158203125 0.416458533203125 0.985154453125 0.516537716796875 1 0.510888083984375 1 0.470533576171875
1 0.8866390078125 0.28167447265625 0.85395185546875 0.200158365234375 0.8407861953125 0.19773709375 0.861669654296875 0.276831931640625 0.8866390078125 0.28167447265625
1 0.9215961015625 0.282481564453125 0.88709299609375 0.20500090625 0.85485983203125 0.200965455078125 0.8884549609375 0.284902833984375 0.9215961015625 0.282481564453125
0 1 0.805476001953125 0.985154453125 0.788527107421875 0.9447495 0.80466891015625 0.992418263671875 0.902326822265625 1 0.893448830078125 1 0.805476001953125
0 0.994688205078125 0.89748428125 0.94338753515625 0.807090181640625 0.896626748046875 0.824846166015625 0.94157158203125 0.957208955078125 0.994688205078125 0.89748428125