0 0.06149631076388889 0.3209273726851852 0.12299262152777778 0.3451244212962963
0 0.27687355324074076 0.3006872106481482 0.107421875 0.26627604166666674
0 0.3820529513888889 0.2751591435185185 0.10391348379629628 0.3109953703703704
0 0.4869068287037037 0.2671802662037037 0.1001157407407407 0.2991898148148149
0 0.6049623842592593 0.25198929398148145 0.11657262731481488 0.35034722222222225
0 0.7025101273148149 0.2900245949074074 0.10861545138888884 0.26923466435185184
0 0.8012514467592593 0.2724826388888889 0.11964699074074092 0.35238715277777777
0 0.876953125 0.26341869212962965 0.10423900462962954 0.3548538773148149
0 0.0259693287037037 0.9384620949074074 0.0519386574074074 0.12214988425925921
0 0.08940972222222221 0.9240234375 0.09056712962962965 0.1439742476851853
0 0.17100694444444445 0.9274522569444444 0.08195891203703703 0.13300057870370363
0 0.3157552083333333 0.9202401620370371 0.08329716435185186 0.13791232638888884
0 0.4106987847222222 0.9145037615740741 0.08568431712962965 0.14382957175925926
0 0.568431712962963 0.9030092592592592 0.07888454861111116 0.1572699652777778
0 0.6495949074074074 0.9122974537037036 0.0801504629629628 0.13489583333333321
0 0.8159722222222222 0.9024956597222222 0.08568431712962954 0.14382957175925926
1 0.17270688657407407 0.31254340277777776 0.11566840277777779 0.2723668981481482
1 0.2455512152777778 0.9340133101851852 0.08065682870370372 0.11542245370370363
1 0.4857132523148148 0.9278718171296296 0.09125434027777779 0.1137876157407407
1 0.7291666666666667 0.9167607060185186 0.0947627314814814 0.12168692129629632
1 0.8917100694444444 0.9060980902777778 0.08781828703703698 0.13317418981481488