0 0.05078125 0.970703125 0.099609375 0.05859375
0 0.6123046875 0.9892578125 0.0576171875 0.021484375
0 0.71875 0.982421875 0.06640625 0.03515625
0 0.81640625 0.966796875 0.0810546875 0.0654296875
0 0.8955078125 0.9677734375 0.0693359375 0.0634765625
0 0.0390625 0.5694444453125 0.1339285703125 0.396825396484375 0.08258928515625 0.3214285703125 0 0.47420634765625 0.0390625 0.5694444453125
0 0.1886160703125 0.1488095234375 0.10602678515625 0.30158730078125 0.12946428515625 0.36309523828125 0.15178571484375 0.34325396875 0.171875 0.337301587890625 0.2354910703125 0.23015873046875 0.1886160703125 0.1488095234375
0 0.16741071484375 0.567460318359375 0.200892857421875 0.34722222265625 0.138392857421875 0.341269841796875 0.1015625 0.565476189453125 0.16741071484375 0.567460318359375
0 0.2578125 0.52579365234375 0.27678571484375 0.3055555546875 0.208705357421875 0.291666666015625 0.18415178515625 0.52579365234375 0.2578125 0.52579365234375
0 0.39397321484375 0.559523810546875 0.408482142578125 0.333333333984375 0.3526785703125 0.315476189453125 0.33258928515625 0.557539681640625 0.39397321484375 0.559523810546875
0 0.458984375 0.427734375 0.060546875 0.248046875
0 0.611328125 0.4013671875 0.076171875 0.255859375
0 0.6806640625 0.3984375 0.0712890625 0.25390625
0 0.4716796875 0.1181640625 0.0537109375 0.2001953125
0 0.53515625 0.1142578125 0.056640625 0.1845703125
0 0.6650390625 0.1123046875 0.0595703125 0.2041015625
0 0.81696428515625 0.182539681640625 0.8046875 0.013888888671875 0.7566964296875 0.0238095234375 0.767857142578125 0.186507935546875 0.81696428515625 0.182539681640625
0 0.8984375 0.182539681640625 0.8738839296875 0.009920634765625 0.82477678515625 0.013888888671875 0.84375 0.1944444453125 0.8984375 0.182539681640625
0 1 0.04960317578125 0.9988839296875 0.005952380859375 0.94084821484375 0.02579365234375 0.9754464296875 0.208333333984375 1 0.21428571484375 1 0.04960317578125
0 0.890625 0.52777777734375 0.8515625 0.267857142578125 0.7890625 0.291666666015625 0.8191964296875 0.54365079296875 0.890625 0.52777777734375
1 0.330357142578125 0.5238095234375 0.3448660703125 0.361111111328125 0.2801339296875 0.357142857421875 0.26116071484375 0.521825396484375 0.330357142578125 0.5238095234375
1 0.439732142578125 0.17460317578125 0.44196428515625 0.067460318359375 0.3828125 0.067460318359375 0.375 0.17460317578125 0.439732142578125 0.17460317578125
1 0.6328125 0.172619046875 0.627232142578125 0.063492064453125 0.568080357421875 0.063492064453125 0.5703125 0.17460317578125 0.6328125 0.172619046875
1 0.5714285703125 0.513888888671875 0.56584821484375 0.359126984375 0.497767857421875 0.365079365234375 0.494419642578125 0.513888888671875 0.5714285703125 0.513888888671875
1 0.806919642578125 0.5079365078125 0.78571428515625 0.365079365234375 0.716517857421875 0.369047619140625 0.73102678515625 0.5079365078125 0.806919642578125 0.5079365078125
1 0.963169642578125 0.5 0.93303571484375 0.361111111328125 0.8683035703125 0.369047619140625 0.888392857421875 0.50396825390625 0.963169642578125 0.5
1 1 0.501984126953125 0.9988839296875 0.3511904765625 0.939732142578125 0.357142857421875 0.96875 0.5079365078125 1 0.501984126953125
1 0.7667410703125 0.1805555546875 0.7488839296875 0.061507935546875 0.69196428515625 0.067460318359375 0.7020089296875 0.1785714296875 0.7667410703125 0.1805555546875
1 0.9609375 0.17658730078125 0.931919642578125 0.065476189453125 0.8839285703125 0.063492064453125 0.8995535703125 0.1805555546875 0.9609375 0.17658730078125