0 0.28132233796296297 0.61328125 0.10240885416666667 0.33138020833333326
0 0.37918113425925926 0.6266276041666667 0.09053819444444444 0.2925781249999999
0 0.48074363425925926 0.6333984375 0.0956886574074074 0.33483072916666656
0 0.5791160300925926 0.6311848958333334 0.07578124999999991 0.3208333333333333
0 0.6676142939814815 0.6575520833333333 0.08433159722222205 0.2804687499999998
0 0.8571252893518518 0.6721354166666667 0.11021412037037037 0.2987630208333334
1 0.7564525462962963 0.6625 0.10377604166666665 0.2788411458333333
1 0.3597222222222222 0.03567708333333333 0.08562644675925923 0.02812500000000001
1 0.4427589699074074 0.0421875 0.08263888888888893 0.025976562499999994
1 0.5278356481481481 0.0517578125 0.08778211805555558 0.03509114583333334
1 0.6129123263888889 0.061328125 0.08399160879629619 0.03873697916666666
1 0.6949435763888889 0.066796875 0.08410734953703702 0.042643229166666685
1 0.7781828703703704 0.08014322916666666 0.08859230324074074 0.06243489583333334
1 0.8622829861111112 0.0896484375 0.0806351273148147 0.057031250000000006
1 0.9436270254629631 0.10481770833333333 0.09000289351851842 0.07714843749999997
1 0.987206791015625 0.687500001953125 0.970709875 0.559567900390625 0.885848765625 0.54143518359375 0.904058640625 0.6881944453125 0.987206791015625 0.687500001953125
1 1 0.562281625 0.976558640625 0.5620370390625 0.98598765625 0.685339505859375 1 0.685372931640625 1 0.562281625