0 0.7865162037037037 0.6985677083333333 0.10928819444444438 0.3341145833333332
0 0.6913845486111112 0.698046875 0.1034794560185186 0.3181640625000002
0 0.5936704282407408 0.7035807291666667 0.11291956018518512 0.36256510416666665
0 0.48933738425925927 0.6801432291666667 0.10066550925925932 0.3199218749999999
0 0.397265625 0.7147135416666667 0.1054832175925926 0.302734375
0 0.2095196759259259 0.6899739583333333 0.13939525462962965 0.3497395833333332
1 0.3175853587962963 0.7102213541666667 0.09840133101851856 0.26529947916666674
1 0.12631655092592592 0.642578125 0.08686342592592594 0.15266927083333326
1 0.05847077546296296 0.6392578125 0.04796006944444445 0.11992187499999996
1 0.9023148148148148 0.036523437500000006 0.07025462962962958 0.07304687500000001
1 0.8237919560185185 0.04728190104166667 0.07491319444444455 0.09456380208333334
1 0.7408420138888889 0.051529947916666666 0.07612123842592577 0.10305989583333333
1 0.6600766782407408 0.05987955729166666 0.07882667824074074 0.11975911458333333
1 0.5798249421296297 0.05970052083333333 0.08336226851851847 0.11940104166666667
1 0.5015842013888889 0.060807291666666666 0.08129340277777786 0.12161458333333333
1 0.42064525462962965 0.06472981770833333 0.08135127314814805 0.12945963541666666
1 0.34246238425925923 0.06585286458333334 0.08014322916666661 0.13170572916666667
1 0.2654296875 0.07086588541666666 0.08049045138888888 0.14173177083333333
1 0.1851779513888889 0.06927083333333334 0.08760850694444444 0.13854166666666667
1 0.11394675925925926 0.07451171875 0.06969039351851852 0.1490234375
1 0.03151765046296296 0.0869140625 0.06303530092592592 0.173828125