1 0.005331087890625 0.71969696875 0.03882458984375 0.82984006640625 0.067990671875 0.835290404296875 0.046496212890625 0.71468855078125 0.005331087890625 0.71969696875
1 0.1247989140625 0.73636363671875 0.14890981640625 0.82657828125 0.188028431640625 0.832996634765625 0.176589390625 0.72725168359375 0.1247989140625 0.73636363671875
1 0.3272329765625 0.8288720546875 0.38269617578125 0.8360690234375 0.3698086171875 0.726578283203125 0.308729072265625 0.728388048828125 0.3272329765625 0.8288720546875
1 0.44802773046875 0.83287037109375 0.506967240234375 0.829861109375 0.4976775859375 0.726578283203125 0.439429595703125 0.72704124609375 0.44802773046875 0.83287037109375
1 0.509116630859375 0.832323232421875 0.567317853515625 0.82554713671875 0.562999791015625 0.72211700390625 0.499808267578125 0.72651515234375 0.509116630859375 0.832323232421875
1 0.75776164453125 0.833796294921875 0.81744879296875 0.835816498046875 0.839212728515625 0.705092591796875 0.76959175 0.704629630859375 0.75776164453125 0.833796294921875
1 0.82460718359375 0.843181818359375 0.8856680234375 0.83884680078125 0.90737517578125 0.6980213515625 0.84493129296875 0.7074489609375 0.82460718359375 0.843181818359375
0 1 0.74062103515625 0.982220103515625 0.734841330078125 0.9569900390625 0.87714646484375 0.992687626953125 0.901234427734375 1 0.899715787109375 1 0.74062103515625
1 0.018589833984375 0.3997895625 0.071157173828125 0.591456228515625 0.1180228203125 0.588804712890625 0.082454171875 0.390319865234375 0.018589833984375 0.3997895625
1 0.1642331875 0.401788720703125 0.19794180078125 0.54097222265625 0.266151677734375 0.5427398984375 0.24167601953125 0.403282828125 0.1642331875 0.401788720703125
1 0.26616103125 0.5440025234375 0.3371837578125 0.541898146484375 0.31692269921875 0.39600168359375 0.243105826171875 0.404503365234375 0.26616103125 0.5440025234375
1 0.34142641796875 0.5392466328125 0.407486904296875 0.538552189453125 0.3943748828125 0.39875841796875 0.3212401796875 0.403451177734375 0.34142641796875 0.5392466328125
1 0.411785681640625 0.5434764296875 0.481369248046875 0.538888888671875 0.472490529296875 0.3951809765625 0.395785984375 0.397453705078125 0.411785681640625 0.5434764296875
1 0.482070123046875 0.53760521875 0.553092849609375 0.53550083984375 0.549185724609375 0.391645623046875 0.473920337890625 0.396401515625 0.482070123046875 0.53760521875
1 0.555943111328125 0.53667929296875 0.629096521484375 0.53451178515625 0.631562734375 0.38794191796875 0.552708802734375 0.387752525390625 0.555943111328125 0.53667929296875
1 0.629806748046875 0.534490740234375 0.701558408203125 0.534890572265625 0.711154951171875 0.391898146484375 0.63301124609375 0.3916877109375 0.629806748046875 0.534490740234375
1 0.7058384765625 0.5372895625 0.77687055859375 0.5364478125 0.798438083984375 0.37920875390625 0.714678029296875 0.38800505078125 0.7058384765625 0.5372895625
1 0.783982181640625 0.5375 0.857154298828125 0.537857744140625 0.88291771875 0.3716540390625 0.8012602890625 0.376599326171875 0.783982181640625 0.5375
1 0.86284546875 0.53895201953125 0.9374380390625 0.53926767578125 0.971686775390625 0.367760943359375 0.88646885546875 0.3715488203125 0.86284546875 0.53895201953125
0 0.138349935546875 0.839520203125 0.099707140625 0.70553451171875 0.0443748828125 0.71601430859375 0.0622995 0.83419612890625 0.08328890625 0.886616162109375 0.127967755859375 0.876452021484375 0.138349935546875 0.839520203125
0 0.227809927734375 0.737100166015625 0.18449541796875 0.739646462890625 0.17897259765625 0.761279462890625 0.202569677734375 0.878030302734375 0.2252501875 0.87104376953125 0.249977203125 0.852630470703125 0.227809927734375 0.737100166015625
0 0.256041900390625 0.80824915625 0.2757698515625 0.88217592578125 0.29988951953125 0.87767255859375 0.317486205078125 0.855681818359375 0.297374791015625 0.729987373046875 0.24982697265625 0.736447810546875 0.256041900390625 0.80824915625
0 0.389415568359375 0.88007155078125 0.423478419921875 0.875273568359375 0.430384283203125 0.84854798046875 0.422972783203125 0.711111109375 0.373976455078125 0.7138257578125 0.374621796875 0.800946970703125 0.389415568359375 0.88007155078125
0 0.565831345703125 0.720770203125 0.575420291015625 0.864457072265625 0.61734240625 0.865740740234375 0.613360455078125 0.711784509765625 0.565831345703125 0.720770203125
0 0.638583755859375 0.85627104296875 0.68192632421875 0.857512625 0.68731762109375 0.72222222265625 0.64114349609375 0.72232744140625 0.638583755859375 0.85627104296875
0 0.71063353515625 0.70511363671875 0.69964459375 0.85193602734375 0.698336373046875 0.86712962890625 0.746678591796875 0.87201178515625 0.767489126953125 0.708480638671875 0.71063353515625 0.70511363671875
0 0.05067281640625 0.60721801171875 0.003086419921875 0.416666666015625 0.0046483359375 0.627525251953125 0.05067281640625 0.60721801171875
0 0.091463244140625 0.45572390625 0.12750830078125 0.6226220546875 0.163010310546875 0.62030723828125 0.189036193359375 0.585437708984375 0.150056701171875 0.405997474609375 0.10380775390625 0.39600168359375 0.091463244140625 0.45572390625