1 0.213031837890625 0.22421306640625 0.22164934375 0.11278253125 0.1544699765625 0.09593431640625 0.139415560546875 0.220671234375 0.213031837890625 0.22421306640625
1 0.282694279296875 0.232954962890625 0.28907281640625 0.1186433359375 0.224263576171875 0.107410833984375 0.21680382421875 0.227196373046875 0.282694279296875 0.232954962890625
1 0 0.583533916015625 0.0877830078125 0.575098830078125 0.104178111328125 0.42457523046875 0.02145450390625 0.416328533203125 0 0.5547284453125 0 0.583533916015625
1 0.179795794921875 0.5798670703125 0.19244921875 0.424996341796875 0.11034060546875 0.423620169921875 0.091494376953125 0.580809884765625 0.179795794921875 0.5798670703125
1 0.26963023046875 0.57902645703125 0.274497212890625 0.42910026171875 0.195147619140625 0.424473578125 0.18439490625 0.580173677734375 0.26963023046875 0.57902645703125
1 0.35480493359375 0.580607037109375 0.353448861328125 0.434363705078125 0.276628291015625 0.428199720703125 0.27352344921875 0.57655421484375 0.35480493359375 0.580607037109375
1 0.432314435546875 0.5816766015625 0.426974212890625 0.441997236328125 0.357150810546875 0.431861986328125 0.3579013359375 0.579447568359375 0.432314435546875 0.5816766015625
1 0.508230296875 0.585371763671875 0.49522487109375 0.445181384765625 0.4288985625 0.441762876953125 0.437801349609375 0.576578712890625 0.508230296875 0.585371763671875
1 0.581170994140625 0.584770794921875 0.564302654296875 0.4456888359375 0.49826065625 0.446749666015625 0.512829408203125 0.58567837109375 0.581170994140625 0.584770794921875
1 0.546901427734375 0.261496109375 0.5331988984375 0.15267530859375 0.479635603515625 0.14490646875 0.4894426875 0.256299607421875 0.546901427734375 0.261496109375
1 0.602857515625 0.265226515625 0.589739642578125 0.164640173828125 0.533292048828125 0.14848356640625 0.5485254296875 0.257506615234375 0.602857515625 0.265226515625
0 0.10047743055555555 0.14361979166666666 0.07411024305555558 0.21946614583333335
0 0.32096354166666663 0.16809895833333333 0.07078993055555549 0.2016927083333333
0 0.3881293402777778 0.18235677083333332 0.06742621527777781 0.18196614583333331
0 0.45442708333333337 0.19166666666666665 0.07152777777777786 0.19101562500000002
0 0.3570746527777778 0.9937825520833333 0.07695312499999996 0.012434895833333348
0 0.6281684027777777 0.9763020833333333 0.0859375 0.047395833333333304
0 0.644009330078125 0.131982080078125 0.669950375 0.277328205078125 0.7150841796875 0.284434861328125 0.738365248046875 0.204032052734375 0.713598021484375 0.10949866015625 0.644009330078125 0.131982080078125
0 0.71183694140625 0.10238586328125 0.74551132421875 0.331538576171875 0.78923328515625 0.333087427734375 0.81932218359375 0.2572362109375 0.780618748046875 0.098941638671875 0.71183694140625 0.10238586328125
0 0.80862200390625 0.15148576953125 0.860095404296875 0.35693440234375 0.905441369140625 0.35449378515625 0.9284193515625 0.28772989453125 0.873558375 0.1310900234375 0.80862200390625 0.15148576953125
0 0.9925338515625 0.402643349609375 0.99726201953125 0.1898757734375 0.970170271484375 0.13616489453125 0.894477044921875 0.17426846875 0.959721568359375 0.39908991796875 0.9925338515625 0.402643349609375
1 0.653112111328125 0.585970162109375 0.6292541484375 0.4505199375 0.566947982421875 0.4475543671875 0.585506787109375 0.58829271484375 0.653112111328125 0.585970162109375
1 0.718266365234375 0.590313779296875 0.692875384765625 0.454761353515625 0.6293791953125 0.4448928359375 0.6537876953125 0.590112935546875 0.718266365234375 0.590313779296875
1 0.782745037109375 0.590514595703125 0.75125217578125 0.453189482421875 0.69453344921875 0.449236453125 0.721302150390625 0.591882083984375 0.782745037109375 0.590514595703125
1 0.84345172265625 0.5877321328125 0.809568349609375 0.454345412109375 0.753976650390625 0.4514934296875 0.787435076171875 0.58672953125 0.84345172265625 0.5877321328125
1 0.97069945703125 1 0.959784689453125 0.94896146484375 0.89205812890625 0.956739591796875 0.901950513671875 1 0.97069945703125 1
1 0.900851021484375 1 0.892642787109375 0.964974037109375 0.822109455078125 0.9695123359375 0.82749548046875 1 0.900851021484375 1
1 0.8231112578125 1 0.81866280078125 0.9777989765625 0.743238263671875 0.977901478515625 0.7473858828125 1 0.8231112578125 1
1 0 0.186197294921875 0.05882134375 0.202963302734375 0.078200400390625 0.090884271484375 0.004998453125 0.085969548828125 0 0.117968642578125 0 0.186197294921875