0 0.1298828125 0.8232421875 0.1279296875 0.3359375
0 0.3427734375 0.859375 0.095703125 0.2587890625
0 0.4462890625 0.869140625 0.0810546875 0.26171875
0 0.5556640625 0.8759765625 0.0830078125 0.248046875
0 0.6787109375 0.873046875 0.091796875 0.25390625
0 0.78515625 0.873046875 0.0908203125 0.25390625
0 0.8896484375 0.87109375 0.1083984375 0.2578125
0 0.9609375 0.8720703125 0.078125 0.255859375
0 0.0011160703125 0.32539682421875 0 0.52579365234375 0.01897321484375 0.52579365234375 0.107142857421875 0.333333333984375 0.052455357421875 0.236111111328125 0.0011160703125 0.32539682421875
0 0.1551339296875 0.297619046875 0.22209821484375 0.138888888671875 0.16741071484375 0.059523810546875 0.083705357421875 0.2261904765625 0.1551339296875 0.297619046875
0 0.213169642578125 0 0.1964285703125 0.0555555546875 0.22209821484375 0.103174603515625 0.265625 0.08134920703125 0.3125 0 0.213169642578125 0
0 0.265625 0.315476189453125 0.29241071484375 0.1011904765625 0.228794642578125 0.079365080078125 0.185267857421875 0.29960317578125 0.265625 0.315476189453125
0 0.3115234375 0.158203125 0.0703125 0.248046875
0 0.44921875 0.1943359375 0.0703125 0.2578125
0 0.54296875 0.1923828125 0.0703125 0.24609375
0 0.701171875 0.1904296875 0.072265625 0.26953125
0 0.779296875 0.18359375 0.078125 0.267578125
0 0.9423828125 0.2119140625 0.087890625 0.26953125
1 0.268886607421875 0.96410317578125 0.296788392578125 0.69624603125 0.2097348203125 0.69227777734375 0.17402053515625 0.96410317578125 0.268886607421875 0.96410317578125
1 0.4128598203125 0.287698412109375 0.42736875 0.119047619140625 0.3659848203125 0.11309523828125 0.34477946484375 0.287698412109375 0.4128598203125 0.287698412109375
1 0.651699107421875 0.309523810546875 0.656163392578125 0.12896825390625 0.58361875 0.126984126953125 0.573574107421875 0.309523810546875 0.651699107421875 0.309523810546875
1 0.89946696484375 0.32341269921875 0.88495803515625 0.146825396484375 0.81799375 0.14484126953125 0.8246901796875 0.32341269921875 0.89946696484375 0.32341269921875