1 0.21351273148148148 0.70703125 0.08012152777777781 0.26953125
1 0.3490668402777778 0.0732421875 0.07139756944444442 0.146484375
1 0.5853009259259259 0.0859375 0.06963252314814827 0.171875
1 0.8245081018518519 0.0927734375 0.08145254629629628 0.185546875
1 0.9759114583333334 0.087890625 0.04816984953703707 0.1748046875
0 0.1021629050925926 0.7099609375 0.12162905092592591 0.3359375
0 0.3177879050925926 0.736328125 0.09296151620370363 0.2890625
0 0.42316261574074077 0.7490234375 0.0912760416666667 0.3251953125
0 0.5266059027777779 0.7587890625 0.08824508101851869 0.3115234375
0 0.6456452546296296 0.7724609375 0.09328703703703711 0.3330078125
0 0.7474898726851852 0.734375 0.0986328125 0.263671875
0 0.8450376157407408 0.7490234375 0.10995370370370372 0.341796875
0 0.9241536458333333 0.7470703125 0.08661747685185173 0.35546875
0 0.029759837962962964 0.25 0.05951967592592593 0.22265625
0 0.1127025462962963 0.078125 0.09978298611111111 0.1552734375
0 0.19068287037037035 0.09765625 0.074681712962963 0.1943359375
0 0.27275752314814816 0.091796875 0.07655526620370368 0.18359375
0 0.41430121527777775 0.099609375 0.07374131944444451 0.19921875
0 0.5041956018518519 0.0927734375 0.07364004629629628 0.185546875
0 0.6663122106481482 0.091796875 0.07948495370370368 0.18359375
0 0.7424623842592593 0.0947265625 0.0775679976851853 0.1884765625
0 0.907421875 0.10546875 0.07382812499999991 0.2109375