0 0.4501953125 0.4052734375 0.0595703125 0.240234375
0 0.6015625 0.3779296875 0.0712890625 0.255859375
0 0.044921875 0.9599609375 0.08984375 0.076171875
0 0.267578125 0.986328125 0.068359375 0.02734375
0 0.3759765625 0.9833984375 0.072265625 0.033203125
0 0.486328125 0.982421875 0.0703125 0.03515625
0 0.6044921875 0.97265625 0.080078125 0.0546875
0 0.7119140625 0.9677734375 0.078125 0.0634765625
0 0.8076171875 0.9521484375 0.0927734375 0.095703125
0 0.8837890625 0.94921875 0.0634765625 0.1015625
0 0.4580078125 0.091796875 0.052734375 0.18359375
0 0.5234375 0.0859375 0.052734375 0.171875
0 0.6533203125 0.1025390625 0.056640625 0.2041015625
0 0.775390625 0.072265625 0.0546875 0.14453125
0 0 0.52579365234375 0.03459821484375 0.533730158203125 0.12165178515625 0.3670634921875 0.07477678515625 0.289682541015625 0 0.436507935546875 0 0.52579365234375
0 0.1707589296875 0.134920634765625 0.0926339296875 0.283730158203125 0.12165178515625 0.33134920703125 0.142857142578125 0.311507935546875 0.16852678515625 0.311507935546875 0.224330357421875 0.19841269921875 0.1707589296875 0.134920634765625
0 0.1640625 0.545634919921875 0.193080357421875 0.327380953125 0.1261160703125 0.307539681640625 0.088169642578125 0.541666666015625 0.1640625 0.545634919921875
0 0.244419642578125 0.48809523828125 0.265625 0.28174603125 0.2020089296875 0.28174603125 0.1785714296875 0.51984126953125 0.244419642578125 0.48809523828125
0 0.3917410703125 0.533730158203125 0.3984375 0.29365079296875 0.338169642578125 0.29365079296875 0.325892857421875 0.529761904296875 0.3917410703125 0.533730158203125
0 0.7176339296875 0.505952380859375 0.69084821484375 0.24603174609375 0.63727678515625 0.255952380859375 0.6484375 0.51190476171875 0.7176339296875 0.505952380859375
0 0.87946428515625 0.509920634765625 0.845982142578125 0.240079365234375 0.779017857421875 0.26190476171875 0.810267857421875 0.51984126953125 0.87946428515625 0.509920634765625
0 0.88727678515625 0.15277777734375 0.864955357421875 0 0.8125 0.005952380859375 0.83258928515625 0.164682541015625 0.88727678515625 0.15277777734375
0 1 0.03571428515625 0.986607142578125 0 0.927455357421875 0.005952380859375 0.9698660703125 0.182539681640625 1 0.182539681640625 1 0.03571428515625
1 0.205357142578125 1 0.2109375 0.95039682421875 0.10602678515625 0.966269841796875 0.1015625 1 0.205357142578125 1
1 0.32477678515625 0.4920634921875 0.338169642578125 0.329365080078125 0.27008928515625 0.335317458984375 0.2488839296875 0.5 0.32477678515625 0.4920634921875
1 0.4296875 0.15079365234375 0.43415178515625 0.033730158203125 0.37165178515625 0.03571428515625 0.361607142578125 0.154761904296875 0.4296875 0.15079365234375
1 0.5636160703125 0.48809523828125 0.560267857421875 0.337301587890625 0.48883928515625 0.337301587890625 0.4854910703125 0.49603174609375 0.5636160703125 0.48809523828125
1 0.62053571484375 0.15277777734375 0.614955357421875 0.041666666015625 0.55803571484375 0.041666666015625 0.5625 0.15277777734375 0.62053571484375 0.15277777734375
1 0.75446428515625 0.142857142578125 0.7410714296875 0.03571428515625 0.68303571484375 0.033730158203125 0.69084821484375 0.146825396484375 0.75446428515625 0.142857142578125
1 0.7198660703125 0.48015873046875 0.794642857421875 0.47222222265625 0.775669642578125 0.33928571484375 0.70758928515625 0.34325396875 0.705357142578125 0.34325396875 0.7198660703125 0.48015873046875
1 0.94977678515625 0.46428571484375 0.924107142578125 0.335317458984375 0.857142857421875 0.337301587890625 0.8761160703125 0.47420634765625 0.94977678515625 0.46428571484375
1 0.9542410703125 0.4761904765625 0.9988839296875 0.48015873046875 1 0.369047619140625 0.98883928515625 0.33134920703125 0.924107142578125 0.329365080078125 0.9542410703125 0.4761904765625
1 0.950892857421875 0.15079365234375 0.924107142578125 0.037698412109375 0.8738839296875 0.033730158203125 0.88616071484375 0.15079365234375 0.950892857421875 0.15079365234375