0 0 0.99603244140625 0.061562513671875 0.994920376953125 0.07156250390625 0.657959412109375 0 0.66240773828125 0 0.99603244140625
0 0.177187513671875 0.955997494140625 0.17468750390625 0.650174828125 0.097031236328125 0.65861111328125 0.095937513671875 0.963782037109375 0.177187513671875 0.955997494140625
0 0.307187486328125 0.939316259765625 0.28468749609375 0.601243208984375 0.194687486328125 0.60722222265625 0.211562513671875 0.972678728515625 0.307187486328125 0.939316259765625
0 0.4046874765625 0.875422513671875 0.38718750390625 0.577384431640625 0.314218736328125 0.578055556640625 0.32781250390625 0.901000400390625 0.4046874765625 0.875422513671875
0 0.49718749609375 0.8498445859375 0.4703124765625 0.592953580078125 0.409531236328125 0.597500001953125 0.42781250390625 0.878758751953125 0.49718749609375 0.8498445859375
0 0.679062486328125 0.796513205078125 0.635312486328125 0.5262771796875 0.560312486328125 0.54518258984375 0.606562447265625 0.82209108984375 0.679062486328125 0.796513205078125
1 0.583437513671875 0.795401138671875 0.5546874765625 0.580769232421875 0.473593736328125 0.58916666796875 0.502187513671875 0.823203197265625 0.583437513671875 0.795401138671875
1 0.729062486328125 0.64971832421875 0.7078124765625 0.5440705234375 0.640781236328125 0.55722222265625 0.661562513671875 0.669735841796875 0.729062486328125 0.64971832421875
1 0.799062513671875 0.6297008515625 0.78156249609375 0.53183761328125 0.713437486328125 0.540555556640625 0.7328124765625 0.645270021484375 0.799062513671875 0.6297008515625
1 0.888906263671875 0.699286125 0.848281263671875 0.519128798828125 0.784531236328125 0.5294444453125 0.82140624609375 0.714855294921875 0.888906263671875 0.699286125
1 0.95578124609375 0.6748203046875 0.915781236328125 0.5013354765625 0.853281236328125 0.5169444453125 0.89265625390625 0.700398232421875 0.95578124609375 0.6748203046875
1 0.819986984375 0.159512818359375 0.78938799609375 0.02166092578125 0.731445328125 0.02166092578125 0.762044265625 0.167621716796875 0.819986984375 0.159512818359375
1 0.760742203125 0.1653049140625 0.72949218359375 0.019344080078125 0.66910805859375 0.023437501953125 0.69628906640625 0.171097009765625 0.760742203125 0.1653049140625
1 0.694335921875 0.167621716796875 0.668294255859375 0.022819349609375 0.605143234375 0.022819349609375 0.628580724609375 0.17573066015625 0.694335921875 0.167621716796875
1 0.626627580078125 0.169938564453125 0.60384112109375 0.023977751953125 0.538085921875 0.020502501953125 0.55957031640625 0.1745722578125 0.626627580078125 0.169938564453125
1 0.556315109375 0.171097009765625 0.53417968359375 0.02166092578125 0.46402993359375 0.020543982421875 0.484700525390625 0.17688910546875 0.556315109375 0.171097009765625
1 0.48323569140625 0.17857865234375 0.46370444140625 0.02450891796875 0.39078774609375 0.024884259765625 0.404459611328125 0.17857865234375 0.48323569140625 0.17857865234375
1 0.40511069140625 0.17510340234375 0.39013671484375 0.025667341796875 0.31266274609375 0.0221920703125 0.32307940234375 0.180895498046875 0.40511069140625 0.17510340234375
1 0.320475275390625 0.17973709765625 0.309407537109375 0.02450891796875 0.228027328125 0.0221920703125 0.23453774609375 0.189004439453125 0.320475275390625 0.17973709765625
1 0.231933568359375 0.18668759375 0.226725265625 0.02450891796875 0.140136703125 0.0219907421875 0.144042943359375 0.18784599609375 0.231933568359375 0.18668759375
1 0.140136703125 0.190162841796875 0.13753252734375 0.02450891796875 0.04899087109375 0.023437501953125 0.045735662109375 0.191321287109375 0.140136703125 0.190162841796875
1 0.044921859375 0.192454396484375 0.04687500390625 0.029117296875 0.00016274609375 0.023437501953125 0.000651056640625 0.19708808984375 0.044921859375 0.192454396484375