1 0.016334283203125 0.735042734375 0.04787066796875 0.8297142109375 0.0767405625 0.831423611328125 0.054748337890625 0.73376068359375 0.016334283203125 0.735042734375
1 0.129916013671875 0.7375667734375 0.159143517578125 0.836458333984375 0.201282052734375 0.8405982890625 0.183377849609375 0.73768696484375 0.129916013671875 0.7375667734375
0 0.046682099609375 0.695138890625 0.08994687890625 0.8851095078125 0.157641857421875 0.877003205078125 0.109759318359375 0.695472755859375 0.046682099609375 0.695138890625
0 0.191144349609375 0.816880341796875 0.2113173671875 0.886738783203125 0.236557751953125 0.8872996796875 0.262406517578125 0.861177884765625 0.230877552734375 0.73981036328125 0.186453880859375 0.740958869140625 0.191144349609375 0.816880341796875
0 0.252970677734375 0.73389423046875 0.27775551953125 0.9031650625 0.33150967578125 0.88940972265625 0.308836361328125 0.73406784375 0.252970677734375 0.73389423046875
0 0.376436373046875 0.72168803515625 0.395472755859375 0.90257745703125 0.451290955078125 0.900614318359375 0.43523563671875 0.718723291015625 0.376436373046875 0.72168803515625
0 0.013912630859375 0.626068376953125 0.0378323828125 0.62126068359375 0.05822501171875 0.5928819453125 0.008926875 0.40170940234375 0.013912630859375 0.626068376953125
0 0.103350544921875 0.488167734375 0.137591998046875 0.623477564453125 0.1725189921875 0.627457263671875 0.20134882421875 0.6003338671875 0.1545094375 0.38465544921875 0.096358619140625 0.389770298828125 0.103350544921875 0.488167734375
1 0.318040716796875 0.742815171875 0.33784276953125 0.850040064453125 0.389572947265625 0.853325318359375 0.375132064453125 0.7440838671875 0.318040716796875 0.742815171875
1 0.0233262109375 0.4009615390625 0.0685511640625 0.543990384765625 0.11713408203125 0.540798611328125 0.0899379765625 0.39817040625 0.0233262109375 0.4009615390625
1 0.173709044921875 0.41071046875 0.205665361328125 0.551308759765625 0.274151234375 0.5517628203125 0.247627314453125 0.41235309765625 0.173709044921875 0.41071046875
1 0.2511856015625 0.4102964765625 0.276555080078125 0.55181623828125 0.345760625 0.55762553515625 0.325175095703125 0.41514423046875 0.2511856015625 0.4102964765625
1 0.328757123046875 0.414155982421875 0.34939013671875 0.558774037109375 0.416769052734375 0.563474892578125 0.4014972109375 0.41684027734375 0.328757123046875 0.414155982421875
1 0.403252611328125 0.41474358984375 0.41982134375 0.56567841796875 0.489414173828125 0.56188568359375 0.478420287109375 0.4185496796875 0.403252611328125 0.41474358984375
1 0.4790449921875 0.419631412109375 0.49061609765625 0.561912392578125 0.56222548828125 0.56777510546875 0.556545287109375 0.420285791015625 0.4790449921875 0.419631412109375
1 0.55947887109375 0.4171474375 0.56470055859375 0.571033654296875 0.636815943359375 0.57263621875 0.637050392578125 0.421006943359375 0.55947887109375 0.4171474375
1 0.64065616015625 0.421087072265625 0.638017865234375 0.572662927734375 0.712560837890625 0.575387287109375 0.7223869296875 0.422903310546875 0.64065616015625 0.421087072265625
1 0.444290123046875 0.74775641015625 0.45447679296875 0.854767626953125 0.515221390625 0.858253205078125 0.5086404921875 0.751322115234375 0.444290123046875 0.74775641015625
1 0.50936016015625 0.7566773515625 0.5158223515625 0.858266560546875 0.57668566015625 0.867094015625 0.5736393046875 0.757037927734375 0.50936016015625 0.7566773515625
0 0.57665153125 0.730408654296875 0.58052142578125 0.904553953125 0.63218037890625 0.90463408203125 0.628310482421875 0.73048878125 0.57665153125 0.730408654296875
0 0.649289232421875 0.7555154921875 0.64588378515625 0.899599359375 0.695305080078125 0.907104701171875 0.703304546875 0.753512287109375 0.649289232421875 0.7555154921875
0 0.7166755703125 0.73352030078125 0.708621201171875 0.9116720078125 0.7597978984375 0.917080662109375 0.776937916015625 0.742334400390625 0.7166755703125 0.73352030078125
1 0.723612595703125 0.4239983984375 0.713233025390625 0.57860576953125 0.787127552734375 0.579180021484375 0.80469491796875 0.423664529296875 0.723612595703125 0.4239983984375
1 0.808901650390625 0.423758013671875 0.7901561015625 0.580315169921875 0.8657822890625 0.577724359375 0.89005519921875 0.4266292734375 0.808901650390625 0.423758013671875
1 0.776424501953125 0.773290599609375 0.766249703125 0.883052884765625 0.828820927734375 0.887646900390625 0.8461835234375 0.776976494140625 0.776424501953125 0.773290599609375
1 0.846159783203125 0.775908119140625 0.830070333984375 0.889810365234375 0.896777064453125 0.891292736328125 0.915942544921875 0.78066239453125 0.846159783203125 0.775908119140625
1 0.8936372265625 0.425641025390625 0.8682336171875 0.579914529296875 0.947054544921875 0.5859375 0.97536799609375 0.427457265625 0.8936372265625 0.425641025390625
0 1 0.7794346875 0.992818138671875 0.78023504296875 0.96638621875 0.915264423828125 0.988417021484375 0.9606036328125 1 0.966142953125 1 0.7794346875