0 0.8663250703125 0.831207400390625 0.888270263671875 0.770644451171875 0.89970100390625 0.67095871875 0.857383294921875 0.672526041015625 0.830753548828125 0.82192402734375 0.8445593828125 0.83490467578125 0.8663250703125 0.831207400390625
0 0.818174779296875 0.85130128125 0.844410685546875 0.76841403125 0.85092244140625 0.69493071484375 0.80697712890625 0.6965583203125 0.770510759765625 0.82511895703125 0.78416655859375 0.84485114453125 0.818174779296875 0.85130128125
0 0.962458205078125 0.579009130859375 0.988258744140625 0.4913194453125 0.991002228515625 0.367862654296875 0.962205021484375 0.37085664453125 0.907477333984375 0.540569541015625 0.92703671484375 0.56297421484375 0.962458205078125 0.579009130859375
0 0.90223283203125 0.4106626171875 0.8546116796875 0.382551279296875 0.80673600390625 0.609833140625 0.8506598828125 0.60917004296875 0.888889158203125 0.4988546484375 0.90223283203125 0.4106626171875
0 0.76522473046875 0.62389885546875 0.806000568359375 0.6185337890625 0.8065431015625 0.6185136953125 0.830038205078125 0.512598861328125 0.84176901171875 0.39941004296875 0.783003794921875 0.40929623046875 0.7456439140625 0.6024586875 0.76522473046875 0.62389885546875
0 0.7278139453125 0.868139951171875 0.748281572265625 0.800885736328125 0.762139650390625 0.689545556640625 0.7095566484375 0.689565650390625 0.67186187109375 0.849010578125 0.69042191796875 0.8675974140625 0.7278139453125 0.868139951171875
0 0.62330434375 0.887430072265625 0.638803421875 0.824214732421875 0.648956189453125 0.7332497421875 0.599085861328125 0.733169369140625 0.575033490234375 0.864161361328125 0.5983691796875 0.887389884765625 0.62330434375 0.887430072265625
0 0.559463412109375 0.906177662109375 0.571186181640625 0.842138470703125 0.58343808984375 0.72989406640625 0.528970283203125 0.741548513671875 0.51227762890625 0.882868763671875 0.52862466796875 0.90346498828125 0.559463412109375 0.906177662109375
0 0.68382308984375 0.627877443359375 0.70322037890625 0.535606353515625 0.718199697265625 0.39820441015625 0.653530896484375 0.40541811328125 0.623923236328125 0.615640271484375 0.64697359375 0.627314814453125 0.68382308984375 0.627877443359375
1 0.90005599609375 0.7769539296875 0.933059521484375 0.682251478515625 0.90931659375 0.677348572265625 0.88315168359375 0.78143486328125 0.90005599609375 0.7769539296875
1 0.903479990234375 0.525298193359375 0.947477548828125 0.39934976171875 0.9105423203125 0.402645158203125 0.880800701171875 0.52131960546875 0.903479990234375 0.525298193359375
1 0.763865044921875 0.807054556640625 0.79541243359375 0.704696341796875 0.76615842578125 0.7038523984375 0.7431629921875 0.811676150390625 0.763865044921875 0.807054556640625
1 0.667993130859375 0.82795219140625 0.6907099296875 0.732667021484375 0.652168533203125 0.73505819140625 0.63589784765625 0.832995755859375 0.667993130859375 0.82795219140625
1 0.743046447265625 0.548587 0.77166012890625 0.43188175390625 0.725130744140625 0.427822787109375 0.701899541015625 0.546256109375 0.743046447265625 0.548587
1 0.621846869140625 0.562712994140625 0.64644177734375 0.43170090625 0.5817729765625 0.438914611328125 0.561040111328125 0.566892521484375 0.621846869140625 0.562712994140625
1 0.558370306640625 0.565063978515625 0.57803953515625 0.436161748046875 0.511807431640625 0.440542212890625 0.495243376953125 0.576075423828125 0.558370306640625 0.565063978515625
1 0.5068241484375 0.8599416484375 0.5242870703125 0.757141365234375 0.46493644921875 0.76897666015625 0.453377111328125 0.874449427734375 0.5068241484375 0.8599416484375
1 0.38907937890625 0.8893590859375 0.401245552734375 0.780972705078125 0.334756248046875 0.796927244140625 0.330185560546875 0.905032310546875 0.38907937890625 0.8893590859375
1 0.32690891796875 0.906117380859375 0.3331929453125 0.7940940078125 0.26346986328125 0.809204603515625 0.262739787109375 0.915240001953125 0.32690891796875 0.906117380859375
1 0.49368007421875 0.5732421875 0.510179826171875 0.440602494140625 0.437915541015625 0.44809751171875 0.42562746484375 0.586363490234375 0.49368007421875 0.5732421875
1 0.423478759765625 0.585479357421875 0.435809703125 0.4452843671875 0.360354509765625 0.4500064296875 0.353384611328125 0.592894001953125 0.423478759765625 0.585479357421875
1 0.35125733984375 0.59104536328125 0.35814150390625 0.452015818359375 0.277846365234375 0.4549897109375 0.277301150390625 0.6014941796875 0.35125733984375 0.59104536328125
1 0.273481974609375 0.602599345703125 0.27513369140625 0.455090181640625 0.19158334375 0.458184638671875 0.195749474609375 0.6122243125 0.273481974609375 0.602599345703125
0 0.447186857421875 0.933465150390625 0.46564375390625 0.737147955078125 0.406207400390625 0.7528412734375 0.400243537109375 0.9236392421875 0.447186857421875 0.933465150390625
0 0.256592400390625 0.9723267109375 0.262313796875 0.788045748046875 0.205326216796875 0.79112011328125 0.2034454296875 0.973331404296875 0.256592400390625 0.9723267109375
0 0.187297990234375 0.96814718359375 0.184388396484375 0.8063512734375 0.1267296796875 0.815232767578125 0.132458875 0.97211648046875 0.187297990234375 0.96814718359375
0 0.116318373046875 0.991014017578125 0.10317965625 0.801649306640625 0.037211451171875 0.8185482578125 0.056553818359375 0.997082369140625 0.116318373046875 0.991014017578125
1 0.19195173046875 0.61236496875 0.188328134765625 0.458305201171875 0.0970108359375 0.469397021484375 0.11085685546875 0.62693303125 0.19195173046875 0.61236496875
1 0.10603834375 0.624220357421875 0.0920422890625 0.473435892578125 0.001460423828125 0.475827064453125 0.022773330078125 0.638868794921875 0.10603834375 0.624220357421875
1 0 0.976790716796875 0.05066497265625 0.96935281640625 0.035504810546875 0.846559125 0 0.85105301171875 0 0.976790716796875
1 0 0.640965041015625 0.018454486328125 0.6380650390625 0 0.490155740234375 0 0.640965041015625
0 0.4876953125 0.017903645833333332 0.06367187500000004 0.035807291666666664
0 0.39622395833333335 0.004882812499999999 0.055208333333333304 0.009765624999999998
0 0.29737413194444445 0.016393590856481483 0.07319878472222219 0.032787181712962965
0 0.17734375 0.014964916087962962 0.07402343750000001 0.029929832175925923