1 0.960046173828125 0.607076775390625 0.909317693359375 0.468881744140625 0.84881118359375 0.459111796875 0.896829115234375 0.609704765625 0.960046173828125 0.607076775390625
1 0.8951950078125 0.608272703125 0.84932700390625 0.46349669921875 0.7883215078125 0.45472559375 0.827337111328125 0.599819212890625 0.8951950078125 0.608272703125
1 0.829173216796875 0.603979017578125 0.786270244140625 0.45797535546875 0.720671330078125 0.456812234375 0.759520849609375 0.602242740234375 0.829173216796875 0.603979017578125
1 0.760186359375 0.600912935546875 0.72131805078125 0.457807412109375 0.65779787109375 0.45634367578125 0.689304064453125 0.60320025 0.760186359375 0.600912935546875
1 0.682788048828125 0.278012994140625 0.659375294921875 0.1682200703125 0.601868517578125 0.168004291015625 0.623664921875 0.274025890625 0.682788048828125 0.278012994140625
0 0.714753759765625 0.14228225390625 0.74631925390625 0.27962559765625 0.801146353515625 0.287499970703125 0.813944529296875 0.20242631640625 0.77621165625 0.105590998046875 0.714753759765625 0.14228225390625
0 0.776524029296875 0.08918041796875 0.82104066015625 0.32916629296875 0.88359230078125 0.327868162109375 0.89852966796875 0.25104598828125 0.83474621484375 0.08100443359375 0.776524029296875 0.08918041796875
0 1 0.245479658203125 0.95152519921875 0.131054955078125 0.8831269375 0.156562529296875 0.95096919921875 0.360769595703125 1 0.360621759765625 1 0.245479658203125
0 0.7707248263888888 0.9933756510416667 0.08416521990740744 0.013248697916666607
0 0.4980830439814815 0.9981553819444444 0.05041956018518512 0.0036892361111111605
0 0.5231481481481481 0.2033203125 0.07385706018518512 0.18237847222222225
0 0.4593822337962963 0.19659288194444444 0.0703125 0.16080729166666669
0 0.38986545138888884 0.17792968750000002 0.06911892361111116 0.18411458333333336
1 0.62233268359375 0.268932728515625 0.59891993359375 0.15913981640625 0.5443282109375 0.1518647734375 0.561575482421875 0.263513587890625 0.62233268359375 0.268932728515625
1 0.685470181640625 0.59527708203125 0.655901154296875 0.45394426953125 0.58927849609375 0.44927478125 0.616584349609375 0.593574875 0.685470181640625 0.59527708203125
1 0.614284765625 0.593472671875 0.5877818359375 0.452276126953125 0.51850151171875 0.447826908203125 0.539932287109375 0.5901681171875 0.614284765625 0.593472671875
1 0.4597506796875 0.59068269140625 0.538601271484375 0.592827779296875 0.5183315546875 0.45326765234375 0.44651402734375 0.442929693359375 0.4597506796875 0.59068269140625
1 0.457451123046875 0.59058048828125 0.44587448828125 0.444609751953125 0.370693935546875 0.437862140625 0.379729462890625 0.583047990234375 0.457451123046875 0.59058048828125
1 0.36531548828125 0.244064126953125 0.36019821484375 0.133724912109375 0.292862912109375 0.122013052734375 0.294593552734375 0.23820211328125 0.36531548828125 0.244064126953125
1 0.373384341796875 0.585057375 0.368141896484375 0.442086947265625 0.29129359765625 0.4360310078125 0.2908021484375 0.584105873046875 0.373384341796875 0.585057375
1 0.292697619140625 0.578752529296875 0.29108571484375 0.43322458984375 0.209093720703125 0.422191048828125 0.202753306640625 0.58155202734375 0.292697619140625 0.578752529296875
1 0.20418532421875 0.580256236328125 0.207332923828125 0.426783451171875 0.122986326171875 0.420061826171875 0.11526894140625 0.576304396484375 0.20418532421875 0.580256236328125
1 0.29571155078125 0.23782437109375 0.295193390625 0.1276895859375 0.225540005859375 0.115625380859375 0.221721466796875 0.229098310546875 0.29571155078125 0.23782437109375
1 0.1429301796875 0.217440044921875 0.153042291015625 0.106418333984375 0.081060330078125 0.09901743359375 0.072469607421875 0.2047926484375 0.1429301796875 0.217440044921875
0 0.216843353515625 0.25606959375 0.216033234375 0.069795197265625 0.15660046484375 0.061628259765625 0.147351349609375 0.246184037109375 0.216843353515625 0.25606959375
0 0.0244460625 0.023181271484375 0.006838751953125 0.092323154296875 0.01696721875 0.2213219140625 0.062857427734375 0.2220020703125 0.077217330078125 0.04455831640625 0.0244460625 0.023181271484375
1 0.03427449609375 0.462705701171875 0.042255802734375 0.570453337890625 0.1105875703125 0.57756855859375 0.12349790625 0.421810853515625 0.03994714453125 0.418097486328125 0.03427449609375 0.462705701171875