0 0.5978515625 0.8683919270833333 0.09803240740740726 0.2632161458333333
0 0.5274811921296296 0.8661946614583333 0.0893590856481481 0.2676106770833333
0 0.38388310185185187 0.8688802083333333 0.09485677083333333 0.2622395833333333
0 0.9455295138888888 0.18033854166666666 0.10894097222222232 0.24140625
0 0.8204137731481482 0.17981770833333333 0.10917245370370354 0.25703125000000004
0 0.7070023148148148 0.1810546875 0.10062934027777781 0.27304687499999997
0 0.5826605902777777 0.19427083333333334 0.11884403935185173 0.31718749999999996
0 0.4873408564814815 0.22799479166666667 0.1005859375 0.27011718749999997
0 0.4009837962962963 0.25058593749999997 0.11629050925925921 0.3423828125
0 0.3353660300925926 0.2589192708333333 0.10033275462962965 0.3188802083333333
1 0.49519236328125 0.92183215625 0.482803248046875 0.778552443359375 0.411460396484375 0.78164803515625 0.429572234375 0.921944212890625 0.49519236328125 0.92183215625
1 0.356587427734375 0.90810509375 0.340167349609375 0.781381900390625 0.276421591796875 0.782740599609375 0.297237337890625 0.91087851953125 0.356587427734375 0.90810509375
1 0.2965738125 0.913077650390625 0.276471396484375 0.779378869140625 0.213969685546875 0.7819421875 0.239197701171875 0.910374259765625 0.2965738125 0.913077650390625
1 0.237273525390625 0.912489349609375 0.21456680859375 0.784225361328125 0.153358947265625 0.7846315703125 0.181755185546875 0.91215317578125 0.237273525390625 0.912489349609375
1 0.179267091796875 0.909743935546875 0.1539228671875 0.789155896484375 0.09538571484375 0.779645005859375 0.125059205078125 0.906130078125 0.179267091796875 0.909743935546875
1 0.123135029296875 0.9082451640625 0.096115646484375 0.772963568359375 0.041094822265625 0.78163402734375 0.072742291015625 0.902642283203125 0.123135029296875 0.9082451640625
1 0 0.8195597734375 0.021860033203125 0.900371814453125 0.070834716796875 0.903636794921875 0.040464498046875 0.781592005859375 0 0.778021111328125 0 0.8195597734375
1 0 0.90295594921875 0.0193221328125 0.9013243046875 0 0.825646958984375 0 0.90295594921875