0 0.0888671875 0.40520833333333334 0.09375 0.3001953125
0 0.193359375 0.38066406249999996 0.080078125 0.2758463541666667
0 0.20703125 0.08001302083333334 0.05859375 0.16002604166666667
0 0.28125 0.07760416666666667 0.0625 0.15520833333333334
0 0.4091796875 0.08321940104166667 0.0693359375 0.16643880208333334
0 0.359375 0.36373697916666664 0.0751953125 0.2794270833333333
0 0.4296875 0.3570963541666667 0.0712890625 0.2723307291666667
0 0.3544921875 0.9470703125 0.0771484375 0.06373697916666665
0 0.455078125 0.9266927083333334 0.0869140625 0.09173177083333339
0 0.544921875 0.9001953125 0.0791015625 0.1322265625000001
0 0.515624201171875 0 0.49225740625 0.00282944921875 0.5067945390625 0.139099755859375 0.55291233984375 0.136025236328125 0.5416413359375 0 0.515624201171875 0
0 0.5684458828125 0 0.55391490234375 0.005848271484375 0.57246227734375 0.1525452109375 0.620585201171875 0.150228181640625 0.60066254296875 0 0.5684458828125 0
0 0.6957030078125 0 0.650662029296875 0.0270245859375 0.68174141796875 0.17288605859375 0.738386109375 0.164653919921875 0.7014743203125 0 0.6957030078125 0
0 0.6100583125 0.46016431640625 0.578978923828125 0.231424474609375 0.521331671875 0.245070443359375 0.549403376953125 0.467772638671875 0.6100583125 0.46016431640625
0 0.611328125 0.8938151041666667 0.068359375 0.13541666666666652
1 0.17494687890625 0.119338166015625 0.17995968359375 0.004043662109375 0.109279138671875 0.00251754296875 0.09825096875 0.1182130703125 0.17494687890625 0.119338166015625
1 0.383980828125 0.1285728671875 0.37646162109375 0.0301548046875 0.314804125 0.021788990234375 0.318313087890625 0.12671255859375 0.383980828125 0.1285728671875
1 0.3193156484375 0.4688531796875 0.316307966796875 0.324684919921875 0.23810821484375 0.3227689140625 0.2356018125 0.482454587890625 0.3193156484375 0.4688531796875
1 0.50465445703125 0.137734302734375 0.494050447265625 0.036471365234375 0.438620396484375 0.034168474609375 0.446332404296875 0.130482873046875 0.50465445703125 0.137734302734375
1 0.53935848828125 0.4473285390625 0.524416474609375 0.321505001953125 0.4583824140625 0.316481486328125 0.47091442578125 0.4510345859375 0.53935848828125 0.4473285390625
1 0.66949860546875 0.436938751953125 0.645398583984375 0.3185808671875 0.59141453515625 0.323036693359375 0.606356548828125 0.44114822265625 0.66949860546875 0.436938751953125
1 0.72830266015625 0.433018482421875 0.70275663671875 0.316470775390625 0.645880583984375 0.31769184375 0.66998060546875 0.436049728515625 0.72830266015625 0.433018482421875
1 0.671908609375 0.14629248828125 0.649736587890625 0.042373193359375 0.606838548828125 0.04266239453125 0.6208165625 0.1411297265625 0.671908609375 0.14629248828125
1 0.769754697265625 0.15005208984375 0.74613667578125 0.053941205078125 0.714806646484375 0.050888533203125 0.731194662109375 0.146624533203125 0.769754697265625 0.15005208984375
1 0.817472740234375 0.1520122265625 0.78999871484375 0.058729076171875 0.74758267578125 0.0538448046875 0.770236697265625 0.153447515625 0.817472740234375 0.1520122265625
1 0.787588712890625 0.43249363671875 0.7586686875 0.3144570859375 0.705648638671875 0.313707306640625 0.730712662109375 0.435428482421875 0.787588712890625 0.43249363671875
1 0.84060876171875 0.4272451875 0.811206734375 0.3118114375 0.761078689453125 0.31429641796875 0.788070712890625 0.43246150390625 0.84060876171875 0.4272451875
1 0.89362880859375 0.42456740625 0.860370779296875 0.308533833984375 0.811688734375 0.31434997265625 0.84253676171875 0.426259763671875 0.89362880859375 0.42456740625
1 0.947612857421875 0.420111580078125 0.91001682421875 0.310365435546875 0.860852779296875 0.308501701171875 0.89362880859375 0.426281185546875 0.947612857421875 0.420111580078125
1 0.990992896484375 0.4163626875 0.95387886328125 0.308298189453125 0.91049882421875 0.3086195234375 0.94520285546875 0.41855846875 0.990992896484375 0.4163626875
0 0.8714567890625 0.164694193359375 0.84157276171875 0.01844455078125 0.79289071875 0.03711403515625 0.82904075 0.180375275390625 0.8714567890625 0.164694193359375
0 0.91821083203125 0.159863478515625 0.89218280859375 0.04334790625 0.84928476953125 0.04449399609375 0.87579479296875 0.16868944140625 0.91821083203125 0.159863478515625
0 0.964964873046875 0.169599884765625 0.93218884375 0.03382571875 0.890736806640625 0.051156314453125 0.92833283984375 0.1848953671875 0.964964873046875 0.169599884765625
1 0.986654892578125 0.163012548828125 0.95291486328125 0.071860908203125 0.9403828515625 0.070125708984375 0.964000873046875 0.168807263671875 0.986654892578125 0.163012548828125
1 1 0.103854376953125 0.9914748984375 0.07871602734375 0.956288865234375 0.075063533203125 0.98810089453125 0.164629927734375 1 0.162122875 1 0.103854376953125
1 0.95436086328125 0.30740916796875 0.990992896484375 0.415505798828125 0.999668904296875 0.41749806640625 0.999668904296875 0.31981264453125 0.99581290234375 0.308073255859375 0.95436086328125 0.30740916796875
0 1 0.713959818359375 0.96978487890625 0.73054128125 1 0.8373519296875 1 0.713959818359375