1 0.37221946484375 0.52243716796875 0.380205576171875 0.379414681640625 0.315297068359375 0.372437169921875 0.297486771484375 0.525529099609375 0.37221946484375 0.52243716796875
1 0.60891479296875 0.522900130859375 0.6010995390625 0.372172619140625 0.53422343359375 0.377132935546875 0.5341380078125 0.524007935546875 0.60891479296875 0.522900130859375
1 0.848429232421875 0.49950396875 0.82199349609375 0.3649305546875 0.75056492578125 0.365988755859375 0.769320435546875 0.506630291015625 0.848429232421875 0.49950396875
1 1 0.462549740234375 0.971635251953125 0.366683201171875 0.909267525390625 0.3735615078125 0.930974427734375 0.496296296875 1 0.49351909765625 1 0.462549740234375
1 0.4729828046875 0.183531744140625 0.475286595703125 0.08624338671875 0.4139908515625 0.09112103125 0.40713458984375 0.1845072734375 0.4729828046875 0.183531744140625
1 0.664991181640625 0.182671958984375 0.651449513671875 0.075694443359375 0.594529873046875 0.076537697265625 0.6002590390625 0.183630953125 0.664991181640625 0.182671958984375
1 0.795439263671875 0.174785052734375 0.77738921875 0.06588955078125 0.71841380078125 0.07470237890625 0.733027447265625 0.179679232421875 0.795439263671875 0.174785052734375
1 0.997404099609375 0.169808201171875 0.9660493828125 0.065079365234375 0.91354993359375 0.06387235546875 0.933788029296875 0.170750662109375 0.997404099609375 0.169808201171875
0 0.028689236111111113 0.6316189236111112 0.03313802083333334 0.17328559027777768
0 0.10648871527777778 0.9674913194444444 0.09709201388888888 0.06391782407407409
0 0.8672743055555556 0.9581741898148148 0.08235677083333348 0.05979456018518525
0 0.9434678819444444 0.9580222800925926 0.05985243055555545 0.05750868055555558
0 0.09198357421875 0.5722387578125 0.17327766796875 0.412251986328125 0.120395171875 0.343568123046875 0.03776455078125 0.49365079296875 0.09198357421875 0.5722387578125
0 0.21735835546875 0.18533399609375 0.14258432421875 0.337285052734375 0.17355599609375 0.374537037109375 0.206200396484375 0.33634259375 0.27015266796875 0.250049603515625 0.21735835546875 0.18533399609375
0 0.21492780078125 0.578356482421875 0.242179232421875 0.34771825390625 0.177579365234375 0.354629630859375 0.1445271171875 0.57542989453125 0.21492780078125 0.578356482421875
0 0.2981481484375 0.555291005859375 0.314106591796875 0.3188657421875 0.246965939453125 0.311921294921875 0.221139220703125 0.55643187890625 0.2981481484375 0.555291005859375
0 0.43350143359375 0.567179234375 0.440531306640625 0.330886244140625 0.384815916015625 0.335681216796875 0.3720293203125 0.56412037109375 0.43350143359375 0.567179234375
0 0.526986884765625 0.553885580078125 0.52298831640625 0.323710318359375 0.4592840625 0.320684525390625 0.463238537109375 0.54887566015625 0.526986884765625 0.553885580078125
0 0.68859678125 0.541567458984375 0.673040673828125 0.2937003984375 0.608440806640625 0.3006117734375 0.620957341796875 0.562417326171875 0.68859678125 0.541567458984375
0 0.76319719921875 0.5325231484375 0.737640541015625 0.28678901953125 0.678356482421875 0.281712962890625 0.697437169921875 0.5374669296875 0.76319719921875 0.5325231484375
0 0.927303791015625 0.53207671875 0.892862654296875 0.288458994140625 0.8239748671875 0.303373015625 0.85810736328125 0.5331018515625 0.927303791015625 0.53207671875
0 0.528199404296875 0.2065310859375 0.52530312890625 0.025958994140625 0.473156416015625 0.040625 0.474716158203125 0.211292990234375 0.528199404296875 0.2065310859375
0 0.600744046875 0.205456349609375 0.591195435546875 0.026967591796875 0.53561232421875 0.037714947265625 0.537127974609375 0.206398810546875 0.600744046875 0.205456349609375
0 0.7360091484375 0.2133763203125 0.71151069140625 0.015261244140625 0.655971671875 0.027992724609375 0.67132109765625 0.2163194453125 0.7360091484375 0.2133763203125
0 0.859363978515625 0.18773148046875 0.828521826171875 0.005588625 0.7820877421875 0.026124337890625 0.806013005859375 0.198445765625 0.859363978515625 0.18773148046875
0 0.93628472265625 0.182622353515625 0.902314814453125 0.010449734375 0.855704365234375 0.02304894140625 0.87962962890625 0.19537037109375 0.93628472265625 0.182622353515625
0 1 0.059360623046875 0.9985615078125 0.0209325390625 0.97132109765625 0.051107802734375 1 0.15327412890625 1 0.059360623046875