0 0.23046875 0.0224609375 0.0654296875 0.044921875
0 0.3017578125 0.021484375 0.060546875 0.04296875
0 0.439453125 0.0380859375 0.0615234375 0.076171875
0 0.556640625 0.0263671875 0.056640625 0.052734375
0 0.6240234375 0.0283203125 0.05859375 0.056640625
0 0.7314453125 0.0439453125 0.072265625 0.087890625
0 0.119140625 0.2880859375 0.099609375 0.2607421875
0 0.224609375 0.28125 0.0751953125 0.283203125
0 0.3876953125 0.2763671875 0.0751953125 0.28515625
0 0.44921875 0.265625 0.0771484375 0.28515625
0 0.6384720078125 0.394718564453125 0.60754256640625 0.147283046875 0.55120680078125 0.16102946484375 0.5821362421875 0.40257366015625 0.6384720078125 0.394718564453125
0 0.842827234375 0 0.8627104453125 0.098188697265625 0.9190462109375 0.0864060546875 0.90026762109375 0 0.842827234375 0
0 0.899163 0 0.91683696484375 0.0903336015625 0.955498765625 0.0864060546875 0.942243291015625 0 0.899163 0
0 0.9433479140625 0 0.964335748046875 0.113898888671875 1 0.108007568359375 0.996369810546875 0 0.9433479140625 0
0 0.0361328125 0.955078125 0.072265625 0.08984375
0 0.1484375 0.94140625 0.08203125 0.1162109375
0 0.2705078125 0.9267578125 0.0908203125 0.1455078125
0 0.390625 0.9072265625 0.0947265625 0.1845703125
0 0.490234375 0.8955078125 0.099609375 0.208984375
0 0.5830078125 0.8681640625 0.1005859375 0.263671875
0 0.6455078125 0.8623046875 0.0849609375 0.275390625
1 0.338014591796875 0 0.338014591796875 0.01963773828125 0.41091969921875 0.023565287109375 0.404291962890625 0 0.338014591796875 0
1 0.3490608203125 0.365261955078125 0.340223837890625 0.216015134765625 0.26731873046875 0.217978908203125 0.265109484375 0.37508082421875 0.3490608203125 0.365261955078125
1 0.569985390625 0.363298181640625 0.55120680078125 0.227797779296875 0.488243298828125 0.22583400390625 0.49708028125 0.367225728515625 0.569985390625 0.363298181640625
1 0.698121640625 0.3593706328125 0.6782384296875 0.231725326171875 0.618588794921875 0.229761552734375 0.635158138671875 0.367225728515625 0.698121640625 0.3593706328125
1 0.761085142578125 0.357406859375 0.738992685546875 0.229761552734375 0.68044767578125 0.231725326171875 0.70033088671875 0.357406859375 0.761085142578125 0.357406859375
1 0.8229440234375 0.365261955078125 0.79201458203125 0.235652875 0.735678818359375 0.233689099609375 0.762189765625 0.363298181640625 0.8229440234375 0.365261955078125
1 0.469692763671875 0 0.473009802734375 0.031843578125 0.5313896953125 0.038919927734375 0.52807265625 0 0.469692763671875 0
1 0.64416903125 0 0.65279333203125 0.054252021484375 0.705202552734375 0.055431412109375 0.69127098828125 0 0.64416903125 0
1 0.75562155078125 0 0.766236076171875 0.06250776171875 0.806703955078125 0.064866544921875 0.79078216796875 0 0.75562155078125 0
1 0.792772390625 0 0.80736736328125 0.0660459375 0.855132728515625 0.068404720703125 0.83589390234375 0 0.792772390625 0
1 0.8770251875 0.35735569921875 0.846508427734375 0.2370577421875 0.793435798828125 0.2370577421875 0.821298927734375 0.359714482421875 0.8770251875 0.35735569921875
1 0.93275144921875 0.359714482421875 0.8995810546875 0.24295469921875 0.85115228125 0.2382371328125 0.879015412109375 0.36561144140625 0.93275144921875 0.359714482421875
1 0.98449726171875 0.359714482421875 0.947346421875 0.24177530859375 0.900244462890625 0.245313482421875 0.932088041015625 0.359714482421875 0.98449726171875 0.359714482421875
1 0.981843630859375 0.354996916015625 0.999092234375 0.354996916015625 1 0.25828679296875 0.99245815625 0.239416525390625 0.948009830078125 0.235878349609375 0.981843630859375 0.354996916015625