1 0.299906748046875 1 0.319286830078125 0.8441101796875 0.218994912109375 0.84324884375 0.197676822265625 1 0.299906748046875 1
1 0.4350828125 0.4186097421875 0.44767986328125 0.26787578125 0.38178758984375 0.259262412109375 0.363376513671875 0.415164396484375 0.4350828125 0.4186097421875
1 0.544580267578125 0.08268834375 0.548456283203125 0.001722673828125 0.483533013671875 0 0.476749984375 0.079242998046875 0.544580267578125 0.08268834375
1 0.67103529296875 0.42894578515625 0.67055079296875 0.2807958359375 0.5949684765625 0.275627814453125 0.5910924609375 0.426361775390625 0.67103529296875 0.42894578515625
1 0.67636481640625 0 0.677818322265625 0.079242998046875 0.7451641015625 0.0818270078125 0.741772587890625 0 0.67636481640625 0
1 0.811056376953125 0 0.81929291015625 0.079242998046875 0.89051470703125 0.08268834375 0.880340166015625 0 0.811056376953125 0
1 0.92346084375 0.431529796875 0.90795678125 0.285102521484375 0.828013947265625 0.2868251953125 0.83770398828125 0.433252470703125 0.92346084375 0.431529796875
0 0.19430427734375 0.998520388671875 0.21643460546875 0.80180636328125 0.123487228515625 0.791577234375 0.0920621640625 1 0.19430427734375 0.998520388671875
0 0.3642578125 0.9345703125 0.08203125 0.130859375
0 0.470703125 0.9384765625 0.0810546875 0.1220703125
0 0.580078125 0.9482421875 0.08203125 0.103515625
0 0.705078125 0.9453125 0.0849609375 0.1083984375
0 0.8125 0.947265625 0.0947265625 0.10546875
0 0.916015625 0.935546875 0.0947265625 0.12890625
0 0.978515625 0.939453125 0.04296875 0.1201171875
0 0.791015625 0.310546875 0.080078125 0.265625
0 0.7158203125 0.31640625 0.07421875 0.26953125
0 0.9794921875 0.044921875 0.0400390625 0.0888671875
0 0.9140625 0.04296875 0.06640625 0.0859375
0 1 0.34621668359375 0.981258734375 0.19907459375 0.909999078125 0.217172283203125 0.933014619140625 0.461097673828125 1 0.465818810546875 1 0.34621668359375
0 0.78125 0.060546875 0.0693359375 0.12109375
0 0.640625 0.048828125 0.0546875 0.09765625
0 0.5732421875 0.052734375 0.056640625 0.10546875
0 0.5576171875 0.33203125 0.068359375 0.2353515625
0 0.4697265625 0.3359375 0.0693359375 0.228515625
0 0.3369140625 0.3095703125 0.072265625 0.220703125
0 0.284153408203125 0.441426271484375 0.3102671953125 0.2573019453125 0.253613556640625 0.2234671328125 0.2120085390625 0.439065703125 0.284153408203125 0.441426271484375
0 0.296546392578125 0.060587919921875 0.215992 0.203795728515625 0.247417064453125 0.251793951171875 0.268219572265625 0.2344831171875 0.2859238359375 0.242351677734375 0.339921833984375 0.12274955078125 0.296546392578125 0.060587919921875
0 0.169518310546875 0.43041028515625 0.248744884765625 0.2887761875 0.199615556640625 0.21481171484375 0.1212741953125 0.37060922265625 0.169518310546875 0.43041028515625
0 0 0.71761276171875 0.1274706875 0.47998221875 0.0748005078125 0.412312595703125 0 0.534275291015625 0 0.71761276171875