0 0.2490234375 0.7197265625 0.09375 0.31640625
0 0.3466796875 0.7099609375 0.083984375 0.3017578125
0 0.4462890625 0.7080078125 0.0830078125 0.3544921875
0 0.548828125 0.6943359375 0.08203125 0.33203125
0 0.638671875 0.7080078125 0.080078125 0.2763671875
1 0.7177734375 0.7001953125 0.08984375 0.2587890625
0 0.82421875 0.69140625 0.1142578125 0.3017578125
1 0.8984375 0.6298828125 0.068359375 0.1328125
1 0.9765625 0.6259765625 0.046875 0.11328125
1 0.0908203125 0.0556640625 0.068359375 0.111328125
1 0.1728515625 0.0546875 0.068359375 0.1025390625
1 0.2548828125 0.05859375 0.06640625 0.10546875
1 0.3369140625 0.052734375 0.0703125 0.10546875
1 0.419921875 0.05859375 0.0693359375 0.111328125
1 0.5 0.06640625 0.0751953125 0.1328125
1 0.5810546875 0.0625 0.0703125 0.119140625
1 0.6611328125 0.064453125 0.0712890625 0.1201171875
1 0.7392578125 0.0654296875 0.0693359375 0.12109375
1 0.8193359375 0.0712890625 0.0751953125 0.13671875
1 0.8974609375 0.0703125 0.0751953125 0.130859375
1 0.96875 0.07421875 0.0625 0.1220703125