1 0.80298579296875 0.90199214453125 0.820830310546875 0.776255912109375 0.747183724609375 0.77870997265625 0.7360808984375 0.89064016796875 0.80298579296875 0.90199214453125
1 0.73334360546875 0.896214849609375 0.74347235546875 0.776038953125 0.677612208984375 0.77565168359375 0.668687734375 0.89027559765625 0.73334360546875 0.896214849609375
1 0.943307373046875 0.57135494140625 0.973053056640625 0.401902732421875 0.880403759765625 0.41826825390625 0.8606443828125 0.569853626953125 0.943307373046875 0.57135494140625
1 0.854451580078125 0.571308345703125 0.876813625 0.412869486328125 0.7883606640625 0.4209948828125 0.772252041015625 0.57661509765625 0.854451580078125 0.571308345703125
1 0.769538048828125 0.577356458984375 0.783761552734375 0.42106301953125 0.69837468359375 0.4291429921875 0.690173736328125 0.579194099609375 0.769538048828125 0.577356458984375
1 0.6880195234375 0.5802663984375 0.694420849609375 0.43192751953125 0.6131090546875 0.4344951640625 0.611222087890625 0.58036375390625 0.6880195234375 0.5802663984375
1 0.60745915234375 0.583162142578125 0.60998234375 0.435904462890625 0.535508626953125 0.439733779296875 0.53775735546875 0.578726115234375 0.60745915234375 0.583162142578125
1 0.535824958984375 0.579116619140625 0.5299004765625 0.44526887109375 0.45956245703125 0.442221884765625 0.469476388671875 0.581100662109375 0.535824958984375 0.579116619140625
1 0.466470912109375 0.5797822109375 0.454963345703125 0.44229001953125 0.3865005234375 0.4487562890625 0.4003076796875 0.586214361328125 0.466470912109375 0.5797822109375
1 0.4784258125 0.87956431640625 0.471075962890625 0.7691704921875 0.41364753125 0.768658283203125 0.42495566796875 0.876167484375 0.4784258125 0.87956431640625
1 0.4247693671875 0.8803592265625 0.4119326015625 0.7727726953125 0.357691443359375 0.769487263671875 0.368596775390625 0.8688244609375 0.4247693671875 0.8803592265625
0 0.8581163194444444 0.8500000000000001 0.07888454861111116 0.21587094907407423
0 0.6378472222222222 0.843504050925926 0.07517361111111098 0.1982494212962962
0 0.5708984374999999 0.8347366898148147 0.07137586805555562 0.1786747685185186
0 0.5047092013888889 0.8308376736111112 0.07567274305555549 0.18752170138888902
0 0.6203125 0.013259548611111113 0.07773437499999991 0.026519097222222225
0 0.3486328125 0.04165943287037037 0.087890625 0.08331886574074074
0 0.245724984375 0.759444513671875 0.220625390625 0.841596123046875 0.243331619140625 0.93394351171875 0.31352214453125 0.90583894140625 0.290767861328125 0.76286619140625 0.245724984375 0.759444513671875
0 0.172545759765625 0.71691275390625 0.14072926171875 0.795074890625 0.17597749609375 0.949934314453125 0.2449374765625 0.9409001640625 0.216298029296875 0.71490154296875 0.172545759765625 0.71691275390625
0 0.05664076171875 0.704999900390625 0.032147341796875 0.77351258984375 0.083613736328125 0.925405712890625 0.149098736328125 0.899763556640625 0.102107962890625 0.6988743046875 0.05664076171875 0.704999900390625
0 0 0.920688853515625 0.063622224609375 0.884007296875 0.003269826171875 0.664900685546875 0 0.664813171875 0 0.920688853515625
1 0.39769983203125 0.584567431640625 0.382236466796875 0.445593501953125 0.31447959765625 0.4534122890625 0.335367302734375 0.58667651171875 0.39769983203125 0.584567431640625
1 0.335117208984375 0.59230361328125 0.31389494140625 0.44933197265625 0.24932534375 0.454377537109375 0.27174606640625 0.587619046875 0.335117208984375 0.59230361328125
1 0.269962955078125 0.593268861328125 0.246319869140625 0.4530590625 0.18475574609375 0.459423130859375 0.2132480390625 0.59393766796875 0.269962955078125 0.593268861328125
1 0.210481900390625 0.595852318359375 0.17997478125 0.4635829375 0.123897517578125 0.467139716796875 0.154871248046875 0.597528486328125 0.210481900390625 0.595852318359375
1 0 0.037312330078125 0.015407904296875 0.116028453125 0.0834072421875 0.10275409375 0.06189190234375 0.000848103515625 0 0.001765021484375 0 0.037312330078125
1 0.08491819140625 0 0.062658412109375 0.000836748046875 0.0830044375 0.094582103515625 0.153742810546875 0.0843133515625 0.140482052734375 0 0.08491819140625 0
1 0.143607255859375 0 0.1573784375 0.07576126953125 0.23291682421875 0.069522341796875 0.221191443359375 0 0.143607255859375 0
1 0.224129435546875 0 0.233164275390625 0.059645576171875 0.31224224609375 0.051324572265625 0.3048407890625 0 0.224129435546875 0
1 0.963399345703125 0.8000823671875 0.901150822265625 0.787374603515625 0.87925613671875 0.900827693359375 0.95245731640625 0.89977775 0.96115649609375 0.8505464765625 0.963399345703125 0.8000823671875