1 0.880417310546875 0.8444444453125 0.92236368359375 0.75277777734375 0.8921006953125 0.75 0.862448560546875 0.8444444453125 0.880417310546875 0.8444444453125
1 0.907262732421875 0.5875 0.958400849609375 0.466666666015625 0.91740612109375 0.461111111328125 0.87954925390625 0.5819444453125 0.907262732421875 0.5875
1 0.7419913828125 0.8569444453125 0.778099279296875 0.75972222265625 0.746273791015625 0.7569444453125 0.7154288828125 0.8569444453125 0.7419913828125 0.8569444453125
1 0.64219714453125 0.854166666015625 0.6745627578125 0.76527777734375 0.630915638671875 0.763888888671875 0.605642361328125 0.8625 0.64219714453125 0.854166666015625
1 0.737319958984375 0.5930555546875 0.781838349609375 0.466666666015625 0.729803240234375 0.4625 0.69445408984375 0.591666666015625 0.737319958984375 0.5930555546875
1 0.47877121875 0.866666666015625 0.501022376953125 0.766666666015625 0.450241126953125 0.766666666015625 0.42513181640625 0.873611111328125 0.47877121875 0.866666666015625
1 0.616637732421875 0.5875 0.652871013671875 0.4569444453125 0.5832368828125 0.458333333984375 0.551896861328125 0.586111111328125 0.616637732421875 0.5875
1 0.550231482421875 0.5875 0.58130465625 0.45277777734375 0.51411715625 0.45277777734375 0.487053111328125 0.586111111328125 0.550231482421875 0.5875
1 0.484709361328125 0.586111111328125 0.51333590625 0.45277777734375 0.444010416015625 0.45 0.419865611328125 0.586111111328125 0.484709361328125 0.586111111328125
1 0.41626800390625 0.5819444453125 0.441296939453125 0.4444444453125 0.365721451171875 0.441666666015625 0.346058384765625 0.5805555546875 0.41626800390625 0.5819444453125
0 0.88942901171875 0.733333333984375 0.846357380859375 0.73472222265625 0.803317900390625 0.883333333984375 0.843016974609375 0.895833333984375 0.87414801953125 0.823611111328125 0.88942901171875 0.733333333984375
0 0.8385030859375 0.745833333984375 0.787618955078125 0.74722222265625 0.741023662109375 0.8805555546875 0.788184798828125 0.908333333984375 0.819479810546875 0.8444444453125 0.8385030859375 0.745833333984375
0 0.750983796875 0.725 0.6919174375 0.720833333984375 0.642380400390625 0.883333333984375 0.694701646484375 0.91527777734375 0.728012474609375 0.83472222265625 0.750983796875 0.725
0 0.9099344140625 0.604166666015625 0.95246913671875 0.641666666015625 0.96625514453125 0.4555555546875 0.9099344140625 0.604166666015625
0 0.91193737109375 0.461111111328125 0.858175796875 0.448611111328125 0.79821244921875 0.6569444453125 0.846547068359375 0.658333333984375 0.889953060546875 0.5680555546875 0.91193737109375 0.461111111328125
0 0.7941615234375 0.6694444453125 0.837959748046875 0.55277777734375 0.85083590625 0.45277777734375 0.79006237109375 0.461111111328125 0.73912680078125 0.6319444453125 0.7629115234375 0.6694444453125 0.7941615234375 0.6694444453125
0 0.663994984375 0.433333333984375 0.613303755859375 0.6430555546875 0.675514404296875 0.6680555546875 0.675617283203125 0.666666666015625 0.730873841796875 0.4375 0.663994984375 0.433333333984375
0 0.591885287109375 0.911111111328125 0.613168724609375 0.83472222265625 0.6279963984375 0.761111111328125 0.579867541015625 0.7569444453125 0.543428498046875 0.89027777734375 0.565219908203125 0.9125 0.591885287109375 0.911111111328125
0 0.5246559921875 0.92222222265625 0.564303626953125 0.766666666015625 0.511220421875 0.7555555546875 0.475376158203125 0.9125 0.5246559921875 0.92222222265625
0 0.41398533984375 0.929166666015625 0.447508359375 0.74027777734375 0.393129501953125 0.736111111328125 0.367152134765625 0.9180555546875 0.41398533984375 0.929166666015625
0 0.2243055546875 0.9375 0.24814493359375 0.75277777734375 0.186693029296875 0.75972222265625 0.1724344140625 0.941666666015625 0.2243055546875 0.9375
0 0.160120884765625 0.9180555546875 0.1698752578125 0.76527777734375 0.10560699609375 0.7680555546875 0.1012184921875 0.92222222265625 0.160120884765625 0.9180555546875
0 0.0868055546875 0.9375 0.09226466015625 0.758333333984375 0.02626993359375 0.75277777734375 0.03004115234375 0.9444444453125 0.0868055546875 0.9375
1 0.360185185546875 0.875 0.379517103515625 0.77222222265625 0.315248841796875 0.775 0.297643390625 0.886111111328125 0.360185185546875 0.875
1 0.29743762890625 0.888888888671875 0.314673353515625 0.77222222265625 0.245717591796875 0.775 0.236397248046875 0.89027777734375 0.29743762890625 0.888888888671875
1 0.34517425390625 0.5819444453125 0.3656185703125 0.4430555546875 0.288110853515625 0.43472222265625 0.273505015625 0.579166666015625 0.34517425390625 0.5819444453125
1 0.268817515625 0.579166666015625 0.284307484375 0.433333333984375 0.200241126953125 0.429166666015625 0.1910622421875 0.58472222265625 0.268817515625 0.579166666015625
1 0.190589634765625 0.5805555546875 0.198103138671875 0.426388888671875 0.109924767578125 0.425 0.112464634765625 0.5805555546875 0.190589634765625 0.5805555546875
1 0.105227623046875 0.583333333984375 0.10554591015625 0.420833333984375 0.01533243359375 0.41527777734375 0.025170396484375 0.57777777734375 0.105227623046875 0.583333333984375
1 0 0.9125 0.026938658203125 0.9125 0.022608025390625 0.791666666015625 0 0.790827029296875 0 0.9125
0 0.5309968171296297 0.0166015625 0.0708188657407407 0.033203125
1 0 0.580043978515625 0.018817515625 0.579166666015625 0.012001671875 0.4180555546875 0 0.4180555546875 0 0.580043978515625