1 0.79580853125 0.32695105859375 0.825482251953125 0.056183861328125 0.7315999765625 0.047453705078125 0.70652281640625 0.324305556640625 0.79580853125 0.32695105859375
1 0.65457726953125 0.897784390625 0.671505732421875 0.705952380859375 0.604629630859375 0.7079365078125 0.5930169765625 0.8880291015625 0.65457726953125 0.897784390625
1 0.430922068359375 0.871329365234375 0.43811452734375 0.693088623046875 0.362265763671875 0.692824072265625 0.36730599609375 0.8694444453125 0.430922068359375 0.871329365234375
1 0.200879078125 0.858564814453125 0.1878499765625 0.673776455078125 0.110841048828125 0.671494708984375 0.133958884765625 0.858564814453125 0.200879078125 0.858564814453125
0 1 0.4955100078125 0.904147376953125 0.685085978515625 0.965415564453125 0.78207671875 1 0.732640615234375 1 0.4955100078125
0 0.85077160546875 0.943253966796875 0.908923060546875 0.849801587890625 0.919568451171875 0.77675264453125 0.8736469375 0.717890212890625 0.795392416015625 0.8603174609375 0.810063931640625 0.91825396875 0.85077160546875 0.943253966796875
0 0.801071072265625 1 0.823134369140625 0.954332009765625 0.792030423828125 0.909788359375 0.7502810859375 0.938293650390625 0.713812009765625 1 0.801071072265625 1
0 0.79474757421875 0.93167989453125 0.823203263671875 0.70648148046875 0.7549465390625 0.696527779296875 0.72850253515625 0.911871693359375 0.79474757421875 0.93167989453125
0 0.728400572265625 0.957473544921875 0.74538690625 0.7180555546875 0.6706542109375 0.71782407421875 0.651347552734375 0.953207673828125 0.728400572265625 0.957473544921875
0 0.589610892578125 0.935515873046875 0.5986965390625 0.6918981484375 0.532716048828125 0.683994708984375 0.52457010546875 0.919708994140625 0.589610892578125 0.935515873046875
0 0.4766927083333333 0.810474537037037 0.07378472222222232 0.2461660879629628
0 0.31471354166666665 0.8115306712962962 0.0859375 0.2660445601851853
0 0.23769531249999998 0.8151041666666667 0.08415798611111114 0.2737991898148149
0 0.0703125 0.7925781249999999 0.09552951388888889 0.3024377893518517
0 0.8719835069444445 0.19759837962962964 0.13209635416666665 0.3230396412037037
0 0.6552734375 0.1511646412037037 0.0966796875 0.26636284722222225
0 0.5545789930555556 0.14330150462962962 0.09743923611111116 0.2566261574074074
0 0.44309895833333335 0.13316695601851852 0.0854166666666667 0.24260706018518519
0 0.32395833333333335 0.12963686342592592 0.0893229166666667 0.24272280092592596
0 0.21458333333333332 0.12639612268518519 0.09322916666666664 0.24283854166666669
0 0.11627604166666666 0.1381221064814815 0.10542534722222224 0.2646701388888889
0 0.03884548611111111 0.12314091435185186 0.07769097222222222 0.24628182870370371