1 0.041466345703125 0.2574786328125 0.05949519140625 0.15598290625 0.0318509609375 0.16025641015625 0.0006009609375 0.251068376953125 0.041466345703125 0.2574786328125
1 0.1634615390625 0.26068376171875 0.180889423828125 0.15598290625 0.146033654296875 0.15491453125 0.11418269140625 0.2564102578125 0.1634615390625 0.26068376171875
0 0.076923076171875 0.106837607421875 0.052283654296875 0.1794871796875 0.033653845703125 0.28418803515625 0.099158654296875 0.291666666015625 0.13701923046875 0.13675213671875 0.109375 0.103632478515625 0.076923076171875 0.106837607421875
0 0 0.584401708984375 0.048076923828125 0.4145299140625 0.02644230859375 0.3685897421875 0 0.353632478515625 0 0.584401708984375
0 0.192908654296875 0.106837607421875 0.177884615234375 0.165598291015625 0.16826923046875 0.255341880859375 0.21454326953125 0.26282051171875 0.24519230859375 0.128205126953125 0.220552884765625 0.106837607421875 0.192908654296875 0.106837607421875
0 0.123197115234375 0.3675213671875 0.0859375 0.524572650390625 0.0859375 0.610042734375 0.146033654296875 0.604700853515625 0.1875 0.400641025390625 0.1568509609375 0.3675213671875 0.123197115234375 0.3675213671875
1 0.083533654296875 0.581196580078125 0.1015625 0.44978632421875 0.055889423828125 0.439102564453125 0.015625 0.583333333984375 0.083533654296875 0.581196580078125
1 0.23798076953125 0.58226495703125 0.26081730859375 0.443376068359375 0.189903845703125 0.446581197265625 0.16105769140625 0.583333333984375 0.23798076953125 0.58226495703125
1 0.314903845703125 0.587606837890625 0.33173076953125 0.44123931640625 0.26081730859375 0.443376068359375 0.23858173046875 0.583333333984375 0.314903845703125 0.587606837890625
1 0.3912259609375 0.58867521484375 0.40324519140625 0.4444444453125 0.333533654296875 0.4455128203125 0.314903845703125 0.583333333984375 0.3912259609375 0.58867521484375
1 0.36298076953125 0.25427350390625 0.373798076171875 0.1485042734375 0.31730769140625 0.15170940234375 0.302283654296875 0.253205126953125 0.36298076953125 0.25427350390625
0 0.29326923046875 0.264957265625 0.31550480859375 0.102564103515625 0.263221154296875 0.100427349609375 0.2349759609375 0.26175213671875 0.29326923046875 0.264957265625
0 0.41706730859375 0.27991453125 0.42608173046875 0.10576923046875 0.37860576953125 0.096153845703125 0.36298076953125 0.278846154296875 0.41706730859375 0.27991453125
1 0.4921875 0.255341880859375 0.497596154296875 0.150641025390625 0.439302884765625 0.153846154296875 0.4290865390625 0.255341880859375 0.4921875 0.255341880859375
1 0.55769230859375 0.25427350390625 0.55889423046875 0.147435896484375 0.498798076171875 0.15277777734375 0.493389423828125 0.253205126953125 0.55769230859375 0.25427350390625
1 0.4681490390625 0.5865384609375 0.4759615390625 0.443376068359375 0.4068509609375 0.4444444453125 0.391826923828125 0.58226495703125 0.4681490390625 0.5865384609375
1 0.548677884765625 0.58974358984375 0.548076923828125 0.4455128203125 0.4759615390625 0.4444444453125 0.4693509609375 0.5854700859375 0.548677884765625 0.58974358984375
1 0.627403845703125 0.59294871875 0.62139423046875 0.44123931640625 0.549278845703125 0.446581197265625 0.546875 0.58867521484375 0.627403845703125 0.59294871875
1 0.7109375 0.59081196484375 0.69891826953125 0.439102564453125 0.625 0.44230769140625 0.62860576953125 0.591880341796875 0.7109375 0.59081196484375
0 0.615384615234375 0.271367521484375 0.61298076953125 0.10576923046875 0.5631009609375 0.102564103515625 0.5618990390625 0.2735042734375 0.615384615234375 0.271367521484375
0 0.685096154296875 0.26175213671875 0.677884615234375 0.11431623828125 0.62860576953125 0.115384615234375 0.6322115390625 0.270299146484375 0.685096154296875 0.26175213671875
0 0.7584134609375 0.274572650390625 0.743990384765625 0.09829059765625 0.689903845703125 0.099358974609375 0.701923076171875 0.27670940234375 0.7584134609375 0.274572650390625
1 0.79266826953125 0.591880341796875 0.7734375 0.4380341875 0.70012019140625 0.443376068359375 0.712139423828125 0.59081196484375 0.79266826953125 0.591880341796875
1 0.87860576953125 0.59294871875 0.852764423828125 0.440170939453125 0.775841345703125 0.4380341875 0.794471154296875 0.59294871875 0.87860576953125 0.59294871875
1 0.963341345703125 0.59401709375 0.9302884609375 0.435897435546875 0.853365384765625 0.439102564453125 0.881009615234375 0.59401709375 0.963341345703125 0.59401709375
1 0.829927884765625 0.244658119140625 0.811298076171875 0.1314102578125 0.74579326953125 0.1335470078125 0.7584134609375 0.247863248046875 0.829927884765625 0.244658119140625
1 0.8978365390625 0.240384615234375 0.87800480859375 0.130341880859375 0.8125 0.130341880859375 0.829927884765625 0.2425213671875 0.8978365390625 0.240384615234375
0 0.95793269140625 0.075854701171875 0.9453125 0.104700853515625 0.9771634609375 0.232905982421875 1 0.2435897421875 0.998798076171875 0.053418802734375 0.95793269140625 0.075854701171875