0 0.8623914930555555 0.04602864583333333 0.08410734953703702 0.04246961805555556
0 0.9465277777777779 0.05144675925925926 0.06688368055555571 0.048784722222222215
0 0.4320963541666667 0.5481119791666667 0.07635271990740744 0.2314019097222222
0 0.5232204861111112 0.5566623263888889 0.08241464120370368 0.23548177083333321
0 0.6747251157407408 0.5826027199074074 0.09272280092592577 0.26503906249999987
0 0.7484230324074075 0.5935619212962964 0.09610821759259247 0.2739149305555557
0 0.7413049768518518 0.888794849537037 0.07658420138888888 0.1982566550925926
0 0.6119285300925926 0.8947120949074074 0.07319878472222219 0.1893807870370372
0 0.5476417824074074 0.8772063078703705 0.07205584490740735 0.20494791666666679
0 0.29809027777777775 0.5587673611111111 0.08391203703703698 0.22675057870370363
0 0.174632517578125 0.641426435546875 0.268256974609375 0.80313003515625 0.313962970703125 0.749043748046875 0.25261491015625 0.63511294140625 0.226486345703125 0.6257146796875 0.2032523203125 0.605314072265625 0.174632517578125 0.641426435546875
0 0.162038091796875 0.411899046875 0.211792560546875 0.636367416015625 0.272349435546875 0.614753466796875 0.23062336328125 0.4114671796875 0.162038091796875 0.411899046875
0 0.065610494140625 0.47680258984375 0.158668837890625 0.6409534375 0.202602806640625 0.579422576171875 0.12531619921875 0.41204300390625 0.065610494140625 0.47680258984375
0 0.076062146484375 0.357607111328125 0.01346361328125 0.259655408203125 0.022036986328125 0.424999033203125 0.076062146484375 0.357607111328125
1 0.321384126953125 0.45111674609375 0.346487291015625 0.614486119140625 0.41355645703125 0.6115453046875 0.395339751953125 0.460700095703125 0.321384126953125 0.45111674609375
1 0.556054509765625 0.4728540859375 0.5651203046875 0.620964134765625 0.631185205078125 0.62538563671875 0.6298181953125 0.4787357109375 0.556054509765625 0.4728540859375
1 0.448898201171875 0.798626271484375 0.463359482421875 0.90377576953125 0.523241705078125 0.909246091796875 0.515337271484375 0.796898798828125 0.448898201171875 0.798626271484375
1 0.645202623046875 0.8155308046875 0.645152353515625 0.92148234375 0.705792630859375 0.928207140625 0.7118976171875 0.818738966796875 0.645202623046875 0.8155308046875
1 0.7780265 0.824394375 0.770907537109375 0.9276724453125 0.832689751953125 0.943055162109375 0.842137142578125 0.831221998046875 0.7780265 0.824394375
1 1 0.84055446484375 0.981015734375 0.836568931640625 0.966335658203125 0.95440711328125 1 0.95540457421875 1 0.84055446484375
1 0.790532953125 0.490889701171875 0.78337914453125 0.633591123046875 0.860047083984375 0.64202282421875 0.873383568359375 0.49827258203125 0.790532953125 0.490889701171875
1 1 0.517186080078125 0.95636214453125 0.50812327734375 0.94497020703125 0.63591498046875 1 0.645971900390625 1 0.517186080078125
0 0.845479546875 0.8288570078125 0.830764625 0.9861185390625 0.890582869140625 0.990354955078125 0.90056723828125 0.83541728515625 0.845479546875 0.8288570078125
0 0.961060484375 1 0.9780572109375 0.846337365234375 0.9281285078125 0.81898574609375 0.904592291015625 0.99323407421875 0.929316509765625 1 0.961060484375 1
0 0.888943943359375 0.464237296875 0.858781185546875 0.724530115234375 0.92939440625 0.736478455078125 0.95754863671875 0.490910265625 0.888943943359375 0.464237296875