0 0.1240234375 0.708984375 0.1123046875 0.3349609375
0 0.3408203125 0.734375 0.0947265625 0.26953125
0 0.443359375 0.7587890625 0.078125 0.3076171875
0 0.5517578125 0.7666015625 0.0830078125 0.3154296875
0 0.669921875 0.7724609375 0.0888671875 0.3349609375
0 0.7724609375 0.73828125 0.0888671875 0.2900390625
0 0.8720703125 0.744140625 0.107421875 0.349609375
0 0.9462890625 0.748046875 0.0830078125 0.3408203125
0 0.037109375 0.275390625 0.0732421875 0.2607421875
0 0.12890625 0.0859375 0.107421875 0.171875
0 0.208984375 0.1044921875 0.0693359375 0.2080078125
0 0.2861328125 0.0859375 0.07421875 0.171875
0 0.42578125 0.103515625 0.072265625 0.2060546875
0 0.517578125 0.1025390625 0.068359375 0.2041015625
0 0.681640625 0.1044921875 0.07421875 0.208984375
0 0.7626953125 0.0859375 0.080078125 0.171875
0 0.927734375 0.091796875 0.0859375 0.18359375
1 0.36328125 0.0888671875 0.0546875 0.177734375
1 0.5966796875 0.0927734375 0.072265625 0.185546875
1 0.837890625 0.08984375 0.0703125 0.1796875
1 0.984375 0.083984375 0.029296875 0.16796875
1 0.2373046875 0.705078125 0.0771484375 0.2958984375