1 0.822462888671875 0.55200066015625 0.8356481484375 0.387896826171875 0.75761133203125 0.3909556875 0.752062205078125 0.54344411328125 0.822462888671875 0.55200066015625
1 0.5928167265625 0.56134259375 0.58837999609375 0.412450396484375 0.515923537109375 0.415715939453125 0.52702730078125 0.5628720234375 0.5928167265625 0.56134259375
1 0.380968916015625 0.567377646484375 0.360026271484375 0.43373842578125 0.285396458984375 0.440889548828125 0.31418099609375 0.576802248046875 0.380968916015625 0.567377646484375
1 0.23605599609375 0.573908728515625 0.21296939453125 0.446139220703125 0.1417171875 0.455398478515625 0.177080576171875 0.583622685546875 0.23605599609375 0.573908728515625
1 0.1782554375 0.587632275390625 0.138457158203125 0.461226853515625 0.074899875 0.462838953125 0.11246601171875 0.589161705078125 0.1782554375 0.587632275390625
1 0.106885654296875 0.588955025390625 0.070435587890625 0.462673609375 0.006907701171875 0.466269841796875 0.048908728515625 0.590773810546875 0.106885654296875 0.588955025390625
1 0.011346267578125 0.765873015625 0.0131678046875 0.813533400390625 0.033991953125 0.86388062109375 0.081953630859375 0.86367394140625 0.049263302734375 0.7652943125 0.011346267578125 0.765873015625
1 0.126625880859375 0.8673115078125 0.098488021484375 0.775049603515625 0.049322091796875 0.76926256640625 0.08870884765625 0.8678902109375 0.126625880859375 0.8673115078125
1 0.243695802734375 0.86371527734375 0.222019216796875 0.755828373046875 0.164130474609375 0.763599537109375 0.196820802734375 0.861979166015625 0.243695802734375 0.86371527734375
1 0.422179048828125 0.86437665234375 0.404819775390625 0.74673445703125 0.346989822265625 0.758473875 0.365230009765625 0.860284392578125 0.422179048828125 0.86437665234375
1 0.539219578125 0.858796296875 0.5286449140625 0.747354498046875 0.470667990234375 0.74917328125 0.483474794921875 0.860697751953125 0.539219578125 0.858796296875
1 0.7265432109375 0.85383598046875 0.728274728515625 0.74483300390625 0.662485302734375 0.74636243359375 0.66407260546875 0.853505291015625 0.7265432109375 0.85383598046875
0 1 0.465917009765625 0.976803166015625 0.50417493359375 1 0.54374202734375 1 0.465917009765625
0 1 0.58552133984375 0.983030203125 0.548032408203125 0.95765450390625 0.56692294921875 0.9331891171875 0.571965939453125 0.874684927734375 0.6887814140625 0.929167583984375 0.752273478515625 1 0.60659862109375 1 0.58552133984375
0 1 0.34773475390625 0.933039390625 0.3359788359375 0.904053681640625 0.5629546953125 0.974395576171875 0.56754298828125 1 0.38198912890625 1 0.34773475390625
0 0.891454474609375 0.61603009375 0.920205025390625 0.373181216796875 0.837674529296875 0.374090609375 0.82431382421875 0.601645169921875 0.891454474609375 0.61603009375
0 0.751857361328125 0.60491071484375 0.757229203125 0.365162037109375 0.6903531015625 0.368634259765625 0.689327966796875 0.600611771484375 0.751857361328125 0.60491071484375
0 0.518305408203125 0.65178571484375 0.505408583984375 0.3835978828125 0.4364179140625 0.39492394140625 0.46479276953125 0.653769841796875 0.518305408203125 0.65178571484375
0 0.457097845703125 0.66141699609375 0.4311608984375 0.41654266015625 0.363198119140625 0.421957671875 0.40138245703125 0.665302580078125 0.457097845703125 0.66141699609375
0 0.325225052734375 0.64463458984375 0.277260619140625 0.41877480078125 0.2126460546875 0.424313822265625 0.257497427734375 0.665922619140625 0.325225052734375 0.64463458984375
0 0.482095091796875 0.918154763671875 0.461239712890625 0.715112435546875 0.403350970703125 0.72288359765625 0.431842482421875 0.914310515625 0.482095091796875 0.918154763671875
0 0.371457048828125 0.904141865234375 0.344698890625 0.75442294921875 0.295650537109375 0.756572419921875 0.319178056640625 0.9141038359375 0.371457048828125 0.904141865234375
0 0.306842482421875 0.90968088671875 0.2744451796875 0.755787037109375 0.220844357421875 0.751818783203125 0.256972 0.931630291015625 0.306842482421875 0.90968088671875
0 0.199611443359375 0.899760251953125 0.150267306640625 0.731357474609375 0.087884884765625 0.736979166015625 0.1376111484375 0.93117559375 0.199611443359375 0.899760251953125
0 0.632740162037037 0.8091362847222222 0.05532407407407414 0.1767578125
0 0.5703993055555556 0.8175636574074074 0.057306134259259345 0.1787832754629628
0 0.6320891203703703 0.5016637731481481 0.06614583333333335 0.24840856481481488
0 0.17997685185185186 0.026186342592592594 0.05135995370370372 0.040943287037037035