1 0.04332386328125 0.272727271484375 0.0632102265625 0.1641414140625 0.03409091015625 0.171717171875 0.0007102265625 0.272727271484375 0.04332386328125 0.272727271484375
1 0.169744318359375 0.26893939453125 0.1867897734375 0.16035353515625 0.1477272734375 0.1641414140625 0.1178977265625 0.266414142578125 0.169744318359375 0.26893939453125
1 0.09090908984375 0.592171716796875 0.110795455078125 0.450757576171875 0.05965908984375 0.450757576171875 0.022017044921875 0.59469696875 0.09090908984375 0.592171716796875
0 0.099431818359375 0.296717171875 0.142045455078125 0.1338383828125 0.079545455078125 0.109848484375 0.0305397734375 0.2891414140625 0.099431818359375 0.296717171875
0 0 0.603535353515625 0.053267044921875 0.407828283203125 0.0319602265625 0.380050505859375 0.0007102265625 0.36363636328125 0 0.603535353515625
0 0.12997158984375 0.377525251953125 0.09375 0.51136363671875 0.08948863671875 0.6161616171875 0.15909091015625 0.6174242421875 0.1946022734375 0.40909091015625 0.1640625 0.373737373046875 0.12997158984375 0.377525251953125
0 0.225142044921875 0.272727271484375 0.251420455078125 0.1186868671875 0.193181818359375 0.103535353515625 0.171875 0.26893939453125 0.225142044921875 0.272727271484375
0 0.2961647734375 0.2739898984375 0.3196022734375 0.1174242421875 0.264204544921875 0.09722222265625 0.23934658984375 0.270202021484375 0.2961647734375 0.2739898984375
0 0.424005681640625 0.282828283203125 0.431818181640625 0.109848484375 0.37926136328125 0.107323232421875 0.36434658984375 0.28156565625 0.424005681640625 0.282828283203125
1 0.36434658984375 0.26136363671875 0.3757102265625 0.146464646484375 0.3210227265625 0.147727271484375 0.306107955078125 0.255050505859375 0.36434658984375 0.26136363671875
1 0.24573863671875 0.58964646484375 0.2649147734375 0.450757576171875 0.196732955078125 0.452020201171875 0.16832386328125 0.58964646484375 0.24573863671875 0.58964646484375
1 0.3196022734375 0.587121212890625 0.337357955078125 0.44823232421875 0.267045455078125 0.446969697265625 0.24644886328125 0.58838383984375 0.3196022734375 0.587121212890625
1 0.3977272734375 0.587121212890625 0.407670455078125 0.44823232421875 0.33877841015625 0.4444444453125 0.3203125 0.584595958984375 0.3977272734375 0.587121212890625
1 0.47301136328125 0.58964646484375 0.48011363671875 0.4457070703125 0.408380681640625 0.4457070703125 0.3984375 0.58964646484375 0.47301136328125 0.58964646484375
1 0.553267044921875 0.587121212890625 0.5539772734375 0.44191919140625 0.48153408984375 0.443181818359375 0.47372158984375 0.587121212890625 0.553267044921875 0.587121212890625
1 0.431818181640625 0.2563131328125 0.49573863671875 0.255050505859375 0.5007102265625 0.1489898984375 0.443892044921875 0.1489898984375 0.44105113671875 0.1489898984375 0.431818181640625 0.2563131328125
1 0.561079544921875 0.252525251953125 0.55965908984375 0.140151515625 0.5007102265625 0.142676767578125 0.49573863671875 0.252525251953125 0.561079544921875 0.252525251953125
1 0.6321022734375 0.587121212890625 0.62855113671875 0.4368686875 0.5553977265625 0.440656564453125 0.552556818359375 0.5858585859375 0.6321022734375 0.587121212890625
1 0.716619318359375 0.587121212890625 0.704545455078125 0.435606060546875 0.62784091015625 0.4368686875 0.6335227265625 0.58838383984375 0.716619318359375 0.587121212890625
1 0.80184658984375 0.59090908984375 0.7805397734375 0.431818181640625 0.705255681640625 0.431818181640625 0.717329544921875 0.583333333984375 0.80184658984375 0.59090908984375
1 0.88636363671875 0.59343434375 0.857954544921875 0.43308080859375 0.779829544921875 0.4292929296875 0.80042613671875 0.592171716796875 0.88636363671875 0.59343434375
1 0.970880681640625 0.592171716796875 0.9367897734375 0.4305555546875 0.8600852265625 0.431818181640625 0.88778408984375 0.59469696875 0.970880681640625 0.592171716796875
1 0.763494318359375 0.2424242421875 0.83309658984375 0.23737373828125 0.814630681640625 0.126262626953125 0.747869318359375 0.12878787890625 0.748579544921875 0.12878787890625 0.763494318359375 0.2424242421875
1 0.900568181640625 0.23106060546875 0.87997158984375 0.126262626953125 0.81605113671875 0.127525251953125 0.83238636328125 0.23863636328125 0.900568181640625 0.23106060546875
0 0.618607955078125 0.270202021484375 0.62002841015625 0.09848484765625 0.5632102265625 0.10606060546875 0.5617897734375 0.2739898984375 0.618607955078125 0.270202021484375
0 0.688920455078125 0.260101009765625 0.681818181640625 0.108585857421875 0.630681818359375 0.1161616171875 0.630681818359375 0.263888888671875 0.688920455078125 0.260101009765625
0 0.7649147734375 0.270202021484375 0.743607955078125 0.09469696875 0.6953125 0.09469696875 0.703125 0.27651515234375 0.7649147734375 0.270202021484375
0 1 0.045454544921875 0.96519886328125 0.06691919140625 0.94957386328125 0.102272728515625 0.9772727265625 0.224747474609375 1 0.236111111328125 1 0.045454544921875