1 0 0.9634556484375 0.015989369140625 0.965509259765625 0 0.873877091796875 0 0.9634556484375
1 0.1587690625 1 0.145927640625 0.890509259765625 0.111936298828125 0.89056712890625 0.134409294921875 0.996643517578125 0.144116419921875 1 0.1587690625 1
1 0 0.63236226953125 0.0163103359375 0.706409142578125 0.043345978515625 0.70240162109375 0.02491748046875 0.572193287109375 0 0.5712845546875 0 0.63236226953125
1 0.159442515625 0.596267361328125 0.1799613125 0.724291087890625 0.22337534375 0.730671296875 0.212759345703125 0.600983794921875 0.159442515625 0.596267361328125
1 0.268463560546875 1 0.259893689453125 0.90856481640625 0.219391931640625 0.90818865625 0.2331987421875 1 0.268463560546875 1
1 0.290644826171875 0.59920428125 0.3048927265625 0.733781828125 0.36681026953125 0.736747685546875 0.356537208984375 0.6012731484375 0.290644826171875 0.59920428125
1 0.357119662109375 0.602473958984375 0.36622781640625 0.735546875 0.43235971875 0.744603587890625 0.4275693359375 0.60484664453125 0.357119662109375 0.602473958984375
1 0.451248982421875 1 0.44927715625 0.9444299765625 0.387839720703125 0.93336226953125 0.395099099609375 1 0.451248982421875 1
1 0.578804330078125 1 0.579244900390625 0.96820023046875 0.514415080078125 0.959230322265625 0.5157010390625 1 0.578804330078125 1
1 0.428014619140625 0.608362267578125 0.4343814296875 0.743576388671875 0.50267221875 0.749291087890625 0.50099987109375 0.61206597265625 0.428014619140625 0.608362267578125
1 0.5017880859375 0.609794560546875 0.503974302734375 0.749377892578125 0.5739438671875 0.7598524296875 0.576452119140625 0.618258099609375 0.5017880859375 0.609794560546875
1 0.579775912109375 0.617317708984375 0.57915219921875 0.76019965234375 0.649772806640625 0.770717591796875 0.656598830078125 0.622439236328125 0.579775912109375 0.617317708984375
0 0.06472013671875 1 0.052144953125 0.851721642578125 0.00633251953125 0.8416956015625 0.008383703125 0.939438658203125 0.02099148828125 1 0.06472013671875 1
0 0.126352927734375 1 0.099567580078125 0.8676649296875 0.055810615234375 0.867071759765625 0.053168404296875 0.944748263671875 0.067188572265625 1 0.126352927734375 1
0 0.037624849609375 0.677618634765625 0.064792310546875 0.78168402734375 0.109268904296875 0.7811631953125 0.08731513671875 0.567057291015625 0.031153548828125 0.577256943359375 0.037624849609375 0.677618634765625
0 0.091971556640625 0.642896412109375 0.109816529296875 0.79398148046875 0.15175754296875 0.792129630859375 0.172968642578125 0.77611400390625 0.148238705078125 0.57576678125 0.094716115234375 0.5745225703125 0.091971556640625 0.642896412109375
0 0.222828791015625 0.695775462890625 0.233583033203125 0.8010706015625 0.26644322265625 0.809071181640625 0.29844875390625 0.776345486328125 0.28461558984375 0.568590857421875 0.22009387890625 0.565451388671875 0.222828791015625 0.695775462890625
0 0.224370123046875 1 0.21062135546875 0.87971643359375 0.17296435546875 0.864424189453125 0.1478470078125 0.8801793984375 0.152468599609375 0.96763599609375 0.15952087890625 1 0.224370123046875 1
0 0.323177208984375 1 0.312079369140625 0.92133969921875 0.2647242578125 0.926316552734375 0.266915658203125 1 0.323177208984375 1
0 0.38828137109375 1 0.38208376171875 0.920196759765625 0.327978716796875 0.917751736328125 0.3305512265625 1 0.38828137109375 1
0 0.504080935546875 1 0.50602226953125 0.9133535859375 0.45328789453125 0.9098379609375 0.452214189453125 1 0.504080935546875 1
0 0.6797887731481482 0.9776692708333333 0.0640335648148147 0.04466145833333335
0 0.7576244212962964 0.9850911458333333 0.06736111111111098 0.029817708333333304
0 0.8408637152777778 0.98408203125 0.07460214120370368 0.03183593749999991
0 0.47531828703703705 0.11894531250000001 0.09819155092592591 0.1796875
0 0.5693576388888888 0.1203125 0.088765914351852 0.168359375
0 0.6708043981481482 0.12903645833333333 0.09198495370370363 0.17343750000000002
0 0.7862702546296296 0.1328125 0.10128761574074074 0.16627604166666665
0 0.8954861111111111 0.10970052083333333 0.08988715277777781 0.10520833333333332
1 0.660848015625 0.616912615234375 0.65381623046875 0.7686631953125 0.732968962890625 0.778587962890625 0.744695216796875 0.624826388671875 0.660848015625 0.616912615234375
1 0.7467169296875 0.623799189453125 0.73564171875 0.77760416796875 0.8168161640625 0.786501736328125 0.837005958984375 0.6333043984375 0.7467169296875 0.623799189453125
1 0.838959083984375 0.633434607421875 0.820585240234375 0.78907696875 0.90247931640625 0.79686053125 0.9303106796875 0.6360387734375 0.838959083984375 0.633434607421875
1 0.6479536875 1 0.648700595703125 0.97631655078125 0.58263728125 0.966102431640625 0.582362869140625 1 0.6479536875 1
1 0.934285515625 0.63514178125 0.906111216796875 0.801750578125 0.95421971484375 0.80611979296875 0.96632373046875 0.634953703125 0.934285515625 0.63514178125