1 0.6803075390625 0.342013888671875 0.64956183984375 0.1650049609375 0.58607804296875 0.165575396484375 0.609862763671875 0.338467259765625 0.6803075390625 0.342013888671875
1 0.447255291015625 0.356646826171875 0.427463625 0.1600694453125 0.427595900390625 0.1620535703125 0.361350859375 0.154637896484375 0.37917493359375 0.3551339296875 0.447255291015625 0.356646826171875
1 0.13295304296875 0.155505951171875 0.12873634765625 0.337730291015625 0.20047123046875 0.349181548828125 0.1978174609375 0.1589285703125 0.13295304296875 0.155505951171875
1 0.890294630859375 1 0.84384920703125 0.75575396875 0.750818453125 0.747743056640625 0.79314513671875 1 0.890294630859375 1
0 0.111421388671875 1 0.135821759765625 0.783606150390625 0.051719576171875 0.77579365234375 0.066666666015625 1 0.111421388671875 1
0 0.75797784375 0.353645833984375 0.717741400390625 0.10114087109375 0.64402281640625 0.11535218359375 0.686020171875 0.344122025390625 0.75797784375 0.353645833984375
0 1 0.98863672265625 0.945982142578125 0.716418650390625 0.843832671875 0.7220734140625 0.8957966328125 1 1 1 1 0.98863672265625
0 0.77363912109375 1 0.734093916015625 0.781051587890625 0.654985119140625 0.78127480078125 0.6854270234375 1 0.77363912109375 1
0 0.659340353515625 1 0.642121361328125 0.78891369140625 0.56176421875 0.787127978515625 0.57701365234375 1 0.659340353515625 1
0 0.549936126953125 1 0.528811177734375 0.794320435546875 0.45573743359375 0.784771826171875 0.470085978515625 1 0.549936126953125 1
0 0.3803385416666667 0.8888075086805556 0.10605468749999991 0.22238498263888884
0 0.27044270833333334 0.8946723090277777 0.10312500000000002 0.21065538194444455
0 0.16705729166666666 0.880517578125 0.11855468749999998 0.23896484375000004
0 0.07688802083333333 0.2318359375 0.109765625 0.27157118055555557
0 0.24244791666666665 0.2140625 0.09303385416666665 0.26924913194444444
0 0.3206380208333333 0.2167751736111111 0.09361979166666667 0.26341145833333335
0 0.47721354166666663 0.23975694444444445 0.08489583333333339 0.2495659722222222
0 0.611846890625 0.368229166015625 0.580216599609375 0.127802580078125 0.51292989453125 0.1381944453125 0.54573412890625 0.362797619140625 0.611846890625 0.368229166015625
0 0.961328125 0.45570746527777783 0.07734375000000004 0.26193576388888884
0 0.93678075390625 0.29422123046875 0.8412450390625 0.1316220234375 0.792625662109375 0.18799603125 0.85874669140625 0.343998015625 0.93678075390625 0.29422123046875
0 0.835515873046875 0.363293650390625 0.78833498828125 0.140352181640625 0.719006283203125 0.136830357421875 0.760284390625 0.37152777734375 0.835515873046875 0.363293650390625
0 0.7734375 0.0171875 0.66852678515625 0.014856150390625 0.74565972265625 0.13544146875 0.783225859375 0.164012896484375 0.817675265625 0.129117064453125 0.7734375 0.0171875