1 0.16548755787037037 0.30883246527777775 0.10092592592592592 0.29033564814814816
1 0.2544777199074074 0.9261791087962963 0.07945601851851847 0.13974247685185182
1 0.4932291666666666 0.9324001736111112 0.08430266203703707 0.12029803240740744
1 0.7306351273148148 0.926931423611111 0.0893373842592593 0.12330005787037024
1 0.8945963541666666 0.9264539930555555 0.08625578703703685 0.12032696759259265
0 0.06175853587962963 0.3055700231481482 0.12351707175925926 0.33181423611111116
0 0.275 0.2857421875 0.10370370370370363 0.28744936342592586
0 0.3814814814814815 0.2646484375 0.10054253472222219 0.32058015046296295
0 0.48747106481481484 0.2718605324074074 0.10219184027777772 0.31474971064814805
0 0.6046079282407407 0.27110098379629627 0.11369357638888888 0.3295572916666666
0 0.7022424768518518 0.30771122685185187 0.10772569444444446 0.2709201388888889
0 0.8017361111111112 0.2896484375 0.1215422453703705 0.3491898148148148
0 0.8704499421296297 0.2817997685185185 0.09655671296296298 0.35662615740740744
0 0.030311414930555555 0.9269097222222222 0.06062282986111111 0.1459924768518519
0 0.09893663194444444 0.9148220486111112 0.09063946759259262 0.16723090277777786
0 0.17727864583333333 0.9282986111111111 0.08028067129629629 0.13682725694444442
0 0.32339409722222223 0.9144241898148148 0.0825231481481481 0.16125578703703702
0 0.41771556712962965 0.9208333333333333 0.08268952546296293 0.14564525462962963
0 0.5780237268518519 0.9155309606481481 0.0839699074074074 0.15151909722222223
0 0.656517650462963 0.9260778356481482 0.08470775462962954 0.12811053240740744
0 0.8176359953703705 0.905150462962963 0.08077256944444455 0.16513310185185182