1 0.696802662037037 0.8873770254629629 0.0707826967592593 0.1826027199074074
1 0.45611255787037036 0.9121021412037037 0.08729021990740737 0.1469907407407407
1 0.21185619212962964 0.9154296875000001 0.08574218749999996 0.1606047453703705
1 0.8017433449074074 0.3056351273148148 0.11066261574074066 0.24427806712962963
0 0.6951750578703704 0.27165075231481484 0.09383680555555562 0.2691478587962963
0 0.9158854166666667 0.29834346064814815 0.11924189814814823 0.33624855324074077
0 0.593923611111111 0.2521701388888889 0.09938512731481497 0.29175347222222225
0 0.4864149305555555 0.25242332175925924 0.083933738425926 0.29714988425925926
0 0.36899594907407407 0.24808304398148148 0.09286747685185182 0.30229311342592596
0 0.26451099537037037 0.28441116898148144 0.08863570601851856 0.2582609953703703
0 0.12591869212962964 0.9179759837962963 0.07304687499999996 0.16022858796296302
0 0.28834635416666665 0.9239149305555556 0.07596932870370376 0.12714120370370363
0 0.3710648148148148 0.9116898148148148 0.07281539351851851 0.15241608796296302
0 0.5312789351851852 0.9088975694444444 0.07175202546296289 0.1494574652777778
0 0.6249131944444445 0.9022135416666667 0.06890914351851851 0.1523003472222222
0 0.7668619791666667 0.9097366898148148 0.06945167824074083 0.1376808449074074
0 0.8505280671296296 0.8965060763888889 0.07011718750000018 0.1601417824074074
0 0.9437065972222223 0.9074291087962962 0.10543981481481479 0.13386863425925943
0 0.17515190972222222 0.27044270833333334 0.0935329861111111 0.3247540509259259
0 0.09323640046296296 0.2767795138888889 0.07391493055555556 0.3212456597222222
0 0.9897858796296296 0.7463686342592593 0.02042824074074079 0.16234809027777786
1 0.058506944444444445 0.918995949074074 0.06710069444444444 0.157125289351852