1 0.925982525390625 0.0548730390625 0.93283249609375 0.175535115234375 0.992673826171875 0.169151859375 0.997710341796875 0.08670526171875 0.994523455078125 0.060037990234375 0.925982525390625 0.0548730390625
1 0.966958958984375 0.55487488671875 0.97676664453125 0.382243095703125 0.938693435546875 0.3855032421875 0.951047197265625 0.553931966796875 0.966958958984375 0.55487488671875
1 0.949339283203125 0.551624224609375 0.937237359375 0.388726759765625 0.851493658203125 0.39026525390625 0.855779470703125 0.5493897421875 0.949339283203125 0.551624224609375
1 0.8519240703125 0.551367806640625 0.847638259765625 0.3922433203125 0.76614831640625 0.39513716015625 0.763927568359375 0.54946300390625 0.8519240703125 0.551367806640625
1 0.761853345703125 0.552649888671875 0.7638222578125 0.39279278515625 0.68404023046875 0.3979943671875 0.675312923828125 0.54752156640625 0.761853345703125 0.552649888671875
1 0.6725152421875 0.54294270703125 0.681787431640625 0.39455106640625 0.60625916015625 0.4011079921875 0.592188328125 0.547008734375 0.6725152421875 0.54294270703125
1 0.701993931640625 0.193850546875 0.709539890625 0.08066116796875 0.64444683984375 0.088939744140625 0.63395667578125 0.1997481171875 0.701993931640625 0.193850546875
1 0.63195571484375 0.201836076171875 0.64404848046875 0.0856063359375 0.581281490234375 0.0962292890625 0.56639104296875 0.207880169921875 0.63195571484375 0.201836076171875
0 0.854277603515625 0.050623857421875 0.85805058203125 0.21744082421875 0.929325091796875 0.20952855859375 0.924746234375 0.05479977734375 0.854277603515625 0.050623857421875
0 0.78751784765625 0.046667724609375 0.78475221875 0.199858009765625 0.843297501953125 0.19670775390625 0.845623560546875 0.050111025390625 0.78751784765625 0.046667724609375
0 0.71952180078125 0.042638328125 0.702456396484375 0.214840033203125 0.763474263671875 0.211836302734375 0.7751549296875 0.045935107421875 0.71952180078125 0.042638328125
0 0.7541666666666667 0.9860948350694445 0.091796875 0.027810329861110983
0 0.6341796875000001 0.9804398148148148 0.08528645833333348 0.039120370370370416
0 0.5377604166666666 0.9887785734953703 0.07109374999999996 0.0224428530092593
0 0.4438151041666667 0.9739800347222223 0.0746744791666667 0.05203993055555545
0 0.556450341796875 0.235976044921875 0.573410431640625 0.0560452265625 0.524503646484375 0.0542503125 0.500377642578125 0.2392728203125 0.556450341796875 0.235976044921875
0 0.413448015625 0.063114984375 0.3795461484375 0.236525505859375 0.4281278359375 0.2338880859375 0.45819719921875 0.090038669921875 0.4444285703125 0.0638476015625 0.413448015625 0.063114984375
1 0.59186323046875 0.542576400390625 0.605022869140625 0.40103473046875 0.5341879296875 0.402353439453125 0.515213140625 0.538034171875 0.59186323046875 0.542576400390625
1 0.515464978515625 0.543565431640625 0.5323334921875 0.402243546875 0.46211669921875 0.403598890625 0.4408158515625 0.53693524609375 0.515464978515625 0.543565431640625
1 0.439904658203125 0.5412943203125 0.4640443984375 0.402609857421875 0.3967718125 0.40634620703125 0.373071640625 0.538437111328125 0.439904658203125 0.5412943203125
1 0.500428009765625 0.210590853515625 0.518734283203125 0.1035554609375 0.462368537109375 0.111247943359375 0.442427611328125 0.214876666015625 0.500428009765625 0.210590853515625
1 0.369362765625 0.538217326171875 0.39484411328125 0.407335240234375 0.332809740234375 0.4069689296875 0.301838341796875 0.5364224140625 0.369362765625 0.538217326171875
1 0.31307944140625 0.22817366796875 0.33581805078125 0.129123806640625 0.29836298828125 0.132420583984375 0.271443880859375 0.2290161796875 0.31307944140625 0.22817366796875
1 0.2295152734375 0.532136603515625 0.255646818359375 0.410119185546875 0.212376607421875 0.4075550234375 0.176354728515625 0.52898634765625 0.2295152734375 0.532136603515625
1 0.197696787109375 0.236781923828125 0.22708848046875 0.140332849609375 0.201744498046875 0.138830984375 0.168570669921875 0.236159197265625 0.197696787109375 0.236781923828125
0 0.21196451171875 0.357883568359375 0.191323017578125 0.332388486328125 0.15455936328125 0.334622966796875 0.126477224609375 0.430046376953125 0.111408201171875 0.535067072265625 0.164893845703125 0.542649662109375 0.21196451171875 0.357883568359375
0 0.33094156640625 0.3605209921875 0.315171978515625 0.336417880859375 0.273829466796875 0.3328646875 0.244900240234375 0.45030324609375 0.232157275390625 0.557668318359375 0.289425056640625 0.564371765625 0.33094156640625 0.3605209921875
0 0.34380816015625 0.074433919921875 0.316902787109375 0.2173675625 0.3674442265625 0.222569146484375 0.3944869609375 0.09619265625 0.380530603515625 0.08212640234375 0.34380816015625 0.074433919921875
0 0.292914146484375 0.121065015625 0.277950439453125 0.08487371875 0.24387915234375 0.08395794921875 0.216790626953125 0.1551683515625 0.197646419921875 0.265463890625 0.255028673828125 0.26114144921875 0.292914146484375 0.121065015625
0 0.062597572265625 0.55975627734375 0.102671740234375 0.554408169921875 0.150516232421875 0.3487258515625 0.137397802734375 0.331399453125 0.107978638671875 0.335172431640625 0.068916396484375 0.4277386328125 0.0458114765625 0.532283125 0.062597572265625 0.55975627734375
0 0 0.532866994140625 0.012775015625 0.49722738671875 0.04271158984375 0.40191387109375 0.022656189453125 0.36762737890625 0 0.365457548828125 0 0.532866994140625
0 0.10202154296875 0.0987201875 0.074241609375 0.17099288671875 0.059319109375 0.273815728515625 0.103720298828125 0.2687240390625 0.134993900390625 0.11611984765625 0.10202154296875 0.0987201875
0 0.196661966796875 0.12198078515625 0.179802609375 0.0956065625 0.152498876953125 0.08626569140625 0.119114421875 0.1681356796875 0.108381576171875 0.254657787109375 0.152196671875 0.25835750390625 0.196661966796875 0.12198078515625
1 0.038865349609375 0.534078037109375 0.075212326171875 0.41707905078125 0.049543248046875 0.4111448515625 0.00410265625 0.534224560546875 0.038865349609375 0.534078037109375
1 0.056091013671875 0.257075421875 0.0819936171875 0.1571097890625 0.065010630859375 0.16051645703125 0.027038158203125 0.255353771484375 0.056091013671875 0.257075421875