0 0.2421875 0.66796875 0.0888671875 0.3154296875
0 0.33984375 0.6689453125 0.083984375 0.2880859375
0 0.44140625 0.6689453125 0.0908203125 0.34375
0 0.5419921875 0.6455078125 0.0810546875 0.3154296875
0 0.6318359375 0.6806640625 0.080078125 0.271484375
0 0.8173828125 0.6611328125 0.109375 0.2783203125
1 0.71484375 0.6708984375 0.0888671875 0.251953125
1 0.8916015625 0.591796875 0.0869140625 0.1259765625
1 0.9697265625 0.599609375 0.060546875 0.1064453125
1 0.080078125 0.033203125 0.0732421875 0.0595703125
1 0.1640625 0.0341796875 0.0703125 0.05859375
1 0.25 0.037109375 0.0732421875 0.06640625
1 0.3349609375 0.0400390625 0.0751953125 0.0712890625
1 0.416015625 0.0419921875 0.072265625 0.083984375
1 0.498046875 0.0439453125 0.078125 0.083984375
1 0.5791015625 0.048828125 0.0712890625 0.08984375
1 0.662109375 0.0478515625 0.072265625 0.0927734375
1 0.7392578125 0.0517578125 0.0712890625 0.103515625
1 0.8173828125 0.0498046875 0.0732421875 0.099609375
1 0.8984375 0.05859375 0.0732421875 0.1103515625
1 0.96875 0.064453125 0.060546875 0.11328125