0 0.0498046875 0.1083984375 0.099609375 0.18359375
0 0.0341796875 0.322265625 0.0673828125 0.23828125
0 0.1025390625 0.2890625 0.08203125 0.265625
0 0.361328125 0.041015625 0.0615234375 0.08203125
0 0.4296875 0.041015625 0.060546875 0.08203125
0 0.560546875 0.0517578125 0.0703125 0.103515625
0 0.67578125 0.0380859375 0.0556640625 0.076171875
0 0.7470703125 0.0439453125 0.056640625 0.087890625
0 0.86328125 0.0537109375 0.0830078125 0.107421875
0 0.251953125 0.314453125 0.0830078125 0.240234375
0 0.3505859375 0.3095703125 0.078125 0.2685546875
0 0.5009765625 0.298828125 0.08984375 0.28515625
0 0.5712890625 0.296875 0.0859375 0.2802734375
0 0.7216796875 0.2998046875 0.095703125 0.2705078125
0 0.7763671875 0.8916015625 0.091796875 0.216796875
0 0.6953125 0.8955078125 0.1083984375 0.2080078125
0 0.60546875 0.900390625 0.09765625 0.19921875
0 0.50390625 0.9208984375 0.0927734375 0.158203125
0 0.384765625 0.9287109375 0.091796875 0.142578125
0 0.2724609375 0.9287109375 0.095703125 0.1416015625
0 0.150390625 0.9365234375 0.095703125 0.1259765625
1 0.262877283203125 0 0.259832373046875 0.05774052734375 0.32986531640625 0.05774052734375 0.330880287109375 0 0.262877283203125 0
1 0.21517368359375 0.404183689453125 0.22633835546875 0.2490060234375 0.1532605 0.243592849609375 0.134991037109375 0.400574908203125 0.21517368359375 0.404183689453125
1 0.46587132421875 0.40779247265625 0.4628264140625 0.252614806640625 0.38974855859375 0.25802798046875 0.387718619140625 0.404183689453125 0.46587132421875 0.40779247265625
1 0 0.997828486328125 0.0811976171875 0.999632876953125 0.0933772578125 0.8769342578125 0 0.8751298671875 0 0.997828486328125
1 0.4635179921875 0 0.4635179921875 0.063387076171875 0.52865735546875 0.067044021484375 0.526600322265625 0 0.4635179921875 0
1 0.586939943359375 0 0.59448239453125 0.065825041015625 0.655507693359375 0.07070096875 0.64659388671875 0 0.586939943359375 0
1 0.772072869140625 0 0.781672353515625 0.07923384375 0.839269263671875 0.076795880859375 0.8214416484375 0 0.772072869140625 0
1 0.69047724609375 0.39738820703125 0.671963953125 0.260862197265625 0.6061389140625 0.25720525 0.6157383984375 0.39616922265625 0.69047724609375 0.39738820703125
1 0.833098166015625 0.398607189453125 0.807042421875 0.26817608984375 0.7432744140625 0.264519142578125 0.7604163515625 0.399826169921875 0.833098166015625 0.398607189453125
1 0.9002945625 0.39616922265625 0.8708104296875 0.265738126953125 0.80841377734375 0.269395072265625 0.8317268125 0.39738820703125 0.9002945625 0.39616922265625
1 0.9661196015625 0.404702099609375 0.933892759765625 0.26817608984375 0.871496107421875 0.26330016015625 0.90098023828125 0.407140064453125 0.9661196015625 0.404702099609375
1 0.96749095703125 0.40592108203125 1 0.40104515234375 0.997660767578125 0.291336751953125 0.992861025390625 0.26817608984375 0.935264115234375 0.264519142578125 0.96749095703125 0.40592108203125
1 0.89006214453125 0 0.905885470703125 0.089079470703125 0.95005892578125 0.089079470703125 0.926983240234375 0 0.89006214453125 0
1 0.926983240234375 0 0.95071823046875 0.096112060546875 0.9981882109375 0.073842193359375 0.979068357421875 0 0.926983240234375 0