1 1 0.4995507421875 0.947464068359375 0.482842392578125 0.92174547265625 0.679758755859375 0.9943005234375 0.694698494140625 1 0.64725680078125 1 0.4995507421875
1 0.851824466796875 0.55098883203125 0.841601740234375 0.663438796875 0.91748853125 0.6772409921875 0.92799943359375 0.5793364140625 0.851824466796875 0.55098883203125
1 0.7773381171875 0.527525099609375 0.760729982421875 0.636198421875 0.8406765390625 0.6597834921875 0.849938671875 0.55337008984375 0.7773381171875 0.527525099609375
1 0.600968318359375 0.36610009375 0.589881060546875 0.59847748046875 0.674999650390625 0.607638498046875 0.689347865234375 0.393507310546875 0.600968318359375 0.36610009375
0 0.710576953125 0.374593751953125 0.686991884765625 0.664849349609375 0.759501435546875 0.668883837890625 0.790442619140625 0.396965443359375 0.710576953125 0.374593751953125
0 0.53064790625 0.32334362890625 0.519813439453125 0.579958271484375 0.586943671875 0.585084802734375 0.600437466796875 0.34791456640625 0.53064790625 0.32334362890625
0 0.435604884765625 0.298211498046875 0.436277298828125 0.604756720703125 0.502922181640625 0.602602970703125 0.50784648046875 0.32889483984375 0.435604884765625 0.298211498046875
0 0.323397595703125 0.230292568359375 0.326982119140625 0.5805194609375 0.401817314453125 0.57854771875 0.407843767578125 0.2600355390625 0.323397595703125 0.230292568359375
0 0.21731787109375 0.213396255859375 0.230392037109375 0.511735998046875 0.30294708984375 0.526675736328125 0.297704279296875 0.233356353515625 0.21731787109375 0.213396255859375
0 0.1020771328125 0.18175737890625 0.12307365625 0.50692798046875 0.209476404296875 0.514905951171875 0.192296970703125 0.195878087890625 0.1020771328125 0.18175737890625
1 0.187389126953125 1 0.186250294921875 0.96388678515625 0.0923751484375 0.946050103515625 0.097990251953125 1 0.187389126953125 1
1 0.28117308984375 1 0.282011234375 0.9793422109375 0.190704408203125 0.9591394375 0.192790724609375 1 0.28117308984375 1
1 0.369247080078125 1 0.370623345703125 0.989792443359375 0.281166923828125 0.97690028515625 0.284958416015625 1 0.369247080078125 1