1 0.22994405859375 0.56811342578125 0.253969908203125 0.43460648046875 0.188344908203125 0.439467591796875 0.1549131953125 0.57505787109375 0.22994405859375 0.56811342578125
1 0.3056944453125 0.563888888671875 0.32518711328125 0.42378472265625 0.25481288671875 0.431770833984375 0.229851466796875 0.572280091796875 0.3056944453125 0.563888888671875
1 0.3822569453125 0.558217591796875 0.3978125 0.419791666015625 0.328342978515625 0.4221643515625 0.3072569453125 0.5637731484375 0.3822569453125 0.558217591796875
1 0.460320216796875 0.55520833203125 0.46887538671875 0.4159143515625 0.398532021484375 0.42251157421875 0.383788580078125 0.559490740234375 0.460320216796875 0.55520833203125
1 0.538352623046875 0.553587962890625 0.54081211328125 0.4078125 0.471311728515625 0.41157407421875 0.459446373046875 0.55943287109375 0.538352623046875 0.553587962890625
1 0.6188831015625 0.544849537109375 0.617405478515625 0.400752314453125 0.5448418203125 0.401967591796875 0.538352623046875 0.553587962890625 0.6188831015625 0.544849537109375
1 0.702507716796875 0.537268517578125 0.6932793203125 0.390972220703125 0.617436341796875 0.39936342578125 0.618790509765625 0.549016205078125 0.702507716796875 0.537268517578125
1 0.785227623046875 0.535300927734375 0.769872685546875 0.383912037109375 0.694780091796875 0.393634259765625 0.701726466796875 0.537326388671875 0.785227623046875 0.535300927734375
1 0.8727893515625 0.526041666015625 0.8471855703125 0.3795717578125 0.770561341796875 0.388020833984375 0.78682098828125 0.533796294921875 0.8727893515625 0.526041666015625
1 0.828192515625 0.181307869140625 0.811911650390625 0.0715856484375 0.75010030859375 0.08032407421875 0.760131171875 0.190509259765625 0.828192515625 0.181307869140625
1 0.899378857421875 0.171875 0.878410494140625 0.0625 0.813412421875 0.074247685546875 0.830505400390625 0.1825231484375 0.899378857421875 0.171875
1 0.48807098828125 0.21898148046875 0.49735532421875 0.1170717578125 0.4372299375 0.120138888671875 0.42635223828125 0.223553240234375 0.48807098828125 0.21898148046875
1 0.552102623046875 0.215625 0.55763503125 0.107060185546875 0.49904128125 0.111400462890625 0.49119598828125 0.21875 0.552102623046875 0.215625
1 0.31663966015625 0.14155092578125 0.30044753125 0.23842592578125 0.35826003125 0.23414351953125 0.37548032421875 0.126099537109375 0.316670525390625 0.140162037109375 0.31663966015625 0.14155092578125
1 0 0.274826388671875 0.03367091015625 0.274826388671875 0.060327931640625 0.16331018359375 0.032202931640625 0.165393517578125 0 0.2633648984375 0 0.274826388671875
1 0.16688464453125 0.24693287109375 0.187137345703125 0.14282407421875 0.14095100390625 0.15040509375 0.11204282421875 0.257928240234375 0.16688464453125 0.24693287109375
1 0.073601466796875 0.583854166015625 0.10168788671875 0.44311342578125 0.051657021484375 0.448206017578125 0.00704089453125 0.59571759375 0.073601466796875 0.583854166015625
0 0.077249228515625 0.1038194453125 0.04983217578125 0.179340279296875 0.030864197265625 0.295833333984375 0.09161651171875 0.299652779296875 0.14087962890625 0.118518517578125 0.077249228515625 0.1038194453125
0 0 0.564561275390625 0.043834876953125 0.414120369140625 0.02841628125 0.370891203125 0 0.3665250078125 0 0.564561275390625
0 0.196153548828125 0.088078703125 0.17326967578125 0.170196759765625 0.168981482421875 0.25787037109375 0.218354552734375 0.247280091796875 0.245443671875 0.1163194453125 0.196153548828125 0.088078703125
0 0.28923225390625 0.251736111328125 0.3192206796875 0.095601853515625 0.264091435546875 0.084432869140625 0.2330131171875 0.254513888671875 0.28923225390625 0.251736111328125
0 0.41554783984375 0.25347222265625 0.429592978515625 0.077719908203125 0.375059798828125 0.074826388671875 0.3591743828125 0.263194443359375 0.41554783984375 0.25347222265625
0 0.144859181640625 0.606307869140625 0.183668982421875 0.36909722265625 0.117941744140625 0.3434606484375 0.068923611328125 0.618865740234375 0.144859181640625 0.606307869140625
0 0.612011958984375 0.222280091796875 0.6156230703125 0.059780091796875 0.56390625 0.070543982421875 0.558856095703125 0.22760416796875 0.612011958984375 0.222280091796875
0 0.6557942708333333 0.14738859953703703 0.06293402777777768 0.1557798032407407
0 0.75798225390625 0.217013888671875 0.743902392578125 0.043344908203125 0.690777392578125 0.04728009375 0.696921296875 0.22708333203125 0.75798225390625 0.217013888671875
0 0.957898533203125 0 0.94215470703125 0.03697916796875 0.98197530859375 0.175462962890625 0.99447530859375 0.174537037109375 0.99835391015625 0 0.957898533203125 0
1 0.9579456015625 0.519733794921875 0.92465277734375 0.368287037109375 0.84887152734375 0.373900462890625 0.87588348828125 0.527199072265625 0.9579456015625 0.519733794921875