1 0.976012732421875 0.2776331015625 0.936791087890625 0.1876012734375 0.92078028515625 0.1819299765625 0.94606481640625 0.277854939453125 0.976012732421875 0.2776331015625
1 0.83722029296875 0.267081404296875 0.801784337890625 0.1654417421875 0.773977625 0.158699845703125 0.80482253125 0.269637345703125 0.83722029296875 0.267081404296875
1 0.734157986328125 0.25510705859375 0.702936919921875 0.158068095703125 0.668696951171875 0.152531828125 0.69436728515625 0.254243828125 0.734157986328125 0.25510705859375
1 1 0.544381189453125 0.95809220703125 0.438724921875 0.9329330625 0.442385224609375 0.96627121875 0.561410107421875 1 0.561160265625 1 0.544381189453125
1 0.833150076171875 0.5577642734375 0.79226466015625 0.433005400390625 0.7505979921875 0.43331404296875 0.781872107421875 0.5604600703125 0.833150076171875 0.5577642734375
1 0.70642843359375 0.562176890625 0.670785109375 0.42811535546875 0.611385994140625 0.426239388671875 0.638257138671875 0.555733990234375 0.70642843359375 0.562176890625
1 0.63718653515625 0.55921585546875 0.609432869140625 0.426253857421875 0.545244984375 0.420939427734375 0.569974923828125 0.557397763671875 0.63718653515625 0.55921585546875
1 0.563310185546875 0.2424768515625 0.540432099609375 0.133796296875 0.48723476171875 0.1272424765625 0.5061294375 0.234794560546875 0.563310185546875 0.2424768515625
0 1 0.39303655078125 0.9619888125 0.419010416015625 1 0.514065087890625 1 0.39303655078125
0 0.931746720703125 0.209640240234375 0.902334103515625 0.1299575625 0.86415412890625 0.1337143125 0.902112267578125 0.3024980703125 0.947265625 0.3056375390625 0.931746720703125 0.209640240234375
0 0.880150462890625 0.188020833984375 0.84752604296875 0.1187837578125 0.825699265625 0.123577353515625 0.8041136171875 0.151528740234375 0.84783468359375 0.279740546875 0.89478684375 0.280550732421875 0.880150462890625 0.188020833984375
0 0.794188849609375 0.21760705859375 0.75990065625 0.113642939453125 0.726277970703125 0.11736593359375 0.7052999609375 0.134891009765625 0.750718556640625 0.288565779296875 0.8058256171875 0.284683642578125 0.794188849609375 0.21760705859375
0 0.689655669921875 0.251962771484375 0.655989583984375 0.08893711328125 0.60744598828125 0.1228780859375 0.6379918984375 0.24887152734375 0.689655669921875 0.251962771484375
0 0.6243200234375 0.24897280078125 0.592761380859375 0.088247494140625 0.543788580078125 0.105979939453125 0.569246720703125 0.243590857421875 0.6243200234375 0.24897280078125
0 0.940755208984375 0.462012923828125 0.90474537109375 0.3615354921875 0.905396412109375 0.361530669921875 0.8543836796875 0.358434607421875 0.906958912109375 0.58037712109375 0.963093171875 0.56259162890625 0.940755208984375 0.462012923828125
0 0.89078896484375 0.48438464453125 0.851548033203125 0.354981673828125 0.84936342578125 0.351523919921875 0.79265528515625 0.370471642578125 0.84540894921875 0.565779322265625 0.9007474921875 0.56536940625 0.89078896484375 0.48438464453125
0 0.785411845703125 0.594015240234375 0.732330248046875 0.354706791015625 0.672135416015625 0.370206404296875 0.720307677734375 0.5944974921875 0.785411845703125 0.594015240234375
0 0.505873841796875 0.260271990234375 0.48008776953125 0.07866030078125 0.432330248046875 0.075540125 0.4515287421875 0.256042630859375 0.505873841796875 0.260271990234375
0 0.30587384375 0.2304880390625 0.288859953125 0.053443287109375 0.2340181328125 0.051533564453125 0.246055169921875 0.232089119140625 0.30587384375 0.2304880390625
0 0.227208720703125 0.222964892578125 0.218856095703125 0.05859375 0.165625 0.06130401171875 0.16463155859375 0.222270447265625 0.227208720703125 0.222964892578125
0 0.146556712890625 0.224720294921875 0.14822530859375 0.0347993828125 0.0915075234375 0.03406153515625 0.082677470703125 0.224035494140625 0.146556712890625 0.224720294921875
1 0.56687403515625 0.559736689453125 0.542795138671875 0.42327353515625 0.47665412890625 0.4179735703125 0.496252892578125 0.555627892578125 0.56687403515625 0.559736689453125
1 0.4924238046875 0.556814236328125 0.473476080078125 0.41915509375 0.405536265625 0.4161844140625 0.419584298828125 0.558511767578125 0.4924238046875 0.556814236328125
1 0.415909529296875 0.562012923828125 0.40032793359375 0.416222994140625 0.327179783203125 0.413290896484375 0.337133486328125 0.562596451171875 0.415909529296875 0.562012923828125
1 0.3345293203125 0.562615740234375 0.323924576171875 0.4133150078125 0.245645255859375 0.4115788984375 0.247863619140625 0.562099728515625 0.3345293203125 0.562615740234375
1 0.439911265625 0.22833719140625 0.423046875 0.121928046875 0.36352719921875 0.1084731875 0.375072337890625 0.2230275859375 0.439911265625 0.22833719140625
1 0.247212576171875 0.56210455078125 0.241739005859375 0.41160783203125 0.16169463671875 0.402936921875 0.157368826171875 0.562770060546875 0.247212576171875 0.56210455078125
1 0.37288773046875 0.219569830078125 0.35962094921875 0.108502123046875 0.29853394921875 0.100848765625 0.306746720703125 0.214269869140625 0.37288773046875 0.219569830078125
1 0.153462576171875 0.56279899609375 0.15867091015625 0.406433255859375 0.074300732421875 0.401268326171875 0.062239583984375 0.562316744140625 0.153462576171875 0.56279899609375
1 0.057759451171875 0.563507908203125 0.068287037109375 0.398996912109375 0.028419173828125 0.3969762734375 0.03742283984375 0.56134259375 0.057759451171875 0.563507908203125
1 0.007716048828125 0.115740740234375 0.012191357421875 0.18287037109375 0.07703028515625 0.1881799765625 0.083979552734375 0.0676986875 0.014506171875 0.06126543359375 0.007716048828125 0.115740740234375
0 0.5686848958333333 0.9826027199074074 0.056510416666666785 0.02774884259259247