0 0.6044270833333334 0.982421875 0.08046875000000009 0.03515625
0 0.7072265625 0.9638671875 0.09075520833333339 0.072265625
0 0.7838541666666667 0.95703125 0.06725260416666679 0.0859375
0 0.3694661458333333 0.4638671875 0.080078125 0.234375
0 0.5237630208333334 0.4345703125 0.0923177083333333 0.2421875
0 0.39296875 0.1552734375 0.06601562499999991 0.1845703125
0 0.45722656250000004 0.1435546875 0.06940104166666661 0.1767578125
0 0 0.515951396484375 0.028463955078125 0.460317458984375 0 0.408134609375 0 0.515951396484375
0 0.08430059375 0.392857142578125 0.14488260546875 0.287698412109375 0.095676255859375 0.22222222265625 0.00598544921875 0.37896825390625 0.027686837890625 0.438492064453125 0.053240740234375 0.40674603125 0.08430059375 0.392857142578125
0 0 0.63690476171875 0.068030751953125 0.63690476171875 0.10779596484375 0.408730158203125 0.039715607421875 0.408730158203125 0 0.594833853515625 0 0.63690476171875
0 0.160226521484375 0.59325396875 0.1859375 0.375 0.11655092578125 0.361111111328125 0.08117559375 0.607142857421875 0.160226521484375 0.59325396875
0 0.301570767578125 0.59920634765625 0.3241402109375 0.361111111328125 0.2626240078125 0.36309523828125 0.23559027734375 0.6011904765625 0.301570767578125 0.59920634765625
0 0.6206845234375 0.232142857421875 0.606010251953125 0.033730158203125 0.5547288359375 0.04960317578125 0.55595237890625 0.232142857421875 0.6206845234375 0.232142857421875
0 0.734350197265625 0.184523810546875 0.720114087890625 0.029761904296875 0.6667328046875 0.04365079296875 0.686152447265625 0.204365080078125 0.734350197265625 0.184523810546875
0 0.8092592578125 0.182539681640625 0.79023644140625 0.015873015625 0.733829365234375 0.041666666015625 0.761516203125 0.212301587890625 0.8092592578125 0.182539681640625
0 0.942923279296875 0.186507935546875 0.90710151953125 0.00396825390625 0.843601189453125 0.03571428515625 0.886061505859375 0.202380953125 0.942923279296875 0.186507935546875
0 0.787491732421875 0.52579365234375 0.765492724609375 0.26984126953125 0.703050595703125 0.28571428515625 0.722627314453125 0.52777777734375 0.787491732421875 0.52579365234375
0 0.6323578046875 0.52579365234375 0.61416170703125 0.279761904296875 0.556770833984375 0.3035714296875 0.5662450390625 0.529761904296875 0.6323578046875 0.52579365234375
1 0.2350777109375 0.57539682421875 0.252620703125 0.412698412109375 0.186111111328125 0.422619046875 0.158788029296875 0.58134920703125 0.2350777109375 0.57539682421875
1 0.35893683984375 0.22420634765625 0.369237763671875 0.103174603515625 0.303976521484375 0.111111111328125 0.2905919296875 0.228174603515625 0.35893683984375 0.22420634765625
1 0.555175265625 0.210317458984375 0.549322087890625 0.09722222265625 0.493386244140625 0.09920634765625 0.491559193359375 0.210317458984375 0.555175265625 0.210317458984375
1 0.480629958984375 0.541666666015625 0.48135747265625 0.396825396484375 0.411631943359375 0.404761904296875 0.405456349609375 0.547619046875 0.480629958984375 0.541666666015625
1 0.71305390234375 0.50396825390625 0.694998345703125 0.373015873046875 0.629737103515625 0.380952380859375 0.63735119140625 0.517857142578125 0.71305390234375 0.50396825390625
1 0.864517197265625 0.4920634921875 0.836813822265625 0.35515873046875 0.77700066015625 0.365079365234375 0.78875661328125 0.490079365234375 0.864517197265625 0.4920634921875
1 0.93365575390625 0.4761904765625 0.90470403515625 0.341269841796875 0.84252645703125 0.353174603515625 0.864781748046875 0.48809523828125 0.93365575390625 0.4761904765625
1 0.9677248671875 0.484126984375 0.975396826171875 0.369047619140625 0.969568453125 0.33928571484375 0.909036044921875 0.34325396875 0.9364748671875 0.484126984375 0.9677248671875 0.484126984375
1 0.867104828125 0.16865079296875 0.844568453125 0.0714285703125 0.799338625 0.063492064453125 0.809788359375 0.17460317578125 0.867104828125 0.16865079296875
1 0.986789021484375 0.164682541015625 0.96116898046875 0.063492064453125 0.920403439453125 0.0555555546875 0.935904431640625 0.17460317578125 0.986789021484375 0.164682541015625