0 0 0.484467162109375 0.092749669921875 0.2954282421875 0.034821427734375 0.212466931640625 0 0.266602939453125 0 0.484467162109375
0 0.170742392578125 0.02732308203125 0.091228505859375 0.184647818359375 0.1358961640625 0.26612103125 0.218758267578125 0.1086722890625 0.220155423828125 0.071015212890625 0.170742392578125 0.02732308203125
0 0.25314153515625 0.27761243359375 0.294155091796875 0.046502974609375 0.23218419140625 0.04088128515625 0.173578041015625 0.26868386328125 0.25314153515625 0.27761243359375
0 0.2129936171875 0 0.21149140234375 0.06737764453125 0.266914681640625 0.037615740234375 0.288407560546875 0 0.2129936171875 0
0 0.107324736328125 0.961888228515625 0.169460978515625 0.631035052734375 0.063244048828125 0.62111441796875 0.01030092578125 0.947668650390625 0.107324736328125 0.961888228515625
0 0.32206514453125 0.96383101953125 0.35713458984375 0.671585646484375 0.267716599609375 0.676876654296875 0.231076390625 0.959284060546875 0.32206514453125 0.96383101953125
0 0.423685515625 0.975901125 0.452323083984375 0.679935517578125 0.374198083984375 0.68282903515625 0.338467263671875 0.9849950390625 0.423685515625 0.975901125
0 0.531547619140625 0.977843916015625 0.553885583984375 0.676173943359375 0.4717509921875 0.689112103515625 0.45257109765625 0.976810515625 0.531547619140625 0.977843916015625
0 0.657208994140625 0.963293650390625 0.66823743359375 0.6976686484375 0.58636739453125 0.70663855859375 0.57074239453125 0.974413029296875 0.657208994140625 0.963293650390625
0 0.7343098958333334 0.8359013310185186 0.11660156250000009 0.27318431712962976
0 0.8382812500000001 0.8252314814814814 0.13020833333333348 0.28732638888888884
0 0.9095703125000001 0.8225911458333333 0.08528645833333348 0.2856626157407409
0 0.31080729166666665 0.11610243055555555 0.08066406249999991 0.23093894675925924
0 0.4458333333333333 0.15104166666666666 0.08958333333333335 0.2624421296296296
0 0.5388020833333333 0.14467592592592593 0.0845052083333333 0.24471932870370372
0 0.6983723958333333 0.134521484375 0.09121093750000009 0.26904296875
0 0.7735677083333333 0.1306785300925926 0.08958333333333335 0.2613570601851852
0 0.9457031250000001 0.14005533854166666 0.10514322916666652 0.2801106770833333
1 0.212251982421875 0.92435516015625 0.257614087890625 0.66141699609375 0.1727347890625 0.6487268515625 0.116534392578125 0.923941798828125 0.212251982421875 0.92435516015625
1 0.396792326171875 0.26041666796875 0.427347884765625 0.069279099609375 0.36622850390625 0.067584326171875 0.329695767578125 0.264880951171875 0.396792326171875 0.26041666796875
1 0.642195767578125 0.253306876953125 0.655745701171875 0.06675760546875 0.58851686328125 0.07320601953125 0.569518849609375 0.25797784375 0.642195767578125 0.253306876953125
1 0.893501984375 0.2578538359375 0.888740078125 0.062086640625 0.821511244140625 0.06853505078125 0.81301256640625 0.26281415234375 0.893501984375 0.2578538359375