0 0.16744791666666667 0.3287543402777778 0.1410590277777778 0.32396556712962965
0 0.3734592013888889 0.29636863425925924 0.09294704861111114 0.27178096064814816
0 0.4735677083333333 0.26827980324074074 0.0966796875 0.3119212962962963
0 0.5816840277777777 0.2582248263888889 0.10483940972222205 0.32013888888888886
0 0.7034722222222223 0.24887876157407407 0.11946614583333348 0.3423321759259259
0 0.8106553819444444 0.2818431712962963 0.10093315972222228 0.27609230324074074
0 0.914236111111111 0.26372251157407406 0.12790798611111098 0.3788194444444445
0 0.9709635416666667 0.26470630787037036 0.05529513888888893 0.3672598379629629
0 0.05744357638888889 0.7176649305555556 0.11488715277777778 0.27651909722222223
0 0.1545138888888889 0.9217158564814815 0.1088541666666667 0.15656828703703707
0 0.23328993055555555 0.9096408420138888 0.0866753472222222 0.18071831597222232
0 0.30299479166666665 0.9249927662037036 0.07769097222222221 0.15001446759259274
0 0.4424913194444444 0.9102900752314815 0.07832031250000004 0.17941984953703694
0 0.5351779513888889 0.9144169560185185 0.07721354166666661 0.17116608796296306
0 0.7011067708333334 0.9208170572916667 0.08480902777777777 0.15836588541666652
0 0.7853081597222222 0.9180483217592592 0.09012586805555545 0.16390335648148158
0 0.9357855902777777 0.920411964699074 0.058072916666666696 0.1591760706018519
1 0.38266059027777777 0.914794921875 0.06315104166666674 0.17041015625
1 0.6151692708333334 0.9183955439814815 0.08094618055555536 0.16320891203703702
1 0.8623263888888889 0.9228226273148148 0.08307291666666661 0.15435474537037042
1 0.2711154513888889 0.30868055555555557 0.07953559027777779 0.2769314236111111