0 0.23828125 0.6044921875 0.099609375 0.3212890625
0 0.3349609375 0.615234375 0.08984375 0.28125
0 0.4384765625 0.6220703125 0.08203125 0.3271484375
0 0.537109375 0.6005859375 0.0693359375 0.3271484375
0 0.625 0.619140625 0.07421875 0.24609375
0 0.81640625 0.611328125 0.1025390625 0.306640625
1 0.7080078125 0.6181640625 0.1044921875 0.248046875
1 0.0712890625 0.0107421875 0.0888671875 0.0166015625
1 0.1591796875 0.01171875 0.0849609375 0.0224609375
1 0.2451171875 0.0146484375 0.0859375 0.029296875
1 0.330078125 0.0224609375 0.0849609375 0.037109375
1 0.4150390625 0.0244140625 0.0869140625 0.0400390625
1 0.498046875 0.02734375 0.0869140625 0.0458984375
1 0.580078125 0.033203125 0.08203125 0.05859375
1 0.6611328125 0.0341796875 0.0849609375 0.068359375
1 0.744140625 0.037109375 0.0859375 0.07421875
1 0.826171875 0.041015625 0.08203125 0.0810546875
1 0.9072265625 0.0458984375 0.080078125 0.087890625
1 0.94097222265625 0 0.946759259765625 0.07291666796875 1 0.08125 1 0 0.94097222265625 0
1 0.93402777734375 0.62083333203125 0.92592592578125 0.50208333203125 0.84027777734375 0.4875 0.857638888671875 0.62708333203125 0.93402777734375 0.62083333203125
1 1 0.51041666796875 0.93287037109375 0.50208333203125 0.93865740625 0.62291666796875 1 0.62083333203125 1 0.51041666796875