0 0.890234375 0.9580078125 0.0971354166666667 0.080078125
0 0.6635416666666667 0.9892578125 0.0688151041666667 0.021484375
0 0.5587239583333333 0.9794921875 0.07499999999999996 0.041015625
0 0.4493489583333333 0.9794921875 0.07890624999999996 0.041015625
0 0.3287109375 0.97265625 0.07981770833333335 0.0546875
0 0.228125 0.9580078125 0.08463541666666669 0.0830078125
0 0.12805989583333333 0.9501953125 0.08671875000000001 0.099609375
0 0.053906249999999996 0.94921875 0.06438802083333332 0.1015625
0 0.5221354166666666 0.400390625 0.0815755208333333 0.2421875
0 0.37233072916666665 0.376953125 0.08678385416666667 0.26171875
0 0.533203125 0.1025390625 0.06341145833333339 0.2041015625
0 0.47135416666666663 0.0927734375 0.06119791666666674 0.185546875
0 0.97050264453125 0.442460318359375 0.9089947109375 0.29365079296875 0.85400958984375 0.365079365234375 0.920891205078125 0.533730158203125 0.96436012109375 0.517857142578125 0.97050264453125 0.442460318359375
0 0.891402115234375 0.289682541015625 0.821494708984375 0.1329365078125 0.75968088671875 0.20634920703125 0.81668319921875 0.3055555546875 0.83900462890625 0.3055555546875 0.853364748046875 0.341269841796875 0.891402115234375 0.289682541015625
0 0.87630621875 0.54960317578125 0.854100529296875 0.313492064453125 0.78673941796875 0.3194444453125 0.803042328125 0.54365079296875 0.87630621875 0.54960317578125
0 0.78690476171875 0.517857142578125 0.779869376953125 0.271825396484375 0.711714615234375 0.289682541015625 0.717708333984375 0.517857142578125 0.78690476171875 0.517857142578125
0 0.64102182421875 0.529761904296875 0.639302248046875 0.287698412109375 0.577389220703125 0.295634919921875 0.57070932421875 0.529761904296875 0.64102182421875 0.529761904296875
0 0.3117228828125 0.513888888671875 0.343105158203125 0.244047619140625 0.290459654296875 0.23015873046875 0.250545634765625 0.494047619140625 0.3117228828125 0.513888888671875
0 0.147850529296875 0.52777777734375 0.202405751953125 0.26190476171875 0.14064153515625 0.234126984375 0.080828373046875 0.51190476171875 0.147850529296875 0.52777777734375
0 0.325892857421875 0 0.290021494140625 0.186507935546875 0.356985779296875 0.186507935546875 0.377232142578125 0 0.3761160703125 0 0.325892857421875 0
0 0.205357142578125 0 0.17226355859375 0.14484126953125 0.22674437890625 0.164682541015625 0.2578125 0 0.205357142578125 0
0 0.133928572265625 0 0.098792990234375 0.158730158203125 0.148941798828125 0.17658730078125 0.18303571484375 0 0.133928572265625 0
0 0 0.186535880859375 0.009358466796875 0.1944444453125 0.07786044921875 0.00396825390625 0 0 0 0.186535880859375
1 0.714831349609375 0.494047619140625 0.706307869140625 0.337301587890625 0.641443453125 0.33928571484375 0.641038359375 0.49603174609375 0.714831349609375 0.494047619140625
1 0.478753306640625 0.486111111328125 0.4882771171875 0.34325396875 0.42170965625 0.337301587890625 0.40548941796875 0.48015873046875 0.478753306640625 0.486111111328125
1 0.246023478515625 0.478174603515625 0.2695271171875 0.34325396875 0.200859787109375 0.335317458984375 0.1692791015625 0.47420634765625 0.246023478515625 0.478174603515625
1 0.08878968359375 0.4761904765625 0.1150545625 0.333333333984375 0.05701884765625 0.333333333984375 0.01552579296875 0.470238095703125 0.08878968359375 0.4761904765625
1 0 0.47296689453125 0.01066468359375 0.4761904765625 0.0488095234375 0.33928571484375 0 0.336116693359375 0 0.47296689453125
1 0.102083333984375 0.142857142578125 0.12399966796875 0.03174603125 0.073776455078125 0.03174603125 0.03748346484375 0.140873015625 0.102083333984375 0.142857142578125
1 0.295882935546875 0.1488095234375 0.31636078125 0.02579365234375 0.2608217578125 0.021825396484375 0.2351603828125 0.138888888671875 0.295882935546875 0.1488095234375
1 0.429679232421875 0.15079365234375 0.43945105859375 0.037698412109375 0.380563822265625 0.033730158203125 0.363698744140625 0.15277777734375 0.429679232421875 0.15079365234375
1 0.6261078046875 0.15079365234375 0.6237351171875 0.03571428515625 0.56543485546875 0.039682541015625 0.5626240078125 0.1488095234375 0.6261078046875 0.15079365234375
1 0.8340029765625 1 0.833432541015625 0.958333333984375 0.727934853515625 0.95039682421875 0.724892525390625 0.99603174609375 0.8340029765625 1