1 0.062596451171875 0.75416666796875 0.104746978515625 0.84973958203125 0.1235717265625 0.854123263671875 0.0878970546875 0.751302083984375 0.062596451171875 0.75416666796875
1 0.20349151171875 0.753125 0.240939267578125 0.85238715234375 0.267666537109375 0.858159720703125 0.239354263671875 0.746310763671875 0.20349151171875 0.753125
1 0.029008326171875 0.465060763671875 0.080501703125 0.58980034765625 0.10873199609375 0.5868055546875 0.07082047265625 0.459722220703125 0.029008326171875 0.465060763671875
1 0.206652681640625 0.455425345703125 0.24713380859375 0.575434029296875 0.293122267578125 0.57513020703125 0.26027359765625 0.45130208203125 0.206652681640625 0.455425345703125
1 0.309140302734375 0.75190972265625 0.338505498046875 0.846310763671875 0.378634580078125 0.846267361328125 0.355925283203125 0.74809027734375 0.309140302734375 0.75190972265625
1 0.480038740234375 0.744314236328125 0.50240162109375 0.8546875 0.553362912109375 0.85590277734375 0.53801601171875 0.74869791796875 0.480038740234375 0.744314236328125
0 0.106942837890625 0.816579861328125 0.1362943671875 0.891840279296875 0.1770399296875 0.88480902734375 0.141684349609375 0.731510416015625 0.097468974609375 0.72825520703125 0.106942837890625 0.816579861328125
0 0.136801537109375 0.731727431640625 0.18681921875 0.903515625 0.243266138671875 0.878385416015625 0.190692515625 0.7328125 0.136801537109375 0.731727431640625
0 0.03402777734375 0.65625 0.07944878515625 0.607248263671875 0.024561953125 0.454817708984375 0.03402777734375 0.65625
0 0.062814267578125 0.43745659765625 0.13000096484375 0.657204861328125 0.18611512890625 0.663411458984375 0.1283339765625 0.43628472265625 0.062814267578125 0.43745659765625
0 0.1523035625 0.558767361328125 0.18931487890625 0.668489583984375 0.249231609375 0.653645833984375 0.18755787109375 0.445833333984375 0.135349955078125 0.439453125 0.1523035625 0.558767361328125
0 0.252540669921875 0.81184895703125 0.28340888671875 0.897482638671875 0.313862365234375 0.899609375 0.335589474609375 0.86558159765625 0.29820441015625 0.729774306640625 0.238544078125 0.730685763671875 0.252540669921875 0.81184895703125
0 0.36636204296875 0.81723090234375 0.38923771875 0.89973958203125 0.437165638671875 0.880208333984375 0.405113490234375 0.752864583984375 0.362761220703125 0.74778645703125 0.36636204296875 0.81723090234375
0 0.42126494921875 0.7434461796875 0.45822723828125 0.90885416796875 0.50508857421875 0.887630208984375 0.4748858671875 0.739322916015625 0.42126494921875 0.7434461796875
0 0.5351626796875 0.731423611328125 0.56342592578125 0.898958333984375 0.61509371875 0.894921875 0.5957095546875 0.728732638671875 0.5351626796875 0.731423611328125
0 0.26078639453125 0.4234375 0.308621880859375 0.64752604296875 0.34041200390625 0.656553818359375 0.3703116953125 0.629123263671875 0.321513310546875 0.42421875 0.26078639453125 0.4234375
1 0.33501880859375 0.439279513671875 0.369654224609375 0.578689236328125 0.43365724609375 0.56714409765625 0.406217849609375 0.434375 0.33501880859375 0.439279513671875
1 0.404714828125 0.443142361328125 0.431794142578125 0.568967013671875 0.500153517578125 0.565928818359375 0.475733828125 0.434765625 0.404714828125 0.443142361328125
1 0.47732687109375 0.427734375 0.504059767578125 0.56575520703125 0.56451662109375 0.561328125 0.544889724609375 0.4282118046875 0.47732687109375 0.427734375
1 0.549502474609375 0.42278645703125 0.5712625390625 0.5592881953125 0.63775880859375 0.55807291796875 0.620791537109375 0.4196180546875 0.549502474609375 0.42278645703125
1 0.626200810546875 0.410677083984375 0.6435281640625 0.556076388671875 0.71490724609375 0.55464409765625 0.70414576953125 0.403732638671875 0.626200810546875 0.410677083984375
1 0.60539882421875 0.745703125 0.623058931640625 0.859765625 0.6809461796875 0.8624131953125 0.668078865234375 0.746397568359375 0.60539882421875 0.745703125
1 0.672961677734375 0.7461805546875 0.68503247265625 0.865711806640625 0.74362622265625 0.863107638671875 0.73670830078125 0.748567708984375 0.672961677734375 0.7461805546875
1 0.708848541015625 0.40004340234375 0.7167703515625 0.552821181640625 0.7926721640625 0.5442274296875 0.78688351953125 0.3948350703125 0.708848541015625 0.40004340234375
1 0.79176633203125 0.394618056640625 0.800574685546875 0.5456163203125 0.8756799765625 0.5405381953125 0.88161008203125 0.390625 0.79176633203125 0.394618056640625
1 0.883383166015625 0.38706597265625 0.88144933203125 0.538541666015625 0.96152745703125 0.534982638671875 0.971890271484375 0.376171875 0.883383166015625 0.38706597265625
0 0.737761220703125 0.731119791015625 0.752982736328125 0.911414931640625 0.809623361328125 0.9088975703125 0.799901138671875 0.7213975703125 0.737761220703125 0.731119791015625
0 0.81091338671875 0.726128470703125 0.819825423828125 0.898003470703125 0.87566952734375 0.899001736328125 0.876523115234375 0.726692708984375 0.81091338671875 0.726128470703125
0 0.889474826171875 0.7121961796875 0.89324765234375 0.898220486328125 0.949631880859375 0.909635416015625 0.95739776171875 0.7196180546875 0.889474826171875 0.7121961796875
1 1 0.74824404296875 0.960791216796875 0.747309029296875 0.953240740234375 0.86597222265625 1 0.870880662109375 1 0.74824404296875
1 1 0.3706105859375 0.976503021484375 0.370746529296875 0.965703767578125 0.540017361328125 1 0.539446580078125 1 0.3706105859375
0 0.46750578703703705 0.0038031684027777773 0.06875000000000009 0.0076063368055555546