0 0.853259130859375 0 0.837142673828125 0.131737763671875 0.930892673828125 0.128265541015625 0.9564672109375 0 0.853259130859375 0
0 0.6423484296875 0 0.636924970703125 0.079613095703125 0.723919751953125 0.068452380859375 0.7258167578125 0 0.6423484296875 0
0 1 0.31082462890625 0.927634478515625 0.44196428515625 0.97295341015625 0.531580689453125 1 0.523695154296875 1 0.31082462890625
0 0.871759259765625 0.735780423828125 0.949795158203125 0.57014715625 0.8978826796875 0.494667658203125 0.81316505078125 0.6625330703125 0.871759259765625 0.735780423828125
0 0.81895116796875 0.69010416796875 0.77564483984375 0.721478173828125 0.7161412421875 0.826884921875 0.77134314453125 0.894303900390625 0.848380548828125 0.74458498828125 0.81895116796875 0.69010416796875
0 0.81580871484375 0.718005953125 0.84771825390625 0.50446428515625 0.778418943359375 0.4931382265625 0.747654873046875 0.7106068125 0.81580871484375 0.718005953125
0 0.741325873046875 0.760458001953125 0.768638853515625 0.52922453515625 0.6937738828125 0.52008928515625 0.670954583984375 0.75512566015625 0.741325873046875 0.760458001953125
0 0.611655826171875 0.73747519921875 0.624459876953125 0.506779099609375 0.560858501953125 0.511119376953125 0.548039755859375 0.739831349609375 0.611655826171875 0.73747519921875
0 0.525777115234375 0.748594576171875 0.535144767578125 0.5061177265625 0.470427322265625 0.510499337890625 0.4666106328125 0.748801255859375 0.525777115234375 0.748594576171875
0 0.37982161328125 0.787739748046875 0.37109696484375 0.514178240234375 0.303016607421875 0.516699734375 0.314017490234375 0.796130951171875 0.37982161328125 0.787739748046875
0 0.3040169375 0.802455357421875 0.294337888671875 0.55076058203125 0.231837888671875 0.553075396484375 0.24935883203125 0.80844907421875 0.3040169375 0.802455357421875
0 0.155358978515625 0.77819113671875 0.13118569921875 0.529017857421875 0.0608438046875 0.52765376953125 0.0850905703125 0.7867476875 0.155358978515625 0.77819113671875
0 0.511871693359375 0.98131613671875 0.514249890625 0.850239748046875 0.459635875 0.862185845703125 0.461648478515625 0.983176255859375 0.511871693359375 0.98131613671875
0 0.44713955078125 0.983713625 0.44747666796875 0.87851355859375 0.38829548828125 0.876736111328125 0.389103837890625 0.985863095703125 0.44713955078125 0.983713625
0 0.319907408203125 0.98842592578125 0.313401125 0.86363260546875 0.254175853515625 0.85590277734375 0.255175265625 0.990823412109375 0.319907408203125 0.98842592578125
0 0.185964140625 0.9914021171875 0.176271310546875 0.888558201171875 0.123889439453125 0.900421626953125 0.132407408203125 0.99537037109375 0.185964140625 0.9914021171875
0 0.115666337890625 0.99599041015625 0.101479826171875 0.889343583984375 0.04116787890625 0.885623345703125 0.054282408203125 0.998263888671875 0.115666337890625 0.99599041015625
0 0.092119978515625 0 0.07927046484375 0.001033400390625 0.117129630859375 0.138558201171875 0.179570841796875 0.12830687890625 0.171172875 0 0.092119978515625 0
0 0.026810794921875 0 0.029943783203125 0.123925263671875 0.1035751015625 0.1172288359375 0.07213801171875 0 0.026810794921875 0
0 0.5726273148148149 0.03902633101851852 0.08666087962962976 0.07805266203703703
0 0.46223958333333337 0.03586154513888889 0.07779224537037033 0.07172309027777778
0 0.3451171875 0.047055844907407406 0.07695312499999996 0.09411168981481481
0 0.2357783564814815 0.054036458333333336 0.08483796296296298 0.10807291666666667
1 0.6704842734375 0.69163359765625 0.687121546875 0.526289681640625 0.624606849609375 0.52662037109375 0.6157967734375 0.693659060546875 0.6704842734375 0.69163359765625
1 0.573255623046875 0.979042658203125 0.581449330078125 0.879505623046875 0.514440953125 0.8760333984375 0.514103837890625 0.98123346484375 0.573255623046875 0.979042658203125
1 0.324371693359375 0.98826058203125 0.38463955078125 0.986028439453125 0.384624853515625 0.9840443125 0.381510875 0.865079365234375 0.316808126953125 0.87144510546875 0.324371693359375 0.98826058203125
1 0.254059193359375 0.990864748046875 0.24653971875 0.88000165234375 0.1840985078125 0.8902529765625 0.194907408203125 0.9930555546875 0.254059193359375 0.990864748046875
1 0.055398478515625 0.998222552734375 0.04234273828125 0.893518517578125 0.00671663671875 0.90674603125 0.008523478515625 0.9999586640625 0.055398478515625 0.998222552734375
1 0.456198560546875 0.69957010546875 0.45942827734375 0.532738095703125 0.38689833203125 0.537409060546875 0.390320951171875 0.69804067578125 0.456198560546875 0.69957010546875
1 0.23289608984375 0.695932541015625 0.218386244140625 0.545634921875 0.14145080078125 0.55840773828125 0.162598287109375 0.700520833984375 0.23289608984375 0.695932541015625
1 0.0766166953125 0.697751322265625 0.0610789609375 0.55939980078125 0.004306291015625 0.58134920703125 0.00859512890625 0.708209326171875 0.0766166953125 0.697751322265625
1 0.73828759375 0 0.731938013671875 0.095940806640625 0.8323403515625 0.0862681875 0.84234752734375 0 0.73828759375 0