1 0.998847736328125 0.07481481640625 0.942587400390625 0.07162134375 0.932566138671875 0.240806013671875 0.98631615234375 0.24399119921875 0.998847736328125 0.07481481640625
1 0.929441138671875 0.240620828125 0.94108476171875 0.068601853515625 0.853459509765625 0.0629888046875 0.8364809296875 0.232878138671875 0.929441138671875 0.240620828125
1 0.83227065625 0.230394705078125 0.849575630859375 0.064574076171875 0.766124263671875 0.055579447265625 0.74643256640625 0.21972318359375 0.83227065625 0.230394705078125
1 0.74026494140625 0.218240748046875 0.7616030234375 0.055175927734375 0.68058166015625 0.049393287109375 0.657304673828125 0.211090646484375 0.74026494140625 0.218240748046875
1 0.65276494140625 0.2130555625 0.6767554140625 0.04596296484375 0.6012890078125 0.043577517578125 0.5732591328125 0.20164233984375 0.65276494140625 0.2130555625
1 0.572144212890625 0.201864021484375 0.59961742578125 0.038601853515625 0.528299060546875 0.039539958984375 0.497308943359375 0.19519540234375 0.572144212890625 0.201864021484375
1 0.492556099609375 0.191562869140625 0.524466646484375 0.040429822265625 0.455174033203125 0.035206625 0.4220958359375 0.185153509765625 0.492556099609375 0.191562869140625
1 0.419760576171875 0.18278123046875 0.452509271484375 0.037282626953125 0.38792119140625 0.027870365234375 0.350007724609375 0.175296802734375 0.419760576171875 0.18278123046875
1 0.348840119140625 0.1741106640625 0.384876556640625 0.024481484375 0.323281263671875 0.019157408203125 0.28259008203125 0.170184736328125 0.348840119140625 0.1741106640625
1 0.2601562734375 0.01541666796875 0.220124103515625 0.157547345703125 0.2797122109375 0.1666633125 0.319375013671875 0.01892592578125 0.2601562734375 0.01541666796875
1 0.217837248046875 0.1629966484375 0.2584169375 0.015592595703125 0.201406263671875 0.011935185546875 0.156916689453125 0.154918669921875 0.217837248046875 0.1629966484375
1 0 0.676615955078125 0.04524362109375 0.6964083984375 0.098723650390625 0.508324076171875 0.037489017578125 0.49601230859375 0 0.615711224609375 0 0.676615955078125
1 0.11096537890625 0.7159404921875 0.165766474609375 0.524851853515625 0.09908287890625 0.51194890234375 0.047283392578125 0.6942953359375 0.11096537890625 0.7159404921875
1 0.20998747265625 0.65032280078125 0.235934298828125 0.54156481640625 0.1661369921875 0.53044304296875 0.142507095703125 0.620633759765625 0.20998747265625 0.65032280078125
1 0.279129669921875 0.67452545703125 0.30928820703125 0.568231484375 0.2388160703125 0.549270474609375 0.21381983984375 0.649432916015625 0.279129669921875 0.67452545703125
1 0.431108134765625 0.84314523828125 0.47197146484375 0.60716666796875 0.39181330859375 0.593967626953125 0.34713063671875 0.815829517578125 0.431108134765625 0.84314523828125
0 0.3228523828125 0.83002831640625 0.384310712890625 0.54059259375 0.316886654296875 0.529211482421875 0.249664666015625 0.801118052734375 0.3228523828125 0.83002831640625
0 0.493571408203125 0.893954337890625 0.537040265625 0.629157408203125 0.476912654296875 0.6103752890625 0.42346033203125 0.8574076796875 0.493571408203125 0.893954337890625
0 0.59029603515625 0.9186745625 0.630696666015625 0.610552712890625 0.5616511796875 0.601993279296875 0.52332429296875 0.8990683984375 0.59029603515625 0.9186745625
0 0.70101122265625 1 0.74404914453125 0.639609177734375 0.6629638984375 0.6325701875 0.617887447265625 0.9783917421875 0.6682353046875 1 0.70101122265625 1
0 0.820415185546875 1 0.84449595703125 0.69882466015625 0.76102709765625 0.68159175 0.73866909765625 0.99189978125 0.76265492578125 1 0.820415185546875 1
0 0.92963786328125 1 0.949510794921875 0.717558732421875 0.861468181640625 0.71122442578125 0.8449303671875 1 0.92963786328125 1