1 0.036991421875 0.802510662109375 0.043722697265625 0.98376068359375 0.07918625 0.982601375 0.066065693359375 0.8065749609375 0.036991421875 0.802510662109375
1 0.06862162109375 0.809907732421875 0.08100752734375 0.9802394921875 0.170190224609375 0.97151915625 0.16425668359375 0.805508818359375 0.06862162109375 0.809907732421875
1 0.1667365703125 0.807130689453125 0.175073587890625 0.970334759765625 0.258980453125 0.96480320703125 0.256969119140625 0.800361306640625 0.1667365703125 0.807130689453125
1 0.26173879296875 0.799327810546875 0.264569373046875 0.96594996484375 0.34479148046875 0.958197583984375 0.346006935546875 0.801347890625 0.26173879296875 0.799327810546875
1 0.349777029296875 0.7994945703125 0.347828169921875 0.96151255078125 0.42400434375 0.952693212890625 0.431507796875 0.79646750390625 0.349777029296875 0.7994945703125
1 0.43350505078125 0.795933275390625 0.42714505078125 0.953507833984375 0.498369625 0.944337576171875 0.50802428125 0.7931733046875 0.43350505078125 0.795933275390625
1 0.512351212890625 0.793013046875 0.499766431640625 0.948677884765625 0.56734776171875 0.946923970703125 0.583909796875 0.78864904296875 0.512351212890625 0.793013046875
1 0.58698450390625 0.7928194453125 0.57229284375 0.941711181640625 0.637311939453125 0.939191564453125 0.65365935546875 0.786922568359375 0.58698450390625 0.7928194453125
1 0.6554537734375 0.789374287109375 0.639047056640625 0.9403089375 0.702567921875 0.93929285546875 0.71983883984375 0.7861328125 0.6554537734375 0.789374287109375
1 0.721395185546875 0.78864573046875 0.70431444921875 0.932540953125 0.763283419921875 0.929332431640625 0.783895185546875 0.786330916015625 0.721395185546875 0.78864573046875
1 0.787779373046875 0.787043900390625 0.7657074921875 0.93240740625 0.82222794921875 0.92286501953125 0.84499091796875 0.784924955078125 0.787779373046875 0.787043900390625
1 0.8807264375 0.23458489453125 0.85627610546875 0.4239494296875 0.91568520703125 0.425225904296875 0.94769438671875 0.256953439453125 0.8807264375 0.23458489453125
1 0.815847115234375 0.22670558203125 0.786042248046875 0.414779201171875 0.85476607421875 0.419770466796875 0.8814353203125 0.239699794921875 0.815847115234375 0.22670558203125
1 0.727694615234375 0.301946384765625 0.71549233203125 0.41204148828125 0.787268283203125 0.417986103515625 0.79839469140625 0.321606140625 0.727694615234375 0.301946384765625
1 0.65736858984375 0.285284884765625 0.641462775390625 0.398731302734375 0.717132375 0.40560184375 0.7280686484375 0.304944642578125 0.65736858984375 0.285284884765625
1 0.487586419921875 0.138289431640625 0.47792110546875 0.375894763671875 0.559770451171875 0.375535642578125 0.57407581640625 0.155650646484375 0.487586419921875 0.138289431640625
0 0.593608310546875 0.1292215390625 0.571135435546875 0.42808938671875 0.63910228125 0.437718501953125 0.67511339453125 0.153622234375 0.593608310546875 0.1292215390625
0 0.410639091796875 0.0972525859375 0.408067119140625 0.375271546875 0.472995568359375 0.373421302734375 0.481958529296875 0.10917765234375 0.410639091796875 0.0972525859375
0 0.309599080078125 0.066720564453125 0.315599169921875 0.407589919921875 0.386522123046875 0.39975914453125 0.385106828125 0.0862022265625 0.309599080078125 0.066720564453125
0 0.1911375625 0.0180166171875 0.196386205078125 0.37990117578125 0.27942490625 0.39004969140625 0.27889266015625 0.04218583203125 0.1911375625 0.0180166171875
0 0.06679015234375 0.01836773046875 0.089777482421875 0.34055109765625 0.17058474609375 0.338415095703125 0.153784853515625 0.025427982421875 0.06679015234375 0.01836773046875
0 0.015565052734375 0.35021367578125 0.061260046875 0.338179869140625 0.04287677734375 0.0004025703125 0.000164365234375 0.003698228515625 0.015565052734375 0.35021367578125