0 0.903727814453125 0.114467083984375 1 0.364856705078125 0.99954289453125 0.066163771484375 0.903727814453125 0.114467083984375
0 0.866934859375 0.289842478515625 0.9213578125 0.296661953125 0.9397543203125 0.220283853515625 0.887630892578125 0.072983244140625 0.82171012890625 0.09753334765625 0.866934859375 0.289842478515625
0 0.756555875 0.274839634765625 0.81251184765625 0.277567435546875 0.83167486328125 0.19300596484375 0.787983208984375 0.051160939453125 0.7212959375 0.05934430078125 0.756555875 0.274839634765625
0 0.6799038125 0.244833970703125 0.73279374609375 0.2434700703125 0.7504236875 0.157544701171875 0.7189963515625 0.067527671875 0.6584412109375 0.076992740234375 0.6799038125 0.244833970703125
1 0.803313623046875 0.536558498046875 0.866168291015625 0.533830697265625 0.827842259765625 0.40426071875 0.769586703125 0.402338166015625 0.803313623046875 0.536558498046875
1 0.804846640625 0.542014095703125 0.76805368359375 0.40835241796875 0.709223203125 0.404041544921875 0.741225462890625 0.548833568359375 0.804846640625 0.542014095703125
1 0.738925876953125 0.54474184375 0.70826505078125 0.41108019140625 0.646943400390625 0.4108550625 0.67223860546875 0.547469642578125 0.738925876953125 0.54474184375
1 0.670705529296875 0.55019744140625 0.644643873046875 0.41108019140625 0.58083099609375 0.4108550625 0.604018255859375 0.554289115234375 0.670705529296875 0.55019744140625
1 0.513760439453125 0.41596519921875 0.5319577265625 0.556958201171875 0.601718671875 0.551561314453125 0.578723052734375 0.41108019140625 0.513760439453125 0.41596519921875
1 0.52966575 0.554289115234375 0.512035779296875 0.416535763671875 0.443815431640625 0.42062746484375 0.4553132421875 0.5583807890625 0.52966575 0.554289115234375
1 0.613983048828125 0.23119502734375 0.598652634765625 0.1289029375 0.54250496484375 0.12639073828125 0.55726048046875 0.23392280078125 0.613983048828125 0.23119502734375
1 0.5541944140625 0.229831126953125 0.53963051171875 0.126175138671875 0.48597406640625 0.119577220703125 0.497471876953125 0.229831126953125 0.5541944140625 0.229831126953125
1 0.94588644921875 1 0.998776384765625 0.999984841796875 0.998776384765625 0.93724571484375 0.98574555859375 0.896328880859375 0.9219326796875 0.908241787109375 0.94588644921875 1
1 0.943586921875 0.99725704296875 0.9221243203125 0.9086038984375 0.850071369140625 0.91675868359375 0.868467876953125 1 0.943586921875 0.99725704296875
1 0.86540178125 0.99862096875 0.850071369140625 0.9317901171875 0.775335607421875 0.9337924765625 0.787983208984375 1 0.86540178125 0.99862096875
1 0.784917115234375 0.99862096875 0.7703532109375 0.93860958984375 0.692934638671875 0.944012751953125 0.703665939453125 1 0.784917115234375 0.99862096875
0 0.6572265625 0.9609375 0.08203125 0.078125
0 0.3916015625 0.986328125 0.068359375 0.02734375
0 0.46484375 0.1708984375 0.0673828125 0.2021484375
0 0.3984375 0.1611328125 0.0712890625 0.1708984375
0 0.33203125 0.16015625 0.068359375 0.189453125
0 0.1123046875 0.1484375 0.0732421875 0.205078125
1 0.45378022265625 0.557803078125 0.4422824140625 0.421413626953125 0.3702294609375 0.421413626953125 0.37482857421875 0.56325867578125 0.45378022265625 0.557803078125
1 0.372529046875 0.5659864765625 0.369462953125 0.422777552734375 0.291469455078125 0.42277871875 0.292810888671875 0.57280594921875 0.372529046875 0.5659864765625
1 0.203127939453125 0.576897623046875 0.28897828515625 0.5755336953125 0.28897828515625 0.56871422265625 0.292810888671875 0.42414142578125 0.21232622265625 0.421413626953125 0.203127939453125 0.576897623046875
1 0.29894301953125 0.225012822265625 0.300476095703125 0.11590126171875 0.23398040625 0.10765356640625 0.226890126953125 0.2209211484375 0.29894301953125 0.225012822265625
1 0.15330409765625 0.21682944921875 0.15330409765625 0.218193349609375 0.226890126953125 0.223648921875 0.233022255859375 0.104990103515625 0.165951701171875 0.097433291015625 0.15330409765625 0.21682944921875
1 0.203127939453125 0.5781126015625 0.210793146484375 0.421264732421875 0.1257093671875 0.419371958984375 0.113445048828125 0.58356819921875 0.203127939453125 0.5781126015625
1 0.1111454921875 0.58356819921875 0.123409810546875 0.4253564296875 0.037559494140625 0.41990083203125 0.013797365234375 0.594479345703125 0.1111454921875 0.58356819921875
1 0.07301107421875 0.21550128515625 0.08680846875 0.09820636328125 0.017438328125 0.094026533203125 0 0.20322623828125 0.07301107421875 0.21550128515625
1 0 0.586480626953125 0.0139890078125 0.586480626953125 0.03928415234375 0.42554103515625 0 0.419371958984375 0 0.586480626953125