0 0.9208984375 0.9873046875 0.0556640625 0.025390625
0 0.81640625 0.9609375 0.0830078125 0.078125
0 0.693359375 0.95703125 0.0849609375 0.0859375
0 0.5986328125 0.966796875 0.068359375 0.06640625
0 0.5048828125 0.95703125 0.078125 0.0859375
0 0.86293164453125 0 0.872203833984375 0.149453935546875 0.943908755859375 0.143959306640625 0.92721881640625 0 0.86293164453125 0
0 0.789990431640625 0 0.796171890625 0.145058232421875 0.8530413125 0.13736575 0.847477998046875 0 0.789990431640625 0
0 0.71890365625 0 0.71519478125 0.167036751953125 0.77268234765625 0.161542123046875 0.76897347265625 0 0.71890365625 0
0 0.57054864453125 0.196707755859375 0.573639375 0.01318711328125 0.526042142578125 0.008791408203125 0.511206640625 0.203301310546875 0.57054864453125 0.196707755859375
1 0.929691400390625 0 0.94267246484375 0.104397970703125 0.99892373828125 0.103299044921875 1 0 0.929691400390625 0
1 1 0.3219853203125 0.963689423828125 0.32308424609375 0.98594267578125 0.490120998046875 1 0.492318849609375 1 0.3219853203125
1 0.98223380078125 0.490120998046875 0.958744255859375 0.3263810234375 0.874058271484375 0.334073505859375 0.88951191796875 0.491219923828125 0.98223380078125 0.490120998046875
1 0.88765748046875 0.494516703125 0.8715856875 0.331875654296875 0.791844869140625 0.34176598828125 0.796171890625 0.49781348046875 0.88765748046875 0.494516703125
1 0.794317453125 0.4967145546875 0.790608578125 0.34396383984375 0.71024961328125 0.350557396484375 0.70839517578125 0.5011102578125 0.794317453125 0.4967145546875
1 0.705922591796875 0.5011102578125 0.705922591796875 0.351656322265625 0.631745087890625 0.357150951171875 0.626799919921875 0.502209185546875 0.705922591796875 0.5011102578125
1 0.71395848828125 0.146157158203125 0.71395848828125 0.031868853515625 0.649671318359375 0.049451669921875 0.643489859375 0.153849640625 0.71395848828125 0.146157158203125
1 0.641635421875 0.15494856640625 0.648435025390625 0.045055966796875 0.587238583984375 0.05274844921875 0.580438978515625 0.163739974609375 0.641635421875 0.15494856640625
1 0.62185475390625 0.49891240625 0.628654357421875 0.358249876953125 0.556949435546875 0.360447728515625 0.54644095703125 0.505505962890625 0.62185475390625 0.49891240625
1 0.54975298046875 0.5011102578125 0.55778887890625 0.36484343359375 0.488953388671875 0.36923913671875 0.47619362109375 0.505505962890625 0.54975298046875 0.5011102578125
1 0.47248474609375 0.505505962890625 0.4885565390625 0.3681402109375 0.4205604921875 0.370338064453125 0.40448869921875 0.506604888671875 0.47248474609375 0.505505962890625
1 0.40633275390625 0.502209185546875 0.42116825390625 0.373634841796875 0.35936405078125 0.372535916015625 0.33833670703125 0.509901666015625 0.40633275390625 0.502209185546875
1 0.51389013671875 0.17363030859375 0.52378046875 0.063737708984375 0.46814733984375 0.07472696875 0.4564025703125 0.183520642578125 0.51389013671875 0.17363030859375
0 0.3958242734375 0.189015271484375 0.44403965234375 0.191213125 0.4656747578125 0.05714415234375 0.448984818359375 0.03626455859375 0.411277919921875 0.03296778125 0.3958242734375 0.189015271484375
0 0.3525540625 0.048352744140625 0.3389548515625 0.112090453125 0.3333915390625 0.1978066796875 0.37789804296875 0.19450990234375 0.398296857421875 0.0769248203125 0.3884065234375 0.05274844921875 0.3525540625 0.048352744140625
0 0.299393515625 0.30769928125 0.280230994140625 0.400009064453125 0.267868076171875 0.529682333984375 0.327210080078125 0.53297911328125 0.3562629375 0.34176598828125 0.341427435546875 0.314292837890625 0.299393515625 0.30769928125
0 0.1718445546875 0.310996060546875 0.15082759375 0.428581142578125 0.14835501171875 0.526385556640625 0.192861513671875 0.521989853515625 0.23304099609375 0.345062765625 0.220678078125 0.324183169921875 0.1718445546875 0.310996060546875
0 0.12733805078125 0.320886392578125 0.099521486328125 0.407701546875 0.083449693359375 0.526385556640625 0.108175529296875 0.536275890625 0.15020944921875 0.52089092578125 0.1718445546875 0.334073505859375 0.12733805078125 0.320886392578125
0 0.15453646875 0.06923233984375 0.131665072265625 0.153849640625 0.129810634765625 0.238466943359375 0.169371970703125 0.2329723125 0.202133703125 0.106595822265625 0.187298201171875 0.079122671875 0.15453646875 0.06923233984375
0 0.082831546875 0.163739974609375 0.079740818359375 0.24835727734375 0.1186840078125 0.24835727734375 0.146500572265625 0.103299044921875 0.111884404296875 0.073628041015625 0.082831546875 0.163739974609375
0 0.01607179296875 0.356052025390625 0 0.412097251953125 0.0018544375 0.55385870703125 0.035234314453125 0.541770521484375 0.069232337890625 0.39781121484375 0.05192425390625 0.3637445078125 0.01607179296875 0.356052025390625
1 0.072323068359375 0.237368017578125 0.0927218828125 0.139563603515625 0.076031943359375 0.141761455078125 0.0432702109375 0.241763720703125 0.072323068359375 0.237368017578125
1 0.216969203125 0.218686275390625 0.235513580078125 0.109892599609375 0.210787744140625 0.11318937890625 0.1829711796875 0.223081978515625 0.216969203125 0.218686275390625
1 0.3263810234375 0.202202384765625 0.341834669921875 0.09890333984375 0.309072939453125 0.105496896484375 0.286201541015625 0.20659808984375 0.3263810234375 0.202202384765625
1 0.25776683203125 0.51429737109375 0.282492666015625 0.3890198046875 0.2398406015625 0.380228396484375 0.212642181640625 0.508802740234375 0.25776683203125 0.51429737109375
1 0.07479565234375 0.524187705078125 0.1038485078125 0.40220691796875 0.079122671875 0.394514435546875 0.040179482421875 0.526385556640625 0.07479565234375 0.524187705078125