0 0.925366091796875 0.40419692578125 0.848367271484375 0.227056869140625 0.79237137109375 0.292010533203125 0.850659453125 0.42800401953125 0.86599814453125 0.420131900390625 0.887835283203125 0.44784037890625 0.925366091796875 0.40419692578125
0 0.9191874609375 0.66317929296875 0.890453544921875 0.429183103515625 0.820752236328125 0.431281181640625 0.845559240234375 0.653711939453125 0.9191874609375 0.66317929296875
0 0.99109136328125 0.63096255078125 0.99280219140625 0.51548166015625 0.945078181640625 0.417270884765625 0.89330203515625 0.474022982421875 0.9674518828125 0.645874498046875 0.99109136328125 0.63096255078125
0 0.7918402777777778 0.49534866898148144 0.0796585648148147 0.23760850694444446
0 0.6483289930555556 0.4881655092592593 0.07187499999999991 0.23933015046296302
0 0.5594762731481482 0.48455584490740744 0.07009548611111116 0.2509910300925926
0 0.1818793402777778 0.9749276620370371 0.08674768518518516 0.05014467592592586
0 0.11260127314814815 0.9701822916666667 0.06147280092592591 0.05963541666666661
0 0.2802517361111111 0.9944426359953704 0.054962384259259256 0.011114728009259167
0 0.5613208912037038 0.16220341435185184 0.056546585648148184 0.19299768518518517
0 0.4980613425925926 0.1456741898148148 0.060640914351851816 0.2058087384259259
0 0.37016059027777776 0.13993055555555556 0.07824797453703702 0.20828269675925926
0 0.4125361689814815 0.44503038194444444 0.08210358796296302 0.2708695023148149
0 0.33856336805555554 0.4262297453703704 0.08488859953703698 0.2611906828703703
0 0.267965021484375 0.2015331640625 0.2901277578125 0.0491885546875 0.237536173828125 0.042426162109375 0.213710291015625 0.188476541015625 0.267965021484375 0.2015331640625
0 0.19425973828125 0.197267654296875 0.219471814453125 0.036686794921875 0.17048394921875 0.0237862265625 0.139496865234375 0.178991849609375 0.19425973828125 0.197267654296875
0 0.201493669921875 0.538872609375 0.241737142578125 0.31212432421875 0.179412814453125 0.290502 0.13016004296875 0.532595720703125 0.201493669921875 0.538872609375
1 0.7597808671875 0.594965806640625 0.7432891015625 0.443557529296875 0.67722233984375 0.437436693359375 0.680854958984375 0.587423134765625 0.7597808671875 0.594965806640625
1 0.6567733203125 0.23699238671875 0.649598150390625 0.128533984375 0.589891603515625 0.1278057265625 0.590044287109375 0.2360560546875 0.6567733203125 0.23699238671875
1 0.521370822265625 0.563962828125 0.525946515625 0.41317876953125 0.453966029296875 0.411046015625 0.443661564453125 0.55333373046875 0.521370822265625 0.563962828125
1 0.458403490234375 0.2300739375 0.467829900390625 0.1075358828125 0.408123353515625 0.106807623046875 0.397742306640625 0.21474584375 0.458403490234375 0.2300739375
1 0.33059760546875 0.20234812109375 0.346661181640625 0.10602734765625 0.28948041796875 0.09288402734375 0.270367501953125 0.197441048828125 0.33059760546875 0.20234812109375
1 0.28699557421875 0.53724269921875 0.30792624609375 0.389024884765625 0.237177822265625 0.382765333984375 0.2122431796875 0.5246195625 0.28699557421875 0.53724269921875
1 0.134626400390625 0.5077482578125 0.160577330078125 0.376332392578125 0.094556806640625 0.367090451171875 0.059843181640625 0.497205857421875 0.134626400390625 0.5077482578125
1 0 0.479046833984375 0.05862652734375 0.500292283203125 0.093417216796875 0.364975037109375 0.02505586328125 0.355663740234375 0 0.449930541015625 0 0.479046833984375
1 0 0.44783419140625 0.027335041015625 0.3598945703125 0 0.350037376953125 0 0.44783419140625
0 0.05665898046875 0.19839471875 0.108159140625 0.041715244140625 0.05176394921875 0.01506447265625 0.001357138671875 0.176980470703125 0.05665898046875 0.19839471875
1 0.137109798828125 0.182043595703125 0.15965689453125 0.082792453125 0.109483203125 0.070897576171875 0.0787894453125 0.166784861328125 0.137109798828125 0.182043595703125
1 0 0.1633774921875 0.005037921875 0.165640455078125 0.036363126953125 0.06664940625 0 0.060492720703125 0 0.1633774921875