0 0.5134331597222223 0.06546585648148148 0.07274305555555549 0.05989583333333334
0 0.6077039930555556 0.06069155092592594 0.06388888888888888 0.035879629629629636
0 0.7037760416666667 0.08152488425925927 0.08170572916666652 0.064453125
0 0.8257595486111111 0.09252025462962962 0.07890624999999996 0.0671657986111111
0 0.89357332421875 1 0.910194294921875 0.904272763671875 0.84072171875 0.887514466796875 0.825301333984375 1 0.89357332421875 1
0 0.80702724609375 1 0.819290927734375 0.904312951171875 0.76012651171875 0.888318220703125 0.748758056640625 1 0.80702724609375 1
0 0.73213127734375 1 0.7372690546875 0.87598058203125 0.683358517578125 0.8642457578125 0.68044675390625 1 0.73213127734375 1
1 0.9577818125 1 0.961342591796875 0.943865740234375 0.90589554296875 0.93975855078125 0.894482203125 1 0.9577818125 1
1 0.87549886328125 0.558175798828125 0.852778046875 0.714224857421875 0.935442923828125 0.728089634765625 0.96822943359375 0.566012408203125 0.87549886328125 0.558175798828125
1 0.97057104296875 0.56231513671875 0.939240666015625 0.72837094921875 0.970036544921875 0.733555169921875 0.97795219140625 0.567700296875 0.97057104296875 0.56231513671875
1 0.781483625 0.542502572265625 0.765944359375 0.696180556640625 0.848023833984375 0.710969650390625 0.873000525390625 0.553152328125 0.781483625 0.542502572265625
1 0.692722265625 0.531089248046875 0.68445028515625 0.680467142578125 0.763774220703125 0.6960198046875 0.778271283203125 0.541296939453125 0.692722265625 0.531089248046875
1 0.611486732421875 0.864728009765625 0.609769375 0.9768518515625 0.6732740703125 0.99316808203125 0.680116705078125 0.88819766015625 0.611486732421875 0.864728009765625
1 0.612013193359375 0.522207755859375 0.608966958984375 0.6642312890625 0.682822681640625 0.680346580078125 0.693221931640625 0.53209394140625 0.612013193359375 0.522207755859375
1 0.532474921875 0.511477623046875 0.535482306640625 0.6520142109375 0.60629715234375 0.66306584375 0.608344048828125 0.519032921875 0.532474921875 0.511477623046875
1 0.4602320703125 0.5080616640625 0.46592399609375 0.6371849296875 0.5316845625 0.651732896484375 0.528919646484375 0.517988041015625 0.4602320703125 0.5080616640625
1 0.38950295703125 0.49508101953125 0.401576701171875 0.6275800546875 0.465252861328125 0.6400382578125 0.458818802734375 0.5031185703125 0.38950295703125 0.49508101953125
1 0.3207296484375 0.487083654296875 0.33831447265625 0.618055556640625 0.399449427734375 0.626454794921875 0.386833150390625 0.49391557421875 0.3207296484375 0.487083654296875
1 0.545811900390625 0.84825102734375 0.547349751953125 0.960615998046875 0.607056701171875 0.976650912109375 0.610358796875 0.865612140625 0.545811900390625 0.84825102734375
1 0.424056390625 0.819878470703125 0.43299012890625 0.92504983203125 0.484972994140625 0.94341563671875 0.479508798828125 0.833662873046875 0.424056390625 0.819878470703125
0 0.4821799453125 0.79805651953125 0.485285119140625 0.997628921875 0.540338326171875 0.99590084765625 0.541801162109375 0.81602044921875 0.4821799453125 0.79805651953125
0 0.36486384375 0.792269484375 0.37772124609375 0.968372234375 0.42576437109375 0.965157212890625 0.41393443359375 0.80267811328125 0.36486384375 0.792269484375
0 0.30100148046875 0.7962480703125 0.31130428125 0.944098828125 0.34494143359375 0.946590470703125 0.36086114453125 0.931319123046875 0.34974387109375 0.801793982421875 0.30100148046875 0.7962480703125
0 0.255851873046875 0.538403421875 0.271208955078125 0.682757845703125 0.309272119140625 0.683641974609375 0.332958783203125 0.665075232421875 0.314876970703125 0.459555041015625 0.257582626953125 0.450472607421875 0.255851873046875 0.538403421875
0 0.133166689453125 0.555443029296875 0.152651052734375 0.668169689453125 0.1873732734375 0.67074170703125 0.208432998046875 0.650045009765625 0.185481771484375 0.46835616015625 0.134241041015625 0.457786779296875 0.133166689453125 0.555443029296875
0 0.07799961328125 0.547485853515625 0.105836333984375 0.655992798828125 0.149953115234375 0.65538998046875 0.125289888671875 0.438737783203125 0.087612525390625 0.429173095703125 0.070721611328125 0.454049318359375 0.07799961328125 0.547485853515625
0 0 0.6079096875 0.03131081640625 0.6059590390625 0.052542009765625 0.5814043203125 0.01695441015625 0.42684220703125 0 0.42328158984375 0 0.6079096875
0 0.05624598046875 0.804245435546875 0.073818748046875 0.8742525078125 0.074860951171875 0.875297390625 0.094849 0.87871334765625 0.11026904296875 0.86243730859375 0.094112224609375 0.723829732421875 0.05263712109375 0.71398373046875 0.05624598046875 0.804245435546875
0 0.103217431640625 0.825143068359375 0.1212041328125 0.89808384765625 0.15581248828125 0.89097061328125 0.172446203125 0.8718814296875 0.144510353515625 0.74111046875 0.101864443359375 0.73311310546875 0.103217431640625 0.825143068359375
0 0.196775869140625 0.83884709375 0.212120896484375 0.922236689453125 0.248228255859375 0.9181375390625 0.265904169921875 0.900093236328125 0.24179553515625 0.744446052734375 0.189126798828125 0.741512345703125 0.196775869140625 0.83884709375
1 0.020156037109375 0.72222222265625 0.043581478515625 0.819757908203125 0.0596431875 0.825786072265625 0.04723990625 0.7251961171875 0.020156037109375 0.72222222265625
1 0.15454657421875 0.760239841796875 0.176473013671875 0.8547614453125 0.2006727421875 0.86139242578125 0.1875554609375 0.764620306640625 0.15454657421875 0.760239841796875
1 0.25789876953125 0.7862815078125 0.276441400390625 0.88345550390625 0.30836521484375 0.88775559375 0.29687553515625 0.791104037109375 0.25789876953125 0.7862815078125
1 0.026162765625 0.440104166015625 0.0607376328125 0.56846386328125 0.085951431640625 0.564525462890625 0.06188432421875 0.4446855703125 0.026162765625 0.440104166015625
1 0.19918713671875 0.490660365234375 0.219514103515625 0.596675669921875 0.26024707421875 0.5987252421875 0.249685732421875 0.4934333203125 0.19918713671875 0.490660365234375