1 0.31657587109375 0.582042626953125 0.32536964453125 0.4305191328125 0.258401671875 0.431721701171875 0.243519900390625 0.590460599609375 0.31657587109375 0.582042626953125
1 0.5553606640625 0.55558614453125 0.54724333203125 0.41007548828125 0.477569583984375 0.41608832421875 0.4809518046875 0.561598982421875 0.5553606640625 0.55558614453125
1 0.41804249609375 0.23209551171875 0.41804249609375 0.1202567421875 0.357162521484375 0.127472146484375 0.355133189453125 0.234500646484375 0.41804249609375 0.23209551171875
1 0.6108290859375 0.217664701171875 0.59932953515625 0.114243904296875 0.53844955859375 0.110636201171875 0.546566888671875 0.2200698359375 0.6108290859375 0.217664701171875
1 0.7393534765625 0.199626189453125 0.717707263671875 0.09861052734375 0.660885953125 0.103420796875 0.673738392578125 0.204436458984375 0.7393534765625 0.199626189453125
1 0.787776888671875 0.522779166015625 0.764925345703125 0.39555887890625 0.694566646484375 0.399835189453125 0.715012763671875 0.542022572265625 0.787776888671875 0.522779166015625
1 0.94473091015625 0.51315746484375 0.91045359375 0.38272994140625 0.845507103515625 0.39555887890625 0.869561359375 0.52064101171875 0.94473091015625 0.51315746484375
1 1 0.450081859375 0.97780551171875 0.373108240234375 0.911054951171875 0.38059178515625 0.946534978515625 0.51315746484375 1 0.50246668359375 1 0.450081859375
1 0.929095642578125 0.189226814453125 0.90023053515625 0.084457166015625 0.8491152421875 0.081249931640625 0.86896000390625 0.189226814453125 0.929095642578125 0.189226814453125
0 1 0.156085396484375 0.956758037109375 0.027796029296875 0.9026359609375 0.04597035546875 0.945332265625 0.211677455078125 1 0.20847021875 1 0.156085396484375
0 0.869561359375 0.198848517578125 0.84189896484375 0.038486810546875 0.7859728203125 0.04810851171875 0.81183114453125 0.206332064453125 0.869561359375 0.198848517578125
0 0.787776888671875 0.193503126953125 0.76913483984375 0.03955588671875 0.717418189453125 0.05131574609375 0.7414724453125 0.200986673828125 0.787776888671875 0.193503126953125
0 0.86715593359375 0.535608103515625 0.8298718359375 0.29827277734375 0.7619185625 0.3367595859375 0.805216224609375 0.543091650390625 0.86715593359375 0.535608103515625
0 0.634765625 0.1474609375 0.07421875 0.205078125
0 0.6650390625 0.419921875 0.0859375 0.248046875
0 0.5966796875 0.4365234375 0.08203125 0.25
0 0.443359375 0.470703125 0.0712890625 0.2451171875
0 0.51171875 0.1474609375 0.0634765625 0.2080078125
0 0.447265625 0.1572265625 0.0556640625 0.203125
0 0.3505859375 0.48828125 0.0732421875 0.2568359375
0 0.8095703125 0.9755859375 0.0732421875 0.048828125
0 0.88671875 0.97265625 0.0654296875 0.0537109375
0 0.212890625 0.482421875 0.0791015625 0.2265625
0 0.1629675859375 0.222368234375 0.078777689453125 0.39448980078125 0.10824415234375 0.43190753125 0.134703833984375 0.408387814453125 0.1533458828125 0.40304242578125 0.2134815234375 0.29399646484375 0.1629675859375 0.222368234375
0 0.152143169921875 0.636101439453125 0.18100827734375 0.426562142578125 0.11606178515625 0.408387814453125 0.0805817578125 0.63503236328125 0.152143169921875 0.636101439453125
0 0 0.62220342578125 0.0300678203125 0.643584986328125 0.11305500390625 0.465048951171875 0.061939708984375 0.399835189453125 0 0.538815337890625 0 0.62220342578125