0 0.12014612268518518 0.3308232060185185 0.13663194444444443 0.3289930555555556
0 0.32842881944444446 0.3040581597222222 0.10094039351851847 0.28675491898148153
0 0.4331958912037037 0.27652633101851853 0.10716145833333335 0.32584635416666663
0 0.5369357638888889 0.2646050347222222 0.12031250000000004 0.31715856481481475
0 0.6542896412037037 0.25180844907407407 0.10894820601851851 0.33952546296296293
0 0.7601779513888889 0.2926142939814815 0.107421875 0.26435185185185184
0 0.8596064814814814 0.273828125 0.12411747685185182 0.34842303240740735
0 0.9282552083333333 0.27921730324074073 0.09855324074074079 0.3453052662037037
0 0.06968315972222222 0.7970413773148148 0.05811631944444445 0.22298900462962967
0 0.15326967592592594 0.9388943142361111 0.10879629629629628 0.12221137152777772
0 0.23977141203703703 0.9155725549768519 0.09307725694444441 0.16885489004629628
0 0.31979890046296294 0.931519458912037 0.07560040509259258 0.13696108217592595
0 0.4618561921296296 0.9234790943287037 0.08927951388888888 0.15304181134259265
0 0.5543402777777777 0.9187210648148147 0.0762442129629628 0.1625578703703705
0 0.7189742476851853 0.9124710648148149 0.09072627314814818 0.17505787037037024
0 0.7979600694444444 0.9108145254629629 0.08900462962962963 0.17837094907407414
0 0.9563187210648147 0.9114040798611112 0.0873625578703705 0.17719184027777768
1 0.2288845486111111 0.3208912037037037 0.10271990740740738 0.283839699074074
1 0.39034288194444444 0.9356861255787037 0.07513744212962958 0.12862774884259265
1 0.6324725115740741 0.9355830439814814 0.08794849537037042 0.1288339120370372
1 0.8774160879629629 0.9335557725694444 0.09122540509259247 0.13288845486111112
1 0.9985622829861112 0.9283112702546297 0.002875434027777679 0.14337745949074066