0 0.21067191015625 1 0.2162731484375 0.984927982421875 0.14469907421875 0.81588648828125 0.10465277734375 0.818728564453125 0.079212962890625 0.894405865234375 0.133734875 1 0.21067191015625 1
0 0.28222785546875 1 0.295416666015625 0.9698002421875 0.241666666015625 0.83310613671875 0.20625 0.83622256640625 0.18615740625 0.90595850390625 0.226012560546875 1 0.28222785546875 1
0 0.3906410625 1 0.366828703125 0.93752571875 0.3762731484375 0.903665123046875 0.354629630859375 0.834585048828125 0.312268517578125 0.837289951171875 0.2925694453125 0.915393517578125 0.32230225390625 1 0.3906410625 1
0 0.439775556640625 1 0.44967592578125 0.990414951171875 0.45719907421875 0.964784806640625 0.425439814453125 0.855469822265625 0.380069443359375 0.86321158984375 0.369791666015625 0.9345721875 0.388682185546875 1 0.439775556640625 1
0 0.6461588541666666 0.8890190972222223 0.07098524305555554 0.16610243055555562
0 0.712890625 0.8783058449074075 0.07061631944444446 0.14950086805555562
0 0.7900173611111112 0.8838541666666666 0.06037326388888875 0.1713252314814815
1 0.826087962890625 0.923019548828125 0.89793981640625 0.92310528125 0.897615740234375 0.7812328515625 0.82340277734375 0.78309327734375 0.826087962890625 0.923019548828125
1 0.90085648046875 0.922235080078125 0.977245369140625 0.926761830078125 0.97534722265625 0.77749485546875 0.90053240625 0.78036265625 0.90085648046875 0.922235080078125
1 0.903171294921875 0.583384775390625 0.987592591796875 0.5915166328125 0.985787037109375 0.412007029296875 0.899444443359375 0.412105623046875 0.903171294921875 0.583384775390625
1 0.814583333984375 0.606297154296875 0.904444443359375 0.60432098828125 0.89770833203125 0.4120027421875 0.804212962890625 0.42106481640625 0.814583333984375 0.606297154296875
1 0.731412037109375 0.620143177734375 0.82030092578125 0.60976508984375 0.8036342578125 0.4210305234375 0.71351851953125 0.434465021484375 0.731412037109375 0.620143177734375
1 0.654375 0.644783091796875 0.728981482421875 0.625214333984375 0.71347222265625 0.436548353515625 0.6275694453125 0.442931240234375 0.654375 0.644783091796875
1 0.5811342578125 0.655045439453125 0.652037037109375 0.6456875859375 0.6274768515625 0.447097908203125 0.549930556640625 0.468578533203125 0.5811342578125 0.655045439453125
1 0.517083333984375 0.668981482421875 0.57648148046875 0.655812755859375 0.54585648046875 0.469380142578125 0.47708333203125 0.48720850390625 0.517083333984375 0.668981482421875
1 0.45 0.6889960546875 0.518124998046875 0.674258400390625 0.47592592578125 0.487139916015625 0.404907408203125 0.501706103515625 0.45 0.6889960546875
1 0.400879630859375 0.500424384765625 0.3443518515625 0.5148062421875 0.3931481484375 0.691885287109375 0.448912037109375 0.68580246875 0.44895833203125 0.68371913671875 0.447199072265625 0.684657923828125 0.4448842578125 0.684520748046875 0.400879630859375 0.500424384765625
1 0.341342591796875 0.51984310546875 0.287638888671875 0.537521435546875 0.33900462890625 0.703279322265625 0.375115740234375 0.69498885546875 0.393171296875 0.690843623046875 0.341342591796875 0.51984310546875
1 0.27821759375 0.726796125 0.33532407421875 0.712448560546875 0.2869444453125 0.54269547265625 0.227916666015625 0.5652734921875 0.27821759375 0.726796125
1 0.116712962890625 0.276020232421875 0.16837962890625 0.245704734375 0.104328703125 0.05103309375 0.049953705078125 0.098919751953125 0.116712962890625 0.276020232421875
1 0.1700694453125 0.247890947265625 0.23270833203125 0.219268689453125 0.1710648125 0.02056755859375 0.10678240625 0.04492026953125 0.1700694453125 0.247890947265625
1 0.299490740234375 0.186719822265625 0.270046296875 0.0775420078125 0.207708333984375 0.118698560546875 0.23212962890625 0.21923439453125 0.302314814453125 0.1900162890625 0.299490740234375 0.186719822265625
1 0.30465277734375 0.189111794921875 0.377129630859375 0.16107253125 0.339953703125 0.03474794140625 0.27655092578125 0.07166923828125 0.30465277734375 0.189111794921875
1 0.45715277734375 0.106361455078125 0.541782408203125 0.079042353515625 0.5381481484375 0.0339763359375 0.4431944453125 0.030435529296875 0.45715277734375 0.106361455078125
0 0.41652777734375 0.030941357421875 0.340810185546875 0.022282234375 0.38469907421875 0.185510974609375 0.45145833203125 0.154003771484375 0.41652777734375 0.030941357421875