1 0.0384615390625 0.267094017578125 0.05829326953125 0.169871794921875 0.029447115234375 0.170940169921875 0 0.264957265625 0.0384615390625 0.267094017578125
1 0.16706730859375 0.266025642578125 0.18269230859375 0.1634615390625 0.140625 0.166666666015625 0.11358173046875 0.264957265625 0.16706730859375 0.266025642578125
0 0.0943509609375 0.306623931640625 0.138221154296875 0.126068376953125 0.0703125 0.1164529921875 0.03125 0.3055555546875 0.0943509609375 0.306623931640625
0 0.19170673046875 0.1175213671875 0.173076923828125 0.1869658125 0.170072115234375 0.26282051171875 0.21454326953125 0.264957265625 0.243389423828125 0.14423076953125 0.216947115234375 0.1175213671875 0.19170673046875 0.1175213671875
0 0.29266826953125 0.272435896484375 0.3118990390625 0.1175213671875 0.2578125 0.102564103515625 0.236778845703125 0.271367521484375 0.29266826953125 0.272435896484375
0 0.419471154296875 0.290598291015625 0.431490384765625 0.108974357421875 0.3756009609375 0.10576923046875 0.360576923828125 0.28632478515625 0.419471154296875 0.290598291015625
0 0 0.59829059765625 0.045072115234375 0.408119658203125 0.0240384609375 0.37927350390625 0 0.373931623046875 0 0.59829059765625
0 0.123798076171875 0.37927350390625 0.092548076171875 0.513888888671875 0.087740384765625 0.61217948828125 0.146033654296875 0.6185897421875 0.1881009609375 0.403846154296875 0.158653845703125 0.376068376953125 0.123798076171875 0.37927350390625
1 0.3587740390625 0.263888888671875 0.37079326953125 0.15491453125 0.319110576171875 0.15705128125 0.30168269140625 0.263888888671875 0.3587740390625 0.263888888671875
1 0.08112980859375 0.603632478515625 0.10516826953125 0.4615384609375 0.056490384765625 0.45726495703125 0.014423076171875 0.599358974609375 0.08112980859375 0.603632478515625
1 0.23858173046875 0.59294871875 0.26201923046875 0.454059830078125 0.193509615234375 0.452991453125 0.1646634609375 0.59294871875 0.23858173046875 0.59294871875
1 0.31610576953125 0.591880341796875 0.333533654296875 0.44978632421875 0.264423076171875 0.454059830078125 0.2421875 0.59508546875 0.31610576953125 0.591880341796875
1 0.392427884765625 0.591880341796875 0.404447115234375 0.4455128203125 0.337139423828125 0.44871794921875 0.3197115390625 0.59294871875 0.392427884765625 0.591880341796875
1 0.4693509609375 0.591880341796875 0.4771634609375 0.44871794921875 0.407451923828125 0.443376068359375 0.39423076953125 0.59401709375 0.4693509609375 0.591880341796875
1 0.5474759609375 0.591880341796875 0.54987980859375 0.4444444453125 0.478365384765625 0.44871794921875 0.469951923828125 0.59081196484375 0.5474759609375 0.591880341796875
1 0.62800480859375 0.59294871875 0.6243990390625 0.44123931640625 0.552283654296875 0.44123931640625 0.55048076953125 0.59508546875 0.62800480859375 0.59294871875
1 0.713341345703125 0.59294871875 0.70012019140625 0.440170939453125 0.6256009609375 0.44123931640625 0.631610576171875 0.59294871875 0.713341345703125 0.59294871875
1 0.4921875 0.259615384765625 0.49639423046875 0.15277777734375 0.435697115234375 0.15491453125 0.427884615234375 0.26175213671875 0.4921875 0.259615384765625
1 0.557091345703125 0.255341880859375 0.55769230859375 0.145299146484375 0.49699519140625 0.15277777734375 0.4927884609375 0.25427350390625 0.557091345703125 0.255341880859375
0 0.61237980859375 0.283119658203125 0.61237980859375 0.108974357421875 0.560697115234375 0.107905982421875 0.560697115234375 0.28205128125 0.61237980859375 0.283119658203125
0 0.6868990390625 0.26175213671875 0.67548076953125 0.107905982421875 0.626201923828125 0.11431623828125 0.6328125 0.2585470078125 0.6868990390625 0.26175213671875
0 0.76081730859375 0.274572650390625 0.739783654296875 0.099358974609375 0.688701923828125 0.103632478515625 0.700721154296875 0.28205128125 0.76081730859375 0.274572650390625
1 0.795673076171875 0.59401709375 0.774639423828125 0.4380341875 0.700721154296875 0.4369658125 0.71454326953125 0.591880341796875 0.795673076171875 0.59401709375
1 0.881009615234375 0.59294871875 0.853365384765625 0.44123931640625 0.77764423046875 0.4369658125 0.79987980859375 0.59401709375 0.881009615234375 0.59294871875
1 0.829326923828125 0.2414529921875 0.80949519140625 0.130341880859375 0.74699519140625 0.1335470078125 0.759615384765625 0.2435897421875 0.829326923828125 0.2414529921875
1 0.8990384609375 0.23931623828125 0.877403845703125 0.128205126953125 0.810697115234375 0.128205126953125 0.829326923828125 0.2425213671875 0.8990384609375 0.23931623828125
1 0.966346154296875 0.59401709375 0.93449519140625 0.434829060546875 0.85576923046875 0.439102564453125 0.884615384765625 0.59401709375 0.966346154296875 0.59401709375
0 1 0.045940169921875 0.967548076171875 0.060897435546875 0.946514423828125 0.10576923046875 0.9759615390625 0.2414529921875 1 0.244658119140625 1 0.045940169921875