0 0.0244140625 0.5517578125 0.048828125 0.275390625
0 0.1103515625 0.5341796875 0.0810546875 0.2724609375
0 0.2822265625 0.5185546875 0.0810546875 0.31640625
0 0.353515625 0.48828125 0.083984375 0.275390625
0 0.123046875 0.197265625 0.064453125 0.212890625
0 0.1962890625 0.1875 0.06640625 0.2001953125
0 0.330078125 0.20703125 0.068359375 0.212890625
0 0.5478515625 0.9765625 0.048828125 0.046875
1 0.08857221484375 0.264535685546875 0.092823681640625 0.1499035546875 0.0134629765625 0.144864779296875 0.00779435546875 0.262016296875 0.08857221484375 0.264535685546875
1 0.304688421875 0.278392314453125 0.294768333984375 0.17131834765625 0.232413494140625 0.161240798828125 0.2373735390625 0.27209384765625 0.304688421875 0.278392314453125
1 0.157304255859375 0.478683619140625 0.15801283203125 0.6311065625 0.24375073828125 0.6172499296875 0.23737549609375 0.473688921875 0.157304255859375 0.478683619140625
1 0.428689525390625 0.278392314453125 0.413100814453125 0.173837736328125 0.357831751953125 0.176357123046875 0.36987757421875 0.267055072265625 0.428689525390625 0.278392314453125
1 0.4712041875 0.585757587890625 0.45207258984375 0.457268826171875 0.38971775 0.463567294921875 0.405306458984375 0.5920560546875 0.4712041875 0.585757587890625
1 0.58907615625 0.289093640625 0.569153103515625 0.200068115234375 0.527691619140625 0.192410005859375 0.54007621875 0.28622184765625 0.58907615625 0.289093640625
1 0.597153068359375 0.570529169921875 0.572922330078125 0.4566147890625 0.52123008984375 0.47384553515625 0.537922375 0.579144544921875 0.597153068359375 0.570529169921875
1 0.656922220703125 0.562871060546875 0.62515303125 0.449913943359375 0.575614634765625 0.4566147890625 0.59822998828125 0.56957190625 0.656922220703125 0.562871060546875
1 0.7118452265625 0.557127478515625 0.677922193359375 0.445127625 0.627306875 0.447999416015625 0.656383759765625 0.56478558984375 0.7118452265625 0.557127478515625
1 0.763537466796875 0.551383896484375 0.73069135546875 0.445127625 0.678999115234375 0.444170361328125 0.7107683046875 0.5542556875 0.763537466796875 0.551383896484375
1 0.8124016015625 0.549469369140625 0.7763247265625 0.44321309765625 0.73069135546875 0.447999416015625 0.762460544921875 0.557127478515625 0.8124016015625 0.549469369140625
1 0.858709234375 0.541811259765625 0.81940159375 0.436512251953125 0.7768631875 0.444170361328125 0.8145554453125 0.54851210546875 0.858709234375 0.541811259765625
1 0.684786384765625 0.291965431640625 0.658401802734375 0.201982642578125 0.62555569140625 0.194324533203125 0.6465556640625 0.28717911328125 0.684786384765625 0.291965431640625
1 0.7284017109375 0.290050904296875 0.702017130859375 0.201982642578125 0.658401802734375 0.1991108515625 0.685324845703125 0.29100816796875 0.7284017109375 0.290050904296875
0 0.47909434375 0.27090562890625 0.46024821484375 0.140717765625 0.410709818359375 0.15029040234375 0.431709791015625 0.280478267578125 0.47909434375 0.27090562890625
0 0.54155580078125 0.290050904296875 0.518401986328125 0.135931447265625 0.46832512890625 0.141675029296875 0.490940482421875 0.29483722265625 0.54155580078125 0.290050904296875
0 0.54101733984375 0.5973325546875 0.50924815234375 0.374290109375 0.452171302734375 0.38482001171875 0.4796328046875 0.607862455078125 0.54101733984375 0.5973325546875
0 0.65355565625 0.30728165234375 0.616401857421875 0.153162193359375 0.56847884375 0.16369209375 0.6067095625 0.31781155078125 0.65355565625 0.30728165234375
0 0.778680921875 0.298978556640625 0.74921953125 0.171676251953125 0.70216314453125 0.179678111328125 0.73571639453125 0.306980416015625 0.778680921875 0.298978556640625
0 0.820417892578125 0.29534134765625 0.78850138671875 0.1833153203125 0.752083833984375 0.188407412109375 0.7807268515625 0.304798091796875 0.820417892578125 0.29534134765625
0 0.86706509375 0.30843530078125 0.83064754296875 0.1833153203125 0.78645545703125 0.18767996875 0.8269648671875 0.3120725078125 0.86706509375 0.30843530078125
0 1 0.2182325234375 0.971816705078125 0.17749578515625 0.91698578515625 0.19495438671875 0.96731566015625 0.3011608828125 1 0.289521814453125 1 0.2182325234375
1 0.886706021484375 0.29461390625 0.8527435859375 0.21241298828125 0.839240447265625 0.213867873046875 0.863382419921875 0.298978556640625 0.886706021484375 0.29461390625
1 0.9198500859375 0.2931590234375 0.884660091796875 0.2182325234375 0.853152771484375 0.21241298828125 0.885887650390625 0.298978556640625 0.9198500859375 0.2931590234375
1 0.9030734609375 0.535397123046875 0.863382419921875 0.433555279296875 0.82205463671875 0.43573760546875 0.858472189453125 0.543398982421875 0.9030734609375 0.535397123046875
1 0.94440124609375 0.532487357421875 0.90225508984375 0.432100396484375 0.863382419921875 0.432827837890625 0.90225508984375 0.53757944921875 0.94440124609375 0.532487357421875
1 0.984501470703125 0.53103247265625 0.9407185703125 0.42919062890625 0.90184590234375 0.42919062890625 0.94440124609375 0.535397123046875 0.984501470703125 0.53103247265625
1 1 0.48738596875 0.974271822265625 0.4270083046875 0.941536943359375 0.432100396484375 0.983683099609375 0.532487357421875 1 0.48738596875
0 1 0.81879859375 0.98124050390625 0.799822146484375 0.94170623828125 0.81247311328125 0.99270544140625 0.915086498046875 0.99310078515625 0.915086498046875 1 0.905949689453125 1 0.81879859375
0 0.993496126953125 0.91789782421875 0.9456596640625 0.81247311328125 0.89307908984375 0.82934106640625 0.939334181640625 0.96990734765625 0.993496126953125 0.91789782421875