0 0.0830078125 0.443359375 0.08984375 0.296875
0 0.2568359375 0.419921875 0.0830078125 0.2744140625
0 0.33203125 0.4169921875 0.08203125 0.2744140625
0 0.0888671875 0.111328125 0.0703125 0.22265625
0 0.1689453125 0.1142578125 0.0732421875 0.228515625
0 0.306640625 0.119140625 0.0830078125 0.2373046875
0 0.375 0.9716796875 0.0732421875 0.056640625
0 0.4609375 0.9443359375 0.07421875 0.111328125
0 0.529296875 0.9384765625 0.0654296875 0.1220703125
0 0.45440758203125 0.20020884765625 0.437869349609375 0.05740253515625 0.38510451953125 0.06020266015625 0.40794302734375 0.19880878515625 0.45440758203125 0.20020884765625
0 0.524498177734375 0.212809404296875 0.49772199609375 0.0518022890625 0.45046990625 0.054602412109375 0.47173334765625 0.21560952734375 0.524498177734375 0.212809404296875
0 0.630027841796875 0.238010517578125 0.59852644921875 0.07700340234375 0.5489117578125 0.0854037734375 0.578838080078125 0.240810642578125 0.630027841796875 0.238010517578125
0 0.52056050390625 0.53062344921875 0.48590897265625 0.301013302734375 0.42526879296875 0.310813734375 0.463857998046875 0.54602412890625 0.52056050390625 0.53062344921875
1 0.05606525390625 0.172159974609375 0.058249615234375 0.049188564453125 0.00072812109375 0.04142194921875 0 0.165687794921875 0.05606525390625 0.172159974609375
1 0.2781419140625 0.187693205078125 0.270132591796875 0.08543276953125 0.20532989453125 0.071193974609375 0.210426736328125 0.188987642578125 0.2781419140625 0.187693205078125
1 0.2177079375 0.533307591796875 0.210426736328125 0.38185858984375 0.1288772734375 0.38315302734375 0.12742103515625 0.54754638671875 0.2177079375 0.533307591796875
1 0.4084754296875 0.200637564453125 0.391000544921875 0.0944938203125 0.334207169921875 0.086727205078125 0.3444008515625 0.19287094921875 0.4084754296875 0.200637564453125
1 0.4485220390625 0.507418873046875 0.4295909140625 0.377975283203125 0.364788216796875 0.377975283203125 0.378622501953125 0.517774361328125 0.4485220390625 0.507418873046875
1 0.57285005859375 0.497538982421875 0.55054826171875 0.380928283203125 0.496324287109375 0.386370115234375 0.51512776171875 0.504535623046875 0.57285005859375 0.497538982421875
1 0.630572353515625 0.49054233984375 0.60258578515625 0.374709044921875 0.55098555078125 0.37937347265625 0.57459921875 0.496761576171875 0.630572353515625 0.49054233984375
1 0.680423427734375 0.4765490546875 0.655497890625 0.374709044921875 0.6043349453125 0.374709044921875 0.63144693359375 0.4928745546875 0.680423427734375 0.4765490546875
1 0.73508469140625 0.47888126953125 0.70534896484375 0.373154236328125 0.657684341796875 0.374709044921875 0.681735296875 0.47266203125 0.73508469140625 0.47888126953125
1 0.783623896484375 0.47965867578125 0.75082713671875 0.373154236328125 0.706660833984375 0.37548644921875 0.7363965625 0.47965867578125 0.783623896484375 0.47965867578125
1 0.830779951171875 0.477326458984375 0.79492216015625 0.370822021484375 0.751701716796875 0.370822021484375 0.7844984765625 0.481213482421875 0.830779951171875 0.477326458984375
1 0.569351736328125 0.207567044921875 0.548361810546875 0.11661069921875 0.506381958984375 0.109614056640625 0.52124982421875 0.207567044921875 0.569351736328125 0.207567044921875
1 0.66336911328125 0.218450708984375 0.6397554453125 0.12749436328125 0.60870784765625 0.122829935546875 0.62532487109375 0.21534108984375 0.66336911328125 0.218450708984375
1 0.706660833984375 0.2176733046875 0.67954884765625 0.130603982421875 0.64063002734375 0.125162150390625 0.66380640234375 0.216895900390625 0.706660833984375 0.2176733046875
1 0.875290189453125 0.47497397265625 0.83607825390625 0.36981804296875 0.79653401171875 0.371590333984375 0.83142598828125 0.477927791015625 0.875290189453125 0.47497397265625
1 0.91317291015625 0.469657099609375 0.87462558203125 0.368045751953125 0.83607825390625 0.368636517578125 0.87362866796875 0.470838626953125 0.91317291015625 0.469657099609375
1 0.95138793359375 0.467884810546875 0.91151138671875 0.368045751953125 0.87495788671875 0.366864224609375 0.915166736328125 0.469657099609375 0.95138793359375 0.467884810546875
1 0.98893834765625 0.464340228515625 0.94673566796875 0.366273462890625 0.914169822265625 0.368636517578125 0.952717150390625 0.467884810546875 0.98893834765625 0.464340228515625
1 0.98760912890625 0.46847557421875 1 0.4690663359375 0.998907484375 0.41412531640625 0.9783046015625 0.365091935546875 0.94706797265625 0.368045751953125 0.98760912890625 0.46847557421875
1 0.8619980078125 0.233351642578125 0.829764466796875 0.149463203125 0.81746919921875 0.14473709375 0.839733603515625 0.233351642578125 0.8619980078125 0.233351642578125
1 0.894896158203125 0.233942404296875 0.8626626171875 0.154780076171875 0.83209059765625 0.150053966796875 0.8619980078125 0.233942404296875 0.894896158203125 0.233942404296875
0 0.79686631640625 0.22567171484375 0.7679558203125 0.11224509375 0.7307377109375 0.117561966796875 0.75532824609375 0.229807060546875 0.79686631640625 0.22567171484375
0 0.75698976953125 0.228034767578125 0.7280792734375 0.09452218359375 0.68255355078125 0.10633745703125 0.71611630859375 0.23689622265625 0.75698976953125 0.228034767578125
0 0.840730515625 0.2451669140625 0.81281693359375 0.118152728515625 0.7666266015625 0.12228807421875 0.8025154921875 0.246939205078125 0.840730515625 0.2451669140625
0 0.9384280546875 0.23925927734375 0.96634163671875 0.23689622265625 0.990932173828125 0.18786283984375 0.945406451171875 0.104565166015625 0.897886900390625 0.141783275390625 0.9384280546875 0.23925927734375
0 1 0.75442876953125 0.98479773046875 0.74671620703125 0.96547250390625 0.757233337890625 0.989136046875 0.802807564453125 1 0.795796146484375 1 0.75442876953125
0 0.992685578125 0.802106423828125 0.946541671875 0.72638308984375 0.906313650390625 0.749520775390625 0.954429517578125 0.84347380078125 0.992685578125 0.802106423828125
0 0.951668771484375 0.841370375 0.900003373046875 0.74180821484375 0.859380958984375 0.762141330078125 0.901975333984375 0.89605944921875 0.951668771484375 0.841370375