0 0.9643663194444445 0.8844762731481481 0.07126736111111098 0.10044126157407396
0 0.7619719328703703 0.9244068287037037 0.07113715277777777 0.05193865740740744
0 0.6565610532407407 0.9331958912037037 0.07883391203703694 0.05056423611111116
0 0.5394314236111111 0.9428530092592593 0.07871817129629632 0.04861111111111116
0 0.42373408564814813 0.9435763888888888 0.08257378472222221 0.064453125
0 0.31613859953703705 0.9486038773148148 0.07895688657407407 0.06904658564814814
0 0.21577690972222222 0.943287037037037 0.09315682870370373 0.09537760416666652
0 0.13466435185185185 0.948314525462963 0.07471788194444445 0.09595630787037024
0 1 0.388018623046875 0.91578116015625 0.245039681640625 0.86638282421875 0.30051256640625 0.95796773828125 0.46511243359375 1 0.41178516015625 1 0.388018623046875
0 0.896748236328125 0.2265211640625 0.807220017578125 0.077711640625 0.7539452890625 0.14343584765625 0.817331716796875 0.248346560546875 0.83060699609375 0.245370369140625 0.856689078125 0.26934523828125 0.896748236328125 0.2265211640625
0 0.914205798828125 0.46436838671875 0.8605654765625 0.2590939140625 0.789136904296875 0.264384919921875 0.836198375 0.472139548828125 0.914205798828125 0.46436838671875
0 0.826799494140625 0.46486441796875 0.782673794921875 0.23098544921875 0.715356775390625 0.229993384765625 0.753138779296875 0.470320767578125 0.826799494140625 0.46486441796875
0 0.680065953125 0.48569775 0.644868826171875 0.25115740625 0.59576168359375 0.25479497265625 0.61768353125 0.4923115078125 0.680065953125 0.48569775
0 0.582027115234375 0.4770171953125 0.559577087890625 0.24950396875 0.507885068359375 0.24735449609375 0.519762271484375 0.485615078125 0.582027115234375 0.4770171953125
0 0.430416849609375 0.47230489453125 0.421417548828125 0.2258597890625 0.360033619140625 0.23040674609375 0.36480379296875 0.48115079296875 0.430416849609375 0.47230489453125
0 0.34324569921875 0.4767691796875 0.347932283203125 0.21536044921875 0.29535934765625 0.217261904296875 0.282389955078125 0.471312830078125 0.34324569921875 0.4767691796875
0 0.18723085546875 0.4923115078125 0.20489969140625 0.2418981484375 0.140695728515625 0.236689814453125 0.118797765625 0.4914021171875 0.18723085546875 0.4923115078125
0 0.484259259765625 0 0.4929600234375 0.146825396484375 0.551701205078125 0.15443121875 0.54076762109375 0 0.484259259765625 0
0 0.417660921875 0 0.418828998046875 0.144345240234375 0.484559634765625 0.13748346484375 0.472792708984375 0 0.417660921875 0
0 0.296045873046875 0 0.2819049453125 0.16046626953125 0.350573193359375 0.1653439140625 0.348532615234375 0 0.296045873046875 0
0 0.172504560546875 0 0.167300484375 0.13707010546875 0.218229166015625 0.14525462890625 0.225699404296875 0 0.172504560546875 0
0 0.101450033203125 0 0.078895685546875 0.139632935546875 0.14345237890625 0.150793650390625 0.152241626953125 0 0.101450033203125 0
0 0 0 0.01034685546875 0.17460317578125 0.035951279296875 0.0391865078125 0.0150813125 0 0 0
1 0.615080283203125 0.107886904296875 0.601153732421875 0.005291005859375 0.542882861328125 0.005621693359375 0.550348140625 0.112681876953125 0.615080283203125 0.107886904296875
1 0.409295708984375 0 0.35467739453125 0.0076058203125 0.355798978515625 0.12111441796875 0.418416556640625 0.1184689140625 0.415845900390625 0 0.409295708984375 0
1 0.282255841796875 0.12855489453125 0.29241255078125 0.016203703125 0.230440732421875 0.010830025390625 0.224630732421875 0.12086640234375 0.282255841796875 0.12855489453125
1 0.083359970703125 0.139302248046875 0.09463275390625 0.026868384765625 0.043058310546875 0.026703041015625 0.0228569609375 0.139798279296875 0.083359970703125 0.139302248046875
1 0.74738113671875 0.44882605859375 0.71911926953125 0.29348544921875 0.65773533984375 0.298032408203125 0.67918319921875 0.451884919921875 0.74738113671875 0.44882605859375
1 0.514180076171875 0.44816468359375 0.506302357421875 0.31522817578125 0.437986845703125 0.31630291015625 0.44040178515625 0.451636904296875 0.514180076171875 0.44816468359375
1 0.27733778125 0.461722884765625 0.283381099609375 0.317791005859375 0.21183494921875 0.3210978828125 0.199095203125 0.46552579296875 0.27733778125 0.461722884765625
1 0.113392857421875 0.4758597890625 0.126778365234375 0.32341269921875 0.06045983984375 0.3203538359375 0.03926183203125 0.47337962890625 0.113392857421875 0.4758597890625
1 0.926446759765625 0.935763888671875 0.91980636328125 0.880456349609375 0.811429857421875 0.88649140234375 0.820419974609375 0.943617724609375 0.926446759765625 0.935763888671875