1 0.7086588541666667 0.5924117476851851 0.11503906250000018 0.26055410879629637
1 0.08648003472222222 0.016182002314814814 0.08563368055555556 0.03236400462962963
1 0.17126736111111113 0.02402705439814815 0.08910590277777775 0.0480541087962963
1 0.25811631944444446 0.023200593171296295 0.08617621527777775 0.04640118634259259
1 0.34303385416666665 0.021974464699074072 0.08617621527777786 0.043948929398148144
1 0.42411024305555556 0.02131257233796296 0.08439670138888888 0.04262514467592592
1 0.5089409722222222 0.023954716435185184 0.08164062499999991 0.04790943287037037
1 0.5919921875 0.020927372685185186 0.08945312499999991 0.04185474537037037
1 0.6758897569444444 0.01986942997685185 0.0815755208333333 0.0397388599537037
1 0.7549913194444444 0.020361328124999998 0.08960503472222214 0.040722656249999996
1 0.8399956597222222 0.016348379629629626 0.08172743055555554 0.03269675925925925
1 0.9228298611111112 0.01834671585648148 0.08174913194444455 0.03669343171296296
0 0.8142361111111112 0.5820601851851852 0.09932725694444455 0.299732349537037
0 0.6245225694444445 0.6036024305555555 0.08591579861111098 0.26684751157407405
0 0.536306423611111 0.5789134837962963 0.09856770833333339 0.309447337962963
0 0.4315972222222222 0.5940972222222223 0.09707031250000009 0.32985387731481497
0 0.3310980902777778 0.5954065393518518 0.0923177083333333 0.2915653935185185
0 0.23836805555555557 0.5982638888888889 0.09461805555555558 0.3072916666666665
1 0.936296296875 0.5778120703125 0.92865740625 0.453352193359375 0.838703703125 0.443449931640625 0.85398148046875 0.588323044921875 0.936296296875 0.5778120703125
1 0.986018517578125 0.57731481640625 0.987731482421875 0.448208162109375 0.92865740625 0.453352193359375 0.93976851953125 0.577632029296875 0.986018517578125 0.57731481640625