0 0.9522352430555556 0.017469618055555552 0.09535590277777795 0.034939236111111105
0 0.6231119791666666 0.005266203703703702 0.07408854166666679 0.010532407407407404
0 0.5137369791666666 0.008152488425925924 0.07799479166666679 0.01630497685185185
0 0.39233940972222225 0.01812789351851852 0.07860243055555549 0.03625578703703704
0 0.2901258680555555 0.03520326967592592 0.08279079861111116 0.07040653935185184
0 0.18919270833333335 0.04588035300925926 0.0845052083333333 0.09176070601851852
0 0.11493055555555556 0.04848994502314815 0.06213107638888887 0.0969798900462963
0 0.5221788194444444 0.5711516203703704 0.0761935763888888 0.2455801504629629
0 0.3697699652777778 0.6024377893518518 0.08096788194444449 0.26531394675925934
0 0.5001519097222222 0.8694589120370371 0.05887586805555545 0.20668402777777795
0 0.43721788194444444 0.8824652777777777 0.05707465277777779 0.18807870370370372
0 0.977455357421875 0.430348875 0.935750111328125 0.41667493359375 0.85012951953125 0.58937665234375 0.897178130859375 0.65820105859375 0.975220458984375 0.505687830078125 0.977455357421875 0.430348875
0 0.79182098828125 0.8240079375 0.87914462109375 0.663095236328125 0.846839173828125 0.61330191796875 0.828510802734375 0.649884259765625 0.806189373046875 0.65104166796875 0.738164130859375 0.753546626953125 0.79182098828125 0.8240079375
0 0.844488537109375 0.641137564453125 0.89292879296875 0.403058861328125 0.81900352734375 0.412830689453125 0.77778880078125 0.63865740625 0.844488537109375 0.641137564453125
0 0.76562775390625 0.6867972890625 0.799999998046875 0.439550265625 0.7308035703125 0.443138228515625 0.69945712109375 0.6724123671875 0.76562775390625 0.6867972890625
0 0.626824294921875 0.6781580703125 0.655439814453125 0.435168650390625 0.585127314453125 0.438814484375 0.565793099609375 0.673404431640625 0.626824294921875 0.6781580703125
0 0.3257771171875 0.73731812109375 0.324377205078125 0.468171296875 0.260995369140625 0.491253306640625 0.27158840234375 0.7539847890625 0.3257771171875 0.73731812109375
0 0.187061837890625 0.726694775390625 0.162048060546875 0.462731482421875 0.093262236328125 0.48213458984375 0.12221119921875 0.7577711640625 0.187061837890625 0.726694775390625
0 0.331671625 0.980497685546875 0.332787697265625 0.980439814453125 0.333264439453125 0.79433697265625 0.266300154296875 0.797809193359375 0.281448412109375 0.9831018515625 0.331671625 0.980497685546875
0 0.2133680546875 0.9866319453125 0.200597994140625 0.8229910703125 0.143912587890625 0.845725859375 0.160912697265625 0.9893518515625 0.2133680546875 0.9866319453125
0 0.13859126953125 0.990509259765625 0.124118166015625 0.815079365234375 0.071985228515625 0.835598544921875 0.089484126953125 0.9930555546875 0.13859126953125 0.990509259765625
0 0 0.99544825390625 0.033856921875 0.9919808203125 0 0.85781847265625 0 0.99544825390625
1 0.69934137890625 0.624909060546875 0.725281083984375 0.467179232421875 0.651708552734375 0.46901455078125 0.634697419921875 0.6262814140625 0.69934137890625 0.624909060546875
1 0.481972001953125 0.63024140234375 0.488321208984375 0.487384259765625 0.414395943359375 0.497156083984375 0.414743166015625 0.63966600390625 0.481972001953125 0.63024140234375
1 0.263222001953125 0.641583994140625 0.254709544921875 0.507415673828125 0.17752425 0.515376986328125 0.19367283984375 0.653108466796875 0.263222001953125 0.641583994140625
1 0.10764715625 0.659548611328125 0.097255291015625 0.5175595234375 0.02333002734375 0.527331349609375 0.04961144140625 0.662557869140625 0.10764715625 0.659548611328125
1 0 0.661896869140625 0.042063490234375 0.65701058203125 0.019130291015625 0.52161044921875 0 0.52818405859375 0 0.661896869140625
1 0.083082560546875 0.9617146171875 0.073511904296875 0.8513558203125 0.008691578125 0.8566964296875 0.03285934765625 0.964318783203125 0.083082560546875 0.9617146171875
1 0.274782296875 0.95771329296875 0.2679728828125 0.83533399609375 0.206148037109375 0.8484375 0.218802357421875 0.96457506640625 0.274782296875 0.95771329296875
1 0.399195326171875 0.939384921875 0.401989638671875 0.826405421875 0.336229609375 0.8278356484375 0.339867173828125 0.9464203046875 0.399195326171875 0.939384921875
1 0.583258927734375 0.9318204375 0.5984182109375 0.816220236328125 0.534713955078125 0.8215029765625 0.52539958203125 0.93086144140625 0.583258927734375 0.9318204375