1 0.9973165234375 0.1317131484375 0.97935399609375 0.065297083984375 0.96259623828125 0.058252955078125 0.9692434375 0.136100634765625 0.9973165234375 0.1317131484375
1 0.811846306640625 0.04810941015625 0.82850343359375 0.131391130859375 0.85848011328125 0.130747095703125 0.84105428125 0.04984025390625 0.811846306640625 0.04810941015625
1 0.698410685546875 0.04138730078125 0.710081017578125 0.11227135546875 0.75092578125 0.11227135546875 0.73576972265625 0.04360116796875 0.698410685546875 0.04138730078125
1 0.98640371484375 0.42635896484375 0.959049017578125 0.319449224609375 0.931699908203125 0.3226693984375 0.94972393359375 0.42418534765625 0.98640371484375 0.42635896484375
1 0.812746390625 0.4281703125 0.79068317578125 0.307051560546875 0.748614076171875 0.303348361328125 0.760399013671875 0.426278458984375 0.812746390625 0.4281703125
1 0.685367869140625 0.430303677734375 0.667192900390625 0.29610297265625 0.603387634765625 0.291111703125 0.6132773671875 0.428452078125 0.685367869140625 0.430303677734375
1 0.614635876953125 0.42853258203125 0.602073849609375 0.28982363671875 0.5355515625 0.284671359375 0.54621 0.419636853515625 0.614635876953125 0.42853258203125
1 0.5427242734375 0.42185072265625 0.530662603515625 0.2880122890625 0.465543552734375 0.281732953125 0.4699992421875 0.4187513046875 0.5427242734375 0.42185072265625
1 0.510936248046875 0.030277703125 0.517575060546875 0.089971658203125 0.57590155859375 0.09584847265625 0.5693521953125 0.033739388671875 0.510936248046875 0.030277703125
0 0.96972981640625 0.306769794921875 0.98765600390625 0.392547150390625 0.99181539453125 0.280243623046875 0.96972981640625 0.306769794921875
0 0.961282453125 0.05696488671875 0.909659056640625 0.05390572265625 0.923607546875 0.155180158203125 0.96373671484375 0.1745011953125 0.96755508203125 0.108165634765625 0.961282453125 0.05696488671875
0 0.92183812890625 0.147814013671875 0.91165209765625 0.05523404296875 0.848526087890625 0.05028302734375 0.868900947265625 0.143466779296875 0.92183812890625 0.147814013671875
0 0.8125255625 0.048149662109375 0.7473170625 0.044285455078125 0.76125716796875 0.12740616796875 0.788212138671875 0.153207802734375 0.825383890625 0.14209820703125 0.8125255625 0.048149662109375
0 0.6447495234375 0.03820737890625 0.65256794921875 0.10281209765625 0.704236068359375 0.104663697265625 0.697731431640625 0.041347046875 0.6447495234375 0.03820737890625
0 0.5754654921875 0.034101658203125 0.58323919140625 0.09991394140625 0.63427278125 0.100517724609375 0.6345606953125 0.03760359765625 0.5754654921875 0.034101658203125
0 0.45863359765625 0.027178287109375 0.457764263671875 0.1057907578125 0.511970505859375 0.112633625 0.510936248046875 0.030277703125 0.45863359765625 0.027178287109375
0 0.934229646484375 0.309506943359375 0.909018935546875 0.236610279296875 0.86396446875 0.239991462890625 0.88757068359375 0.466490369140625 0.948927275390625 0.46407523828125 0.934229646484375 0.309506943359375
0 0.884758623046875 0.358614578125 0.865591326171875 0.232826576171875 0.8243803828125 0.224333369140625 0.798719630859375 0.255488541015625 0.829870330078125 0.44370764453125 0.87995631640625 0.451516564453125 0.884758623046875 0.358614578125
0 0.75288527734375 0.335067064453125 0.73363691796875 0.229847916015625 0.703973310546875 0.22203899609375 0.67178835546875 0.245546259765625 0.69131065234375 0.4536499296875 0.756930060546875 0.46479977734375 0.75288527734375 0.335067064453125
0 0.28305844907407407 0.04711371527777777 0.05888310185185186 0.06390335648148149
0 0.20406539351851855 0.03949652777777778 0.06058304398148151 0.057183159722222224
0 0.12308304398148148 0.032740162037037036 0.07024016203703703 0.05483217592592593
0 0.5068721064814815 0.9102647569444444 0.09172453703703698 0.17947048611111116
0 0.41373697916666663 0.9173249421296297 0.08807146990740744 0.16535011574074066
0 0.3133680555555556 0.9084563078703703 0.09045862268518512 0.1830873842592593
0 0.2009548611111111 0.9081579137731481 0.09997106481481477 0.18368417245370372
0 0.09147135416666666 0.9340711805555555 0.09295428240740738 0.13185763888888902
1 0.4486041015625 0.077412984375 0.4470862578125 0.026494 0.3825122890625 0.023877609375 0.380267671875 0.066102126953125 0.4486041015625 0.077412984375
1 0.31531074609375 0.01868508203125 0.31405845703125 0.052496896484375 0.383074142578125 0.063848005859375 0.382557013671875 0.022670044921875 0.31531074609375 0.01868508203125
1 0.4706337734375 0.419999123046875 0.464185041015625 0.281652447265625 0.3923181640625 0.2737630234375 0.395692076171875 0.4216092109375 0.4706337734375 0.419999123046875
1 0.393833208984375 0.416658193359375 0.39159418359375 0.2749303359375 0.31574122265625 0.26438426953125 0.312912388671875 0.41428331640625 0.393833208984375 0.416658193359375
1 0.31218841015625 0.41545062890625 0.313024201171875 0.26422326171875 0.236402537109375 0.25605207421875 0.227236783203125 0.411626673828125 0.31218841015625 0.41545062890625
1 0.22660225390625 0.410378857421875 0.23499930078125 0.2571791328125 0.1529883203125 0.24747836328125 0.13834380078125 0.403938509765625 0.22660225390625 0.410378857421875
1 0.1382543515625 0.406353640625 0.153033044921875 0.246270798828125 0.068126142578125 0.24123927734375 0.04238991796875 0.40309321484375 0.1382543515625 0.406353640625
1 0.011004412109375 0.00065211328125 0.007571796875 0.019812142578125 0.085641423828125 0.025648705078125 0.0864017421875 0.005120103515625 0.011004412109375 0.00065211328125
1 0 0.402692568359375 0.043024447265625 0.404341033203125 0.064774591796875 0.239830453125 0 0.23490253125 0 0.402692568359375