0 0.044921875 0.9638671875 0.087890625 0.072265625
0 0.2666015625 0.990234375 0.0625 0.01953125
0 0.376953125 0.9912109375 0.07421875 0.0166015625
0 0.4892578125 0.986328125 0.0712890625 0.02734375
0 0.6025390625 0.978515625 0.076171875 0.04296875
0 0.7099609375 0.9697265625 0.080078125 0.060546875
0 0.8076171875 0.9521484375 0.0927734375 0.095703125
0 0.8818359375 0.94921875 0.0654296875 0.1015625
0 0.447265625 0.4091796875 0.056640625 0.23046875
0 0.599609375 0.3876953125 0.0732421875 0.248046875
0 0.4560546875 0.0908203125 0.0576171875 0.181640625
0 0.5205078125 0.0869140625 0.056640625 0.173828125
0 0 0.53571428515625 0.03125 0.541666666015625 0.119419642578125 0.376984126953125 0.06584821484375 0.29960317578125 0 0.4444444453125 0 0.53571428515625
0 0.166294642578125 0.1488095234375 0.0859375 0.313492064453125 0.11383928515625 0.3511904765625 0.13727678515625 0.3214285703125 0.1640625 0.327380953125 0.22209821484375 0.202380953125 0.166294642578125 0.1488095234375
0 0.1573660703125 0.55158730078125 0.189732142578125 0.329365080078125 0.12165178515625 0.333333333984375 0.0859375 0.54960317578125 0.1573660703125 0.55158730078125
0 0.24665178515625 0.515873015625 0.263392857421875 0.295634919921875 0.19866071484375 0.28571428515625 0.1707589296875 0.51984126953125 0.24665178515625 0.515873015625
0 0.385044642578125 0.53571428515625 0.392857142578125 0.3035714296875 0.3359375 0.297619046875 0.3191964296875 0.53174603125 0.385044642578125 0.53571428515625
0 0.71428571484375 0.48809523828125 0.68303571484375 0.234126984375 0.630580357421875 0.2579365078125 0.650669642578125 0.50396825390625 0.71428571484375 0.48809523828125
0 0.810267857421875 0.51984126953125 0.8761160703125 0.505952380859375 0.83928571484375 0.2420634921875 0.779017857421875 0.255952380859375 0.771205357421875 0.265873015625 0.810267857421875 0.51984126953125
0 0.6160714296875 0 0.6316964296875 0.19841269921875 0.69084821484375 0.186507935546875 0.66852678515625 0 0.6160714296875 0
0 0.73883928515625 0 0.7566964296875 0.146825396484375 0.806919642578125 0.14484126953125 0.7890625 0 0.73883928515625 0
0 0.806919642578125 0 0.8292410703125 0.158730158203125 0.885044642578125 0.15277777734375 0.859375 0 0.806919642578125 0
0 0.92522321484375 0 0.963169642578125 0.1785714296875 1 0.17658730078125 1 0.063492064453125 0.978794642578125 0 0.92522321484375 0
1 0.20647321484375 1 0.2098214296875 0.96428571484375 0.1015625 0.97420634765625 0.095982142578125 0.998015873046875 0.20647321484375 1
1 0.32477678515625 0.50396825390625 0.33147321484375 0.36309523828125 0.265625 0.357142857421875 0.247767857421875 0.5079365078125 0.32477678515625 0.50396825390625
1 0.5613839296875 0.48809523828125 0.556919642578125 0.34325396875 0.4854910703125 0.3511904765625 0.484375 0.498015873046875 0.5613839296875 0.48809523828125
1 0.42633928515625 0.16071428515625 0.4285714296875 0.047619046875 0.369419642578125 0.045634919921875 0.357142857421875 0.162698412109375 0.42633928515625 0.16071428515625
1 0.62165178515625 0.15277777734375 0.611607142578125 0.033730158203125 0.55133928515625 0.037698412109375 0.55803571484375 0.15277777734375 0.62165178515625 0.15277777734375
1 0.752232142578125 0.1488095234375 0.734375 0.033730158203125 0.677455357421875 0.033730158203125 0.6886160703125 0.15277777734375 0.752232142578125 0.1488095234375
1 0.7957589296875 0.478174603515625 0.7723214296875 0.327380953125 0.705357142578125 0.34325396875 0.71875 0.484126984375 0.7957589296875 0.478174603515625
1 0.950892857421875 0.478174603515625 0.9207589296875 0.33928571484375 0.8515625 0.34722222265625 0.87165178515625 0.478174603515625 0.950892857421875 0.478174603515625
1 1 0.3829365078125 0.98772321484375 0.33134920703125 0.924107142578125 0.335317458984375 0.9520089296875 0.48015873046875 1 0.482142857421875 1 0.3829365078125
1 0.947544642578125 0.14484126953125 0.91741071484375 0.02777777734375 0.8683035703125 0.02777777734375 0.8816964296875 0.1488095234375 0.947544642578125 0.14484126953125