1 0.423828125 0.0869140625 0.0546875 0.173828125
1 0.6611328125 0.1025390625 0.0634765625 0.1806640625
1 0.9072265625 0.1201171875 0.072265625 0.1962890625
1 0.2822265625 0.7109375 0.0654296875 0.2998046875
0 0.1767578125 0.685546875 0.1181640625 0.3427734375
0 0.380859375 0.7314453125 0.087890625 0.2958984375
0 0.4814453125 0.7666015625 0.0830078125 0.3037109375
0 0.5830078125 0.7783203125 0.0791015625 0.3310546875
0 0.7080078125 0.8076171875 0.0927734375 0.3330078125
0 0.814453125 0.7841796875 0.080078125 0.2734375
0 0.9228515625 0.8125 0.095703125 0.3671875
0 0.984375 0.798828125 0.03125 0.3154296875
0 0.9755859375 0.1162109375 0.048828125 0.232421875
0 0.8251953125 0.1064453125 0.0810546875 0.2119140625
0 0.7431640625 0.11328125 0.072265625 0.2265625
0 0.580078125 0.103515625 0.0732421875 0.2060546875
0 0.4873046875 0.109375 0.0751953125 0.2177734375
0 0.3486328125 0.0947265625 0.064453125 0.1884765625
0 0.2744140625 0.09765625 0.072265625 0.1953125
0 0.1943359375 0.080078125 0.103515625 0.1572265625
0 0.0703125 0.2763671875 0.138671875 0.267578125