0 0.23832465277777776 0.9183521412037037 0.06584201388888888 0.152242476851852
0 0.3066189236111111 0.9133969907407407 0.06401909722222221 0.15804398148148158
0 0.10824652777777777 0.605591724537037 0.0881076388888889 0.2758680555555555
0 0.21664496527777777 0.6023799189814815 0.0825086805555556 0.28741319444444446
0 0.3779513888888889 0.605418113425926 0.0884114583333333 0.2895399305555557
0 0.4467881944444444 0.624877025462963 0.08127170138888884 0.27566550925925926
0 0.4381293402777778 0.8948423032407408 0.07052951388888884 0.1875144675925926
0 0.23478732638888888 0.015690104166666666 0.08285590277777777 0.03138020833333333
0 0.36408420138888886 0.03134403935185185 0.08168402777777772 0.0626880787037037
0 0.4669921875 0.046455439814814814 0.08632812499999998 0.09291087962962963
0 0.5533420138888889 0.06370804398148149 0.08324652777777786 0.12741608796296297
0 0.6188585069444444 0.06656539351851852 0.07267795138888888 0.13313078703703704
0 0.535195619140625 0.825203443359375 0.523732109375 0.962843759765625 0.5707246875 0.968492447265625 0.58314267578125 0.814394708984375 0.535195619140625 0.825203443359375
0 0.60127450390625 0.798601841796875 0.582945591796875 0.9540482265625 0.63209958984375 0.967847439453125 0.652910796875 0.805286447265625 0.60127450390625 0.798601841796875
0 0.570065021484375 0.493240482421875 0.547336712890625 0.7180543046875 0.6048839296875 0.72339026171875 0.627534056640625 0.4950582265625 0.570065021484375 0.493240482421875
0 0.71155094140625 0.77069068359375 0.683457359375 0.93229394140625 0.73385250390625 0.9425358515625 0.765114107421875 0.77497117578125 0.71155094140625 0.77069068359375
1 0.125814416015625 0.88300813671875 0.1404700234375 0.99324143359375 0.208754431640625 0.990133216796875 0.203102716796875 0.873123279296875 0.125814416015625 0.88300813671875
1 0.256582431640625 0.505901830078125 0.2626603203125 0.669553099609375 0.3381189296875 0.659722458984375 0.3384050546875 0.507817357421875 0.256582431640625 0.505901830078125
1 0.34360348828125 0.851600681640625 0.343766126953125 0.968773255859375 0.4061759453125 0.948479486328125 0.410523533203125 0.842023033203125 0.34360348828125 0.851600681640625
1 0.472074974609375 0.8380293359375 0.467606912109375 0.9390644765625 0.525378498046875 0.929757896484375 0.532823763671875 0.825379611328125 0.472074974609375 0.8380293359375
1 0.4910962421875 0.513057958984375 0.482447748046875 0.645681265625 0.54636649609375 0.638362498046875 0.560086927734375 0.51426871875 0.4910962421875 0.513057958984375
1 0.62735787890625 0.503581251953125 0.61324823828125 0.630392583984375 0.669658953125 0.62972427734375 0.690104982421875 0.50874392578125 0.62735787890625 0.503581251953125
1 0.690149537109375 0.510748849609375 0.671350607421875 0.629674154296875 0.72500873046875 0.632096767578125 0.74818507421875 0.50702303515625 0.690149537109375 0.510748849609375
1 0.75039605859375 0.50495128125 0.728369759765625 0.630994060546875 0.7829774375 0.625363572265625 0.81021235546875 0.505185189453125 0.75039605859375 0.50495128125
1 0.8078677109375 0.50124217578125 0.784579982421875 0.621303603515625 0.833660201171875 0.620852494140625 0.860961951171875 0.503681498046875 0.8078677109375 0.50124217578125
1 0.863106103515625 0.498602361328125 0.83591573828125 0.6207856640625 0.8849736796875 0.619332095703125 0.917847443359375 0.498986638671875 0.863106103515625 0.498602361328125
1 0.9167642265625 0.501024974609375 0.884929125 0.617327173828125 0.935048005859375 0.612832806640625 0.967513822265625 0.499521283203125 0.9167642265625 0.501024974609375
1 0.6476855625 0.80893091015625 0.63757462890625 0.912551974609375 0.678649080078125 0.90732246875 0.70062386328125 0.804353005859375 0.6476855625 0.80893091015625
1 0.758570294921875 0.796617345703125 0.74325073828125 0.894374013671875 0.775303041015625 0.889411830078125 0.7979085390625 0.78943304296875 0.758570294921875 0.796617345703125
1 0.799466529296875 0.783368150390625 0.77803335546875 0.885318447265625 0.818633029296875 0.884115494140625 0.84457728125 0.78203153515625 0.799466529296875 0.783368150390625
1 1 0.5010070390625 0.9663415 0.49754977734375 0.9351148359375 0.615840189453125 0.978489380859375 0.612548775390625 1 0.541344091796875 1 0.5010070390625
1 1 0.7535889921875 0.994599765625 0.753511517578125 0.96978328125 0.855562060546875 0.98318284765625 0.84914630859375 1 0.802318505859375 1 0.7535889921875
1 1 0.802597322265625 0.985890884765625 0.84405046484375 1 0.84448210546875 1 0.802597322265625
1 1 0.549288642578125 0.981872685546875 0.612448529296875 1 0.611911423828125 1 0.549288642578125
0 0.85241846484375 0.76617837890625 0.824749859375 0.910196044921875 0.8749361015625 0.9112814609375 0.901678771484375 0.76900617578125 0.85241846484375 0.76617837890625
0 0.903917443359375 0.761222595703125 0.876736798828125 0.883788998046875 0.9177838828125 0.88600267578125 0.945446537109375 0.763421990234375 0.903917443359375 0.761222595703125
0 0.95494036328125 0.734844111328125 0.916356890625 0.8869024296875 0.96046741796875 0.896742587890625 0.9967170078125 0.748183310546875 0.95494036328125 0.734844111328125
0 1 0.1191355234375 0.98364796875 0.181781427734375 1 0.19245632421875 1 0.1191355234375