1 0.20647321484375 0.998015873046875 0.2120535703125 0.952380953125 0.10491071484375 0.966269841796875 0.099330357421875 1 0.20647321484375 0.998015873046875
1 0.3203125 0.494047619140625 0.333705357421875 0.34722222265625 0.26897321484375 0.33928571484375 0.2488839296875 0.4920634921875 0.3203125 0.494047619140625
1 0.5636160703125 0.47222222265625 0.55915178515625 0.34722222265625 0.4910714296875 0.34722222265625 0.48772321484375 0.48809523828125 0.5636160703125 0.47222222265625
1 0.799107142578125 0.48015873046875 0.77790178515625 0.33928571484375 0.705357142578125 0.335317458984375 0.7198660703125 0.48015873046875 0.799107142578125 0.48015873046875
1 0.9520089296875 0.466269841796875 0.919642857421875 0.329365080078125 0.86272321484375 0.33928571484375 0.87834821484375 0.4761904765625 0.9520089296875 0.466269841796875
1 1 0.369047619140625 0.98883928515625 0.327380953125 0.9296875 0.329365080078125 0.955357142578125 0.470238095703125 1 0.462301587890625 1 0.369047619140625
1 0.94866071484375 0.140873015625 0.9229910703125 0.03571428515625 0.872767857421875 0.03174603125 0.8895089296875 0.140873015625 0.94866071484375 0.140873015625
1 0.75446428515625 0.138888888671875 0.73883928515625 0.033730158203125 0.68303571484375 0.04365079296875 0.6941964296875 0.146825396484375 0.75446428515625 0.138888888671875
1 0.6238839296875 0.1488095234375 0.6160714296875 0.033730158203125 0.55803571484375 0.039682541015625 0.5625 0.15277777734375 0.6238839296875 0.1488095234375
1 0.4296875 0.154761904296875 0.4363839296875 0.033730158203125 0.3738839296875 0.039682541015625 0.36272321484375 0.15674603125 0.4296875 0.154761904296875
0 0 0.498015873046875 0.03459821484375 0.53571428515625 0.122767857421875 0.369047619140625 0.068080357421875 0.291666666015625 0 0.432539681640625 0 0.498015873046875
0 0.166294642578125 0.138888888671875 0.08928571484375 0.29365079296875 0.1160714296875 0.33928571484375 0.146205357421875 0.309523810546875 0.1640625 0.317460318359375 0.228794642578125 0.202380953125 0.166294642578125 0.138888888671875
0 0.15959821484375 0.545634919921875 0.1941964296875 0.3214285703125 0.1261160703125 0.317460318359375 0.08928571484375 0.545634919921875 0.15959821484375 0.545634919921875
0 0.244419642578125 0.51190476171875 0.265625 0.28571428515625 0.2042410703125 0.267857142578125 0.174107142578125 0.521825396484375 0.244419642578125 0.51190476171875
0 0.3917410703125 0.529761904296875 0.40625 0.289682541015625 0.341517857421875 0.287698412109375 0.3203125 0.533730158203125 0.3917410703125 0.529761904296875
0 0.7176339296875 0.48809523828125 0.6941964296875 0.240079365234375 0.63616071484375 0.265873015625 0.6473214296875 0.48809523828125 0.7176339296875 0.48809523828125
0 0.810267857421875 0.505952380859375 0.8761160703125 0.505952380859375 0.84375 0.25 0.7745535703125 0.26190476171875 0.779017857421875 0.291666666015625 0.810267857421875 0.505952380859375
0 0.9285714296875 0 0.96540178515625 0.1944444453125 1 0.192460318359375 1 0 0.9285714296875 0
0 0.8136160703125 0 0.83258928515625 0.166666666015625 0.8895089296875 0.1488095234375 0.8671875 0 0.8136160703125 0
0 0.7421875 0 0.76227678515625 0.158730158203125 0.8125 0.138888888671875 0.7957589296875 0 0.7421875 0
0 0.625 0 0.6316964296875 0.188492064453125 0.6953125 0.17658730078125 0.677455357421875 0 0.625 0
0 0.462890625 0.1015625 0.0546875 0.2021484375
0 0.5244140625 0.091796875 0.052734375 0.18359375
0 0.4462890625 0.4013671875 0.0693359375 0.255859375
0 0.6015625 0.3779296875 0.076171875 0.248046875
0 0.04296875 0.95703125 0.0830078125 0.0859375
0 0.2685546875 0.9716796875 0.076171875 0.056640625
0 0.375 0.9775390625 0.0751953125 0.044921875
0 0.4853515625 0.9755859375 0.0673828125 0.048828125
0 0.6064453125 0.97265625 0.080078125 0.0546875
0 0.7099609375 0.9716796875 0.0830078125 0.0537109375
0 0.806640625 0.951171875 0.0927734375 0.09765625
0 0.8837890625 0.94921875 0.0654296875 0.1015625