0 0.9791252265625 0.37978826171875 0.984759775390625 0.295270021484375 0.940894171875 0.15048347265625 0.868100681640625 0.164177083984375 0.9126026015625 0.386523669921875 0.9791252265625 0.37978826171875
0 0.76950114453125 0.112961806640625 0.798470712890625 0.3375849453125 0.85339658984375 0.34236372265625 0.8752811328125 0.2589287734375 0.842345021484375 0.112636818359375 0.76950114453125 0.112961806640625
0 0.703575216796875 0.160184029296875 0.712940580078125 0.29278706640625 0.776542283203125 0.29926123828125 0.79581046484375 0.2268221328125 0.772631216796875 0.122510568359375 0.703575216796875 0.160184029296875
1 0.8855030625 0.6235165 0.85352042578125 0.481756185546875 0.7954270703125 0.477406251953125 0.821604802734375 0.621490673828125 0.8855030625 0.6235165
1 0.819655646484375 0.62247773828125 0.793520435546875 0.477756185546875 0.7329270703125 0.473239583984375 0.75410478515625 0.616990673828125 0.819655646484375 0.62247773828125
1 0.75263238671875 0.620243580078125 0.72914541796875 0.47346451953125 0.668175912109375 0.467527779296875 0.68443323828125 0.616813978515625 0.75263238671875 0.620243580078125
1 0.679729775390625 0.61203233984375 0.666168677734375 0.46703203125 0.601769662109375 0.4631006953125 0.613776341796875 0.603167326171875 0.679729775390625 0.61203233984375
1 0.654561265625 0.283309986328125 0.643331189453125 0.17867800390625 0.590149291015625 0.16657291796875 0.595482818359375 0.274903349609375 0.654561265625 0.283309986328125
0 0.6341145833333334 0.9985026041666667 0.08515625000000004 0.0029947916666666075
0 0.3619791666666667 0.9994791666666667 0.06822916666666667 0.0010416666666666075
0 0.5041015625 0.2072265625 0.07343749999999982 0.18281250000000004
0 0.43912760416666663 0.19602864583333335 0.0668619791666667 0.15709635416666667
0 0.37037760416666665 0.1826171875 0.06601562499999991 0.17356770833333335
1 0.589818412109375 0.2798279140625 0.58333403515625 0.1699271875 0.5325219765625 0.15994097265625 0.53371669140625 0.273853740234375 0.589818412109375 0.2798279140625
1 0.610611943359375 0.60825855859375 0.5990741171875 0.461159123046875 0.532898267578125 0.455630369140625 0.539584349609375 0.6001723203125 0.610611943359375 0.60825855859375
1 0.53421363671875 0.6053993984375 0.530101701171875 0.45991202734375 0.4626145703125 0.455218751953125 0.462561052734375 0.5972714921875 0.53421363671875 0.6053993984375
1 0.459361916015625 0.598175224609375 0.4607267109375 0.45528702734375 0.3907395703125 0.450427083984375 0.38373692578125 0.59313355859375 0.459361916015625 0.598175224609375
1 0.38061192578125 0.592925224609375 0.388078396484375 0.452677865234375 0.31592475390625 0.4426493046875 0.302338646484375 0.58994106640625 0.38061192578125 0.592925224609375
1 0.301713630859375 0.5898993984375 0.312898240234375 0.440963701171875 0.236515033203125 0.433170138671875 0.215866234375 0.5875273046875 0.301713630859375 0.5898993984375
1 0.3356020390625 0.241656708984375 0.346765935546875 0.130698455078125 0.28294179296875 0.127560541015625 0.268875310546875 0.234974201171875 0.3356020390625 0.241656708984375
1 0.266838064453125 0.232575060546875 0.281455375 0.126315150390625 0.21767346484375 0.11312683203125 0.198458759765625 0.222431314453125 0.266838064453125 0.232575060546875
1 0.2144458359375 0.5852912734375 0.23452875390625 0.434714716796875 0.156324060546875 0.423638890625 0.12882085546875 0.57958294140625 0.2144458359375 0.5852912734375
1 0.12514498046875 0.57822083203125 0.152251142578125 0.4258784765625 0.072319431640625 0.412458333984375 0.0386725703125 0.5758070703125 0.12514498046875 0.57822083203125
1 0.121657880859375 0.216194228515625 0.14359503515625 0.10372015234375 0.076613412109375 0.089090279296875 0.050079435546875 0.206954236328125 0.121657880859375 0.216194228515625
0 0.18795105078125 0.255275693359375 0.209897771484375 0.057908357421875 0.150342611328125 0.047235880859375 0.115821755859375 0.244881951171875 0.18795105078125 0.255275693359375
0 0 0.210351884765625 0.043226078125 0.213233623046875 0.079198623046875 0.050312111328125 0.018557857421875 0.0182569453125 0 0.083649634765625 0 0.210351884765625
1 0 0.5746949765625 0.03713197265625 0.5777286796875 0.069831240234375 0.41682299609375 0 0.409496732421875 0 0.5746949765625