1 0.7134331597222222 0.299486400462963 0.08083767361111116 0.2847005208333333
1 0.6002604166666667 0.9098668981481481 0.06300636574074092 0.1722945601851853
1 0.3647280092592593 0.9067274305555555 0.07703993055555558 0.1821614583333333
1 0.11353443287037038 0.9027271412037037 0.08174189814814814 0.1773148148148147
0 0.9344708478009259 0.7158854166666666 0.13105830439814814 0.2705222800925924
0 0.830150462962963 0.9189091435185185 0.09639033564814836 0.15106336805555554
0 0.7475405092592593 0.9038917824074074 0.08289930555555558 0.18220486111111112
0 0.6772641782407407 0.9053891782407407 0.07892071759259256 0.1802228009259259
0 0.5383029513888888 0.8986038773148148 0.07559317129629628 0.1958188657407407
0 0.4416232638888889 0.8993200231481482 0.07848668981481477 0.1948640046296295
0 0.2831669560185185 0.8936559606481481 0.08977141203703698 0.20959201388888893
0 0.1950954861111111 0.8894241898148147 0.08130787037037035 0.21831597222222232
0 0.05081741898148149 0.8973307291666667 0.042715567129629636 0.20436197916666665
0 0.8184678819444444 0.3133608217592593 0.13104021990740744 0.3221715856481482
0 0.6125578703703705 0.2660445601851852 0.09418402777777768 0.27601273148148153
0 0.5148292824074074 0.23844039351851853 0.09975405092592604 0.29460358796296293
0 0.41196469907407407 0.23041087962962964 0.09233940972222221 0.3316478587962963
0 0.28291377314814814 0.20108506944444443 0.10434751157407407 0.33954716435185184
0 0.1788917824074074 0.24092881944444444 0.1044921875 0.29073350694444444
0 0.06709346064814814 0.20285915798611112 0.12243200231481483 0.40571831597222224