1 0.7943721064814815 0.3154224537037037 0.08317418981481484 0.2867332175925926
1 0.6650824652777778 0.9238353587962963 0.0713614004629628 0.1421223958333333
1 0.4316695601851852 0.9236111111111112 0.07725694444444442 0.14704861111111112
1 0.1875289351851852 0.9254195601851851 0.08506944444444442 0.1471064814814813
1 0.03415798611111111 0.9197193287037038 0.05587384259259259 0.16056134259259247
0 0.9770688657407407 0.7847728587962963 0.0458622685185186 0.25623553240740726
0 0.9092809606481482 0.9298394097222222 0.0985966435185186 0.12767650462962954
0 0.8241753472222222 0.9109375 0.08130787037037024 0.1666087962962961
0 0.7432002314814815 0.9222800925925926 0.07138310185185182 0.1450520833333333
0 0.5995442708333334 0.9096715856481481 0.06865596064814827 0.1723741319444443
0 0.5116536458333334 0.9103226273148148 0.07353877314814827 0.1724103009259259
0 0.34662181712962964 0.9125217013888889 0.08133680555555556 0.17051504629629632
0 0.2665870949074074 0.9189742476851852 0.07343750000000004 0.1587384259259259
0 0.10147569444444444 0.9104311342592593 0.08139467592592595 0.17832754629629632
0 0.9086443865740741 0.316529224537037 0.1371744791666667 0.3261935763888889
0 0.6896701388888888 0.2878761574074074 0.09281684027777759 0.27020399305555554
0 0.5869357638888888 0.2622685185185185 0.09401765046296306 0.30048466435185184
0 0.47939814814814813 0.2474392361111111 0.08236400462962956 0.30918692129629627
0 0.3612268518518519 0.24733796296296295 0.09633969907407414 0.35030381944444444
0 0.25800781250000004 0.28814380787037036 0.08797743055555562 0.27602719907407414
0 0.15627893518518518 0.26643518518518516 0.11495949074074074 0.35923032407407407
0 0.08693576388888888 0.2659722222222222 0.0788845486111111 0.3667751736111111