1 0.783467681640625 0.975908228515625 0.766459208984375 0.841237375 0.670933640625 0.850734021484375 0.67989837109375 0.97846058984375 0.783467681640625 0.975908228515625
1 0.64166533984375 0.419627259765625 0.628991912109375 0.265983537109375 0.56245662109375 0.2715577421875 0.569658931640625 0.421760783203125 0.64166533984375 0.419627259765625
1 0.410246517578125 0.4327889921875 0.410543673828125 0.28596653515625 0.3379767578125 0.289918060546875 0.334183408203125 0.43504271484375 0.410246517578125 0.4327889921875
1 0.468383978515625 0 0.470278150390625 0.08244044140625 0.53614608984375 0.08229019140625 0.5309260234375 0 0.468383978515625 0
1 0.2769526953125 0 0.271846716796875 0.09372407421875 0.337714658203125 0.09357382421875 0.34231533984375 0 0.2769526953125 0
1 0.14433816796875 0 0.128394408203125 0.0961731171875 0.20005399609375 0.088645685546875 0.21025283203125 0 0.14433816796875 0
1 0.166711015625 0.444508345703125 0.18424914453125 0.297175044921875 0.10049959375 0.30235860546875 0.081013248046875 0.4470475390625 0.166711015625 0.444508345703125
1 0 0.4358624765625 0.0182713046875 0.307497091796875 0 0.30923708203125 0 0.4358624765625
0 0.033203125 0.05856481481481481 0.06640625 0.11712962962962963
0 0.10583043981481483 0.05258969907407408 0.06665943287037035 0.10517939814814815
0 0.23714554398148147 0.06829427083333334 0.07844328703703707 0.13658854166666667
0 0.3752170138888889 0.05341435185185185 0.05815972222222221 0.1068287037037037
0 0.4434027777777778 0.058275462962962966 0.060460069444444375 0.11655092592592593
0 0.29174623842592595 0.32894965277777777 0.08064959490740731 0.25217013888888884
0 0.2187355324074074 0.32330729166666666 0.08863570601851856 0.2582609953703704
0 0.4474754050925926 0.3418981481481481 0.07091290509259263 0.252857349537037
0 0.5372902199074074 0.34021267361111107 0.07570891203703711 0.250072337962963
0 0.6686704282407407 0.3187572337962963 0.07837818287037046 0.24137008101851853
0 0.79758657421875 0.201542119140625 0.719338607421875 0.05524553125 0.66721378125 0.121640169921875 0.72616655078125 0.235182673828125 0.739884619140625 0.233875513671875 0.75755212890625 0.253167373046875 0.79758657421875 0.201542119140625
0 0.7911755703125 0.4350126640625 0.76243686328125 0.225101025390625 0.700705337890625 0.239539869140625 0.72034318359375 0.448820466796875 0.7911755703125 0.4350126640625
0 0.886589802734375 0.361030494140625 0.813119306640625 0.207386771484375 0.761688125 0.284569228515625 0.84151077734375 0.429017767578125 0.886589802734375 0.361030494140625
0 0.984681185546875 0.487380359375 0.930358826171875 0.3910383046875 0.874854671875 0.4749252578125 0.978981162109375 0.67975616796875 0.984681185546875 0.487380359375
0 0.90481923828125 0.972312626953125 0.87377906640625 0.79191373046875 0.777779564453125 0.803998876953125 0.7982019375 0.9743470390625 0.90481923828125 0.972312626953125
0 0.670708052734375 0.97924925390625 0.65105722265625 0.853033126953125 0.576360447265625 0.865411154296875 0.582786296875 0.98185434375 0.670708052734375 0.97924925390625
0 0.5176287615740741 0.9379267939814815 0.08279803240740735 0.0941695601851853
0 0.40716145833333334 0.9451027199074074 0.0766782407407407 0.08520688657407405
0 0.2862413194444444 0.9428313078703704 0.08584346064814818 0.0981626157407407
0 0.1777560763888889 0.948972800925926 0.09152922453703705 0.09247685185185173
0 0.07461660879629631 0.9393446180555556 0.10302372685185185 0.11818576388888902
0 0.015212673611111113 0.9415436921296296 0.030425347222222225 0.11691261574074074
0 0 0.46989473046875 0.069723673828125 0.4715500546875 0.10869579296875 0.23232773828125 0.029681103515625 0.22081312890625 0 0.46112516015625 0 0.46989473046875