1 0.853387916015625 0.106352880859375 0.81784336328125 0.10590277734375 0.82519790234375 0.194765947265625 0.878925896484375 0.196952162109375 0.853387916015625 0.106352880859375
1 0.67822359375 0.1069958828125 0.622690900390625 0.109567900390625 0.629816814453125 0.21386316796875 0.694898119140625 0.21058384765625 0.67822359375 0.1069958828125
1 0.5593685703125 0.11117541015625 0.4969828828125 0.1080889921875 0.501207419921875 0.232638888671875 0.56462119921875 0.2248585390625 0.5593685703125 0.11117541015625
1 0.489992712890625 0.111689814453125 0.441427326171875 0.11220421875 0.437862224609375 0.235789607421875 0.502052611328125 0.234117798828125 0.489992712890625 0.111689814453125
1 0.246252 0.11741255078125 0.18733853515625 0.1140689296875 0.1584811875 0.2599338359375 0.22511488671875 0.25848099609375 0.241888861328125 0.119277263671875 0.246252 0.11741255078125
1 0.135063759765625 0.420078341796875 0.058720595703125 0.422650361328125 0.017919841796875 0.60140550390625 0.101961193359375 0.605970833984375 0.135063759765625 0.420078341796875
1 0.213211623046875 0.41274809765625 0.14116301171875 0.41808503125 0.10191546875 0.609057251953125 0.1886524375 0.607256841796875 0.213211623046875 0.41274809765625
1 0.2912908984375 0.41004748046875 0.21492487109375 0.414162705078125 0.186025408203125 0.608992953125 0.2736075703125 0.60867144921875 0.2912908984375 0.41004748046875
1 0.36939303515625 0.40580365234375 0.289554787109375 0.410176080078125 0.27271665234375 0.6102789609375 0.357694646484375 0.610150361328125 0.36939303515625 0.40580365234375
1 0.445781923828125 0.40014521484375 0.367656923828125 0.405932251953125 0.35511334375 0.60880005078125 0.443700734375 0.599154990234375 0.445781923828125 0.40014521484375
1 0.51527209375 0.39191476171875 0.444936732421875 0.398666306640625 0.442078935546875 0.591567541015625 0.519404466796875 0.58121517578125 0.51527209375 0.39191476171875
1 0.586544099609375 0.380469291015625 0.514472625 0.38734943359375 0.5228081015625 0.585587603515625 0.598443248046875 0.572277416015625 0.586544099609375 0.380469291015625
1 0.656084962890625 0.372235080078125 0.582300240234375 0.377700615234375 0.59849394140625 0.572273662109375 0.67408336328125 0.562049896484375 0.656084962890625 0.372235080078125
1 0.729047353515625 0.363747427734375 0.65167609765625 0.377186212890625 0.674129087890625 0.558963478515625 0.74978709375 0.54411008203125 0.729047353515625 0.363747427734375
1 0.79604766796875 0.347993826171875 0.729115939453125 0.359117798828125 0.749741369140625 0.5471965 0.82626743359375 0.532278806640625 0.79604766796875 0.347993826171875
1 0.928905892578125 0.3350694453125 0.8766625234375 0.349729939453125 0.904049498046875 0.549639916015625 0.9754815390625 0.5273919765625 0.928905892578125 0.3350694453125
1 0.055531263671875 0.114583333984375 0.021378458984375 0.254308126953125 0.090640001953125 0.2615097734375 0.11880787109375 0.1160622421875 0.055531263671875 0.114583333984375
1 0.1820844765625 0.11754115234375 0.119721650390625 0.1129115234375 0.089680498046875 0.267746912109375 0.159033494140625 0.268775720703125 0.1820844765625 0.11754115234375
0 0 0.22127589453125 0.010345220703125 0.238168724609375 0.048015974609375 0.09510030859375 0.010461677734375 0.0547196484375 0 0.11202095703125 0 0.22127589453125
0 0.30046010546875 0.087191359375 0.256257859375 0.085841048828125 0.23133358984375 0.2464634765625 0.2894933125 0.242155349609375 0.30046010546875 0.087191359375
0 0.34089988425925927 0.16691984953703703 0.05592447916666665 0.15339265046296297
0 0.411255787037037 0.15878182870370372 0.046346932870370394 0.16536458333333337
0 0.6026041666666666 0.14850983796296297 0.05732060185185173 0.18178530092592593
0 0.719849537037037 0.13592303240740738 0.06673900462962967 0.15907118055555558
0 0.827025462890625 0.188464505859375 0.80379515234375 0.05915637890625 0.754749658203125 0.092078189453125 0.77722622265625 0.213734568359375 0.827025462890625 0.188464505859375
0 0.920183185546875 0.045910494140625 0.867939814453125 0.06057098828125 0.90432741796875 0.2382330234375 0.953998923828125 0.219138490234375 0.920183185546875 0.045910494140625
0 0.991063671875 0.295010287109375 0.94190386328125 0.3356481484375 0.979798953125 0.52861368359375 0.991358025390625 0.509259259765625 0.991063671875 0.295010287109375
0 0.905100451171875 0.5372299375 0.871911435546875 0.31925154296875 0.838102994140625 0.31867283984375 0.8030378359375 0.34439300390625 0.83803155078125 0.557613169921875 0.905100451171875 0.5372299375