0 0.16529947916666668 0.9724175347222221 0.06842447916666666 0.04637586805555571
0 0.23652343750000002 0.9718098958333333 0.06341145833333334 0.04431423611111107
0 0.37532552083333337 0.9521484375 0.06660156250000004 0.07753906250000009
0 0.49173177083333336 0.9612630208333333 0.06015625000000002 0.05399305555555545
0 0.5592447916666667 0.9578125 0.062369791666666785 0.05794270833333348
0 0.6677083333333333 0.9398003472222223 0.078125 0.08949652777777795
0 0.0716796875 0.7092664930555556 0.11699218750000001 0.26295572916666665
0 0.17669270833333334 0.7137586805555556 0.09407552083333337 0.28487413194444455
0 0.339453125 0.715017361111111 0.0942057291666667 0.28682725694444455
0 0.4002604166666667 0.7243923611111112 0.0961588541666667 0.28687065972222214
0 0.5423078203125 0.584489978515625 0.495275431640625 0.82672149609375 0.55069476953125 0.8392160078125 0.598119912109375 0.59109316796875 0.5423078203125 0.584489978515625
0 0.833600955078125 0.979994052734375 0.858139947265625 0.8931706953125 0.80258969140625 0.882639958984375 0.776160568359375 0.981270505859375 0.833600955078125 0.979994052734375
0 0.875576625 0.979061259765625 0.894592501953125 0.892360638671875 0.8561925390625 0.889292244140625 0.832496333984375 0.980018599609375 0.875576625 0.979061259765625
0 0.92970314453125 0.97785844921875 0.940533837890625 0.869770208984375 0.90526233984375 0.864671427734375 0.876681248046875 0.979036712890625 0.92970314453125 0.97785844921875
0 0.0361328125 0.044921875 0.072265625 0.08984375
0 0.14453125 0.05715603298611111 0.08977864583333334 0.11431206597222222
0 0.265625 0.07049696180555555 0.10052083333333328 0.1409939236111111
0 0.38444010416666663 0.08871527777777778 0.10703124999999991 0.17743055555555556
0 0.4832682291666667 0.09959852430555556 0.11354166666666665 0.19919704861111112
0 0.57421875 0.12591688368055556 0.1181640625 0.2518337673611111
0 0.636328125 0.13099500868055555 0.10332031249999996 0.2619900173611111
1 0.337625296875 0.991015734375 0.34582405078125 0.9673031640625 0.272657107421875 0.972850826171875 0.27134792578125 0.992488564453125 0.337625296875 0.991015734375
1 0.223448205078125 0.619027853515625 0.215183990234375 0.77608067578125 0.2879581796875 0.7764243359375 0.306744951171875 0.626981138671875 0.223448205078125 0.619027853515625
1 0.454895330078125 0.62172804296875 0.436632232421875 0.76331614453125 0.49972665234375 0.759953181640625 0.527538603515625 0.6240354765625 0.454895330078125 0.62172804296875
1 0.5929731875 0.618659646484375 0.567239564453125 0.756492029296875 0.6270201171875 0.753202708984375 0.655413015625 0.625115552734375 0.5929731875 0.618659646484375
1 0.65749134375 0.627030232421875 0.62922936328125 0.753153615234375 0.687643455078125 0.75381638671875 0.718245599609375 0.62568013671875 0.65749134375 0.627030232421875
1 0.719742978515625 0.619764267578125 0.68459142578125 0.749962482421875 0.741058107421875 0.74674680078125 0.780628154296875 0.616450400390625 0.719742978515625 0.619764267578125
1 0.461405990234375 0.988265052734375 0.46731769140625 0.949271412109375 0.408466041015625 0.95764509375 0.40302609765625 0.9895623828125 0.461405990234375 0.988265052734375
1 0.624604322265625 0.984638421875 0.642231314453125 0.928897419921875 0.589743466796875 0.9312414609375 0.577502365234375 0.9856851328125 0.624604322265625 0.984638421875
1 0.724115501953125 0.9824270625 0.744361724609375 0.917206701171875 0.70373659375 0.92046476953125 0.688954884765625 0.98320841015625 0.724115501953125 0.9824270625
1 0.769227236328125 0.981424580078125 0.793026376953125 0.912592330078125 0.745103759765625 0.91601256640625 0.726105724609375 0.9823828359375 0.769227236328125 0.981424580078125
1 0.7786132265625 0.6220344296875 0.742572982421875 0.7453103515625 0.795645611328125 0.744130958984375 0.834182234375 0.6231548515625 0.7786132265625 0.6220344296875
1 0.836722841796875 0.6148548828125 0.80036808984375 0.74284837109375 0.8491113671875 0.737054611328125 0.890065748046875 0.61955770703125 0.836722841796875 0.6148548828125
1 0.88940233984375 0.61957244921875 0.849932029296875 0.7346810859375 0.896798109375 0.737172548828125 0.941811560546875 0.61840780078125 0.88940233984375 0.61957244921875
1 0.93884342578125 0.6231843359375 0.89706838671875 0.743054765625 0.941752591796875 0.738528849609375 0.950552453125 0.719490984375 0.956092029296875 0.62280103515625 0.93884342578125 0.6231843359375