0 0.782174908203125 0.58242226953125 0.73849323828125 0.302131552734375 0.66478041796875 0.31305196875 0.70368440625 0.621250419921875 0.782174908203125 0.58242226953125
0 0.59243265234375 0.630957458984375 0.57059181640625 0.38585475390625 0.503021734375 0.396775169921875 0.52418004296875 0.652798294921875 0.59243265234375 0.630957458984375
0 0.5050693125 0.652798294921875 0.4811808984375 0.371294197265625 0.415658392578125 0.37372095703125 0.43408659765625 0.6758525078125 0.5050693125 0.652798294921875
0 0.4067855546875 0.71225390234375 0.3808495625 0.389494892578125 0.3009940078125 0.400415310546875 0.33102515625 0.737734875 0.4067855546875 0.71225390234375
0 0.302359060546875 0.729241216796875 0.29143864453125 0.434389943359375 0.2163607734375 0.446523740234375 0.219090876953125 0.747441912109375 0.302359060546875 0.729241216796875
0 0.19929762109375 0.76200246875 0.1945199375 0.45623077734375 0.110569228515625 0.45623077734375 0.118077015625 0.77898978515625 0.19929762109375 0.76200246875
1 0.681161044921875 0.584849029296875 0.6572726328125 0.3688674375 0.574686974609375 0.37978785546875 0.5951627578125 0.603049724609375 0.681161044921875 0.584849029296875
1 0.837459521484375 0.4307498046875 0.821761421875 0.325185767578125 0.74258839453125 0.337319564453125 0.763746703125 0.45623077734375 0.837459521484375 0.4307498046875
1 0.9159500234375 0.40769558984375 0.900251921875 0.30577169140625 0.824491525390625 0.3227590078125 0.83882457421875 0.4307498046875 0.9159500234375 0.40769558984375
1 1 0.434389943359375 0.973964740234375 0.292424515625 0.9022995 0.308198451171875 0.94529864453125 0.526606802734375 1 0.508406107421875 1 0.434389943359375
1 0.9780598984375 0.285144236328125 1 0.42589628515625 0.997853154296875 0.2827174765625 0.9780598984375 0.285144236328125