1 0.205078125 0.6787109375 0.0859375 0.26953125
1 0.3369140625 0.0634765625 0.072265625 0.126953125
1 0.5791015625 0.0634765625 0.072265625 0.126953125
1 0.8203125 0.0712890625 0.0810546875 0.1416015625
1 0.970703125 0.08203125 0.0576171875 0.1640625
0 0.025390625 0.201171875 0.0498046875 0.203125
0 0.1005859375 0.0615234375 0.1015625 0.1220703125
0 0.1826171875 0.080078125 0.076171875 0.16015625
0 0.2607421875 0.06640625 0.072265625 0.1328125
0 0.4072265625 0.0791015625 0.0703125 0.158203125
0 0.49609375 0.076171875 0.076171875 0.15234375
0 0.662109375 0.0791015625 0.076171875 0.158203125
0 0.7421875 0.0732421875 0.0703125 0.146484375
0 0.904296875 0.0849609375 0.080078125 0.169921875
0 0.0947265625 0.6708984375 0.1142578125 0.341796875
0 0.3134765625 0.6943359375 0.0859375 0.2724609375
0 0.4140625 0.7275390625 0.078125 0.3115234375
0 0.517578125 0.7392578125 0.083984375 0.31640625
0 0.6416015625 0.7373046875 0.0888671875 0.330078125
0 0.7412109375 0.716796875 0.0859375 0.2724609375
0 0.8466796875 0.732421875 0.109375 0.341796875
0 0.916015625 0.7275390625 0.083984375 0.3388671875