1 0.90635159375 0.371064814453125 0.889583333984375 0.53712962890625 0.967379115234375 0.529259259765625 0.993769291015625 0.367083333984375 0.90635159375 0.371064814453125
1 0.8237860078125 0.377685185546875 0.813390560546875 0.5324305546875 0.888308255859375 0.528819443359375 0.90544753125 0.38222222265625 0.8237860078125 0.377685185546875
1 0.7394110078125 0.380185185546875 0.735430169921875 0.5375231484375 0.810430169921875 0.53530092578125 0.820907921875 0.381944443359375 0.7394110078125 0.380185185546875
1 0.6545839765625 0.388263890625 0.659936341796875 0.531412037109375 0.733086419921875 0.53759259375 0.73826003125 0.38717592578125 0.6545839765625 0.388263890625
1 0.8075610859375 0.724606482421875 0.802139275390625 0.844421294921875 0.862295525390625 0.842638888671875 0.875324716796875 0.732337962890625 0.8075610859375 0.724606482421875
1 0.874049640625 0.72402777734375 0.862747556640625 0.837060185546875 0.929565330078125 0.842037037109375 0.945719521484375 0.73164351953125 0.874049640625 0.72402777734375
1 0.5733339765625 0.390671296875 0.583825875 0.528101853515625 0.656112396484375 0.532916666015625 0.651376671875 0.386967591796875 0.5733339765625 0.390671296875
1 0.497470421875 0.39152777734375 0.510799896484375 0.53722222265625 0.583456146484375 0.535069443359375 0.5723881171875 0.387916666015625 0.497470421875 0.39152777734375
1 0.5383995625 0.725625 0.54942451171875 0.832430556640625 0.606784978515625 0.836296294921875 0.6025443671875 0.725115740234375 0.5383995625 0.725625
1 0.476064171875 0.73025462890625 0.49074845703125 0.832777779296875 0.54925990234375 0.829652779296875 0.537001671875 0.728449072265625 0.476064171875 0.73025462890625
0 0.74793788671875 0.695763888671875 0.7453144296875 0.86280092578125 0.797165638671875 0.8793518515625 0.802707689453125 0.69553240625 0.74793788671875 0.695763888671875
0 0.676639017578125 0.707615740234375 0.6803060703125 0.861944443359375 0.731169625 0.861828705078125 0.727502572265625 0.7075 0.676639017578125 0.707615740234375
0 0.603900462890625 0.70837962890625 0.619739583984375 0.883217591796875 0.672453060546875 0.874699072265625 0.659204603515625 0.703958333984375 0.603900462890625 0.70837962890625
0 0.405543982421875 0.689212962890625 0.434583333984375 0.888703703125 0.4865560703125 0.86768518359375 0.46845550390625 0.694305556640625 0.405543982421875 0.689212962890625
0 0.279517103515625 0.715208333984375 0.32397505078125 0.897546294921875 0.371835134765625 0.859953705078125 0.340207689453125 0.709236109375 0.279517103515625 0.715208333984375
1 0.41951003125 0.39662037109375 0.440240484375 0.535138888671875 0.511416537109375 0.534421296875 0.4967714765625 0.39293981640625 0.41951003125 0.39662037109375
1 0.34216628125 0.398912037109375 0.369311341796875 0.5400231484375 0.438760287109375 0.53657407421875 0.4178652265625 0.395277779296875 0.34216628125 0.398912037109375
1 0.264987140625 0.403981482421875 0.2971894296875 0.537986111328125 0.367913451171875 0.54284722265625 0.3389589765625 0.3976157421875 0.264987140625 0.403981482421875
1 0.1873964765625 0.402106482421875 0.227822787109375 0.54282407421875 0.295873841796875 0.54219907421875 0.2647402265625 0.39981481640625 0.1873964765625 0.402106482421875
1 0.3469933125 0.731296294921875 0.36940779296875 0.83219907421875 0.42902970703125 0.834606482421875 0.4103568671875 0.73081018359375 0.3469933125 0.731296294921875
1 0.160644291015625 0.729861111328125 0.19666923828125 0.83592592578125 0.23860982421875 0.830509259765625 0.207354681640625 0.725694443359375 0.160644291015625 0.729861111328125
0 0.2273013125 0.811365740234375 0.251030091796875 0.88162037109375 0.298602751953125 0.852384259765625 0.258999486328125 0.725555556640625 0.215578703125 0.732407408203125 0.2273013125 0.811365740234375
0 0.12732767578125 0.511018517578125 0.164627701171875 0.625393517578125 0.198838091796875 0.62159722265625 0.228482509765625 0.58037037109375 0.173209876953125 0.387222220703125 0.111573431640625 0.390439814453125 0.12732767578125 0.511018517578125
0 0.03794238671875 0.64027777734375 0.068616255859375 0.62962962890625 0.09057098828125 0.5775 0.022633744140625 0.3819444453125 0.03794238671875 0.64027777734375
0 0.09962834375 0.809583333984375 0.129936341796875 0.885208333984375 0.172575875 0.878379630859375 0.188281892578125 0.85287037109375 0.142632458984375 0.690046294921875 0.082106482421875 0.698796296875 0.09962834375 0.809583333984375
1 0.042880658203125 0.723611111328125 0.086019162109375 0.830856482421875 0.11673482421875 0.83412037109375 0.081079603515625 0.721087962890625 0.042880658203125 0.723611111328125
1 0.0419193671875 0.4036342578125 0.093036265625 0.539861111328125 0.1382664609375 0.53712962890625 0.107626671875 0.403078703125 0.0419193671875 0.4036342578125