1 0.42213541666666665 0.9747902199074074 0.08925781250000009 0.02311197916666652
1 0.5067708333333334 0.9673900462962963 0.08339843750000009 0.037557870370370505
1 0.5899739583333333 0.9678602430555556 0.0849609375 0.03175636574074092
1 0.6751953125000001 0.9545717592592593 0.08899739583333321 0.048444733796296324
1 0.7583984375 0.9550419560185185 0.0859375 0.0464048032407407
1 0.8384114583333333 0.9516927083333333 0.08632812500000009 0.0522641782407407
1 0.9244791666666667 0.9364221643518519 0.08118489583333321 0.06283275462962967
1 0.978564453125 0.9380135995370371 0.04287109375000009 0.07093460648148131
1 0.7612630208333333 0.36688368055555554 0.12480468749999996 0.26392505787037046
0 0.869921875 0.367578125 0.11946614583333348 0.3300419560185186
0 0.6758463541666666 0.36256510416666665 0.09355468750000018 0.26299913194444446
0 0.5876953125 0.3906177662037037 0.10214843749999991 0.3334273726851853
0 0.4823567708333333 0.38101851851851853 0.09687500000000004 0.34204282407407405
0 0.38515625 0.390747974537037 0.09589843750000004 0.2835358796296297
0 0.28912760416666666 0.40337818287037036 0.10761718750000004 0.3131221064814814
1 0.915046294921875 0.3486282578125 0.90134259375 0.490980796875 0.989212962890625 0.469590193359375 0.990138888671875 0.344315845703125 0.915046294921875 0.3486282578125
1 1 0.34879210546875 0.990416666015625 0.348482509765625 0.9919444453125 0.47577160546875 1 0.47633472265625 1 0.34879210546875