0 0.13599537037037038 0.601439525462963 0.10467303240740738 0.2573857060185185
0 0.24323640046296297 0.617701099537037 0.09154369212962965 0.2508680555555556
0 0.2769820601851852 0.9226146556712963 0.07172309027777779 0.1547706886574074
0 0.3512008101851852 0.9245261863425926 0.07269965277777779 0.1509476273148147
0 0.4073350694444444 0.6398292824074074 0.0962094907407407 0.24819155092592604
0 0.4745370370370371 0.6540147569444444 0.09317129629629628 0.2334418402777778
0 0.4800708912037037 0.9140190972222222 0.0903501157407407 0.17196180555555562
0 0.36302806712962965 0.05481770833333334 0.0785951967592593 0.07606336805555555
0 0.4642650462962963 0.06882233796296297 0.08861400462962976 0.09312065972222222
0 0.5517939814814815 0.09476273148148148 0.0888671875 0.1359375
0 0.6201533564814815 0.09830729166666667 0.072265625 0.13507667824074074
1 0.22243144140625 1 0.2554840234375 0.998277705078125 0.241439009765625 0.88378901953125 0.166674033203125 0.888568001953125 0.18381120703125 1 0.22243144140625 1
1 0.382130494140625 0.8675901328125 0.388311103515625 0.97919798046875 0.44868913671875 0.977382587890625 0.4474880703125 0.86726946484375 0.382130494140625 0.8675901328125
1 0.5108975078125 0.859428625 0.50926830859375 0.959502783203125 0.56200319140625 0.967183287109375 0.570577314453125 0.85757702734375 0.5108975078125 0.859428625
1 0.2760343359375 0.524517154296875 0.289530533203125 0.6785462265625 0.363413388671875 0.67124844921875 0.356606384765625 0.532404544921875 0.2760343359375 0.524517154296875
1 0.510822798828125 0.539164423828125 0.509581505859375 0.672644908203125 0.573634576171875 0.673493125 0.580921431640625 0.54650874609375 0.510822798828125 0.539164423828125
1 0.64725308203125 0.5499481640625 0.640572505859375 0.675727453125 0.696338787109375 0.677382513671875 0.708697134765625 0.55313415234375 0.64725308203125 0.5499481640625
1 0.710256970703125 0.55690293359375 0.69722569140625 0.677854623046875 0.75376994140625 0.682524080078125 0.77183608203125 0.563570994140625 0.710256970703125 0.55690293359375
1 0.684043 0.856137080078125 0.678820392578125 0.950561884765625 0.718001046875 0.95172470703125 0.734351212890625 0.84918921875 0.684043 0.856137080078125
0 0.6123813828125 1 0.617158513671875 0.85701283203125 0.5692768828125 0.857136380859375 0.566626212890625 0.999476728515625 0.56977153125 1 0.6123813828125 1
0 0.675306140625 1 0.6831002265625 0.850006828125 0.632933326171875 0.845668044921875 0.626551935546875 0.990421251953125 0.658197828125 1 0.675306140625 1
0 0.744741919921875 0.824533751953125 0.7246771796875 0.982477720703125 0.769835462890625 0.9917693984375 0.799091748046875 0.8325644921875 0.744741919921875 0.824533751953125
0 0.8895154921875 0.8197221796875 0.8616990546875 0.95884403515625 0.915210751953125 0.963292099609375 0.935779013671875 0.82797787109375 0.8895154921875 0.8197221796875
0 0.935467931640625 0.823778283203125 0.91802019921875 0.9567442421875 0.956201453125 0.951193787109375 0.978014037109375 0.832677908203125 0.935467931640625 0.823778283203125
0 1 0.812967390625 0.985124173828125 0.8079458359375 0.957904619140625 0.9487720234375 0.994942654296875 0.95320258984375 1 0.9338633671875 1 0.812967390625
1 0.79411873828125 0.84071312109375 0.782214072265625 0.9404988359375 0.815919654296875 0.93806307421875 0.833493765625 0.83857133203125 0.79411873828125 0.84071312109375
1 0.83104973046875 0.839798865234375 0.81710851171875 0.93796381640625 0.858975009765625 0.936782541015625 0.879254916015625 0.841460361328125 0.83104973046875 0.839798865234375
1 0.772093115234375 0.559353109375 0.753458736328125 0.683253720703125 0.80857513671875 0.6827594765625 0.828342884765625 0.561431732421875 0.772093115234375 0.559353109375
1 0.828878412109375 0.562297533203125 0.80762871484375 0.68271040234375 0.859781220703125 0.680386412109375 0.883708548828125 0.564302544921875 0.828878412109375 0.562297533203125
1 0.884717287109375 0.5651928828125 0.86138780078125 0.6829838125 0.909754619140625 0.680463529296875 0.9348776328125 0.5677937890625 0.884717287109375 0.5651928828125
1 0.936994421875 0.56455141796875 0.910103197265625 0.678805537109375 0.95833369921875 0.68717260546875 0.98876134765625 0.5697497265625 0.936994421875 0.56455141796875
1 1 0.57086856640625 0.984975662109375 0.569553431640625 0.959728013671875 0.680540642578125 1 0.6826288203125 1 0.57086856640625
0 1 0.20763119921875 0.988954138671875 0.260525744140625 1 0.26615969921875 1 0.20763119921875