0 0.228515625 0.62109375 0.08203125 0.3115234375
0 0.3271484375 0.62890625 0.0751953125 0.2841796875
0 0.423828125 0.6240234375 0.0751953125 0.328125
0 0.5263671875 0.6103515625 0.072265625 0.3212890625
0 0.6171875 0.6328125 0.0810546875 0.2568359375
0 0.8056640625 0.6103515625 0.10546875 0.3056640625
1 0.705078125 0.6298828125 0.091796875 0.2978515625
1 0.958984375 0.5458984375 0.08203125 0.1474609375
1 0.873046875 0.5390625 0.0654296875 0.1435546875
1 0.060546875 0.0107421875 0.0791015625 0.0205078125
1 0.1474609375 0.013671875 0.078125 0.02734375
1 0.232421875 0.017578125 0.078125 0.0322265625
1 0.318359375 0.0166015625 0.0810546875 0.033203125
1 0.4033203125 0.021484375 0.080078125 0.037109375
1 0.486328125 0.021484375 0.0751953125 0.04296875
1 0.5693359375 0.0263671875 0.0771484375 0.048828125
1 0.65234375 0.0302734375 0.0732421875 0.0556640625
1 0.7314453125 0.0341796875 0.076171875 0.060546875
1 0.810546875 0.0322265625 0.0703125 0.064453125
1 0.888671875 0.037109375 0.0693359375 0.072265625
1 0.96484375 0.0390625 0.068359375 0.078125