1 0.068359375 0.0146484375 0.08984375 0.029296875
1 0.1572265625 0.015625 0.0859375 0.02734375
1 0.2421875 0.021484375 0.0859375 0.04296875
1 0.3271484375 0.01953125 0.083984375 0.0390625
1 0.4130859375 0.025390625 0.0859375 0.0419921875
1 0.4951171875 0.0263671875 0.0859375 0.0439453125
1 0.578125 0.029296875 0.0849609375 0.0537109375
1 0.6611328125 0.029296875 0.0810546875 0.0498046875
1 0.740234375 0.0322265625 0.0869140625 0.060546875
1 0.8212890625 0.0361328125 0.0751953125 0.064453125
1 0.9013671875 0.04296875 0.0849609375 0.0810546875
1 0.70703125 0.6220703125 0.1044921875 0.255859375
0 0.2373046875 0.6181640625 0.08984375 0.310546875
0 0.3330078125 0.626953125 0.0703125 0.2919921875
0 0.4306640625 0.6201171875 0.0771484375 0.3310546875
0 0.537109375 0.6103515625 0.0791015625 0.3330078125
0 0.62109375 0.6298828125 0.080078125 0.2724609375
0 0.8115234375 0.6103515625 0.1005859375 0.3037109375
1 0.93634259375 0 0.94212962890625 0.07291666796875 1 0.07291666796875 0.997685185546875 0 0.93634259375 0
1 0.93402777734375 0.62291666796875 0.918981482421875 0.50416666796875 0.8368055546875 0.48541666796875 0.853009259765625 0.62291666796875 0.93402777734375 0.62291666796875
1 1 0.62083333203125 0.997685185546875 0.49791666796875 0.92592592578125 0.5 0.931712962890625 0.61458333203125 1 0.62083333203125