0 0.782174908203125 0.530277275390625 0.73849323828125 0.252898669921875 0.66478041796875 0.2687332734375 0.70368440625 0.574338126953125 0.782174908203125 0.530277275390625
0 0.59243265234375 0.59146194921875 0.57059181640625 0.347815298828125 0.503021734375 0.36324038671875 0.52418004296875 0.617852958984375 0.59243265234375 0.59146194921875
0 0.5050693125 0.6191270078125 0.4811808984375 0.339215470703125 0.415658392578125 0.3460103984375 0.43408659765625 0.646913400390625 0.5050693125 0.6191270078125
0 0.4067855546875 0.685134865234375 0.3808495625 0.364104921875 0.3009940078125 0.38034904296875 0.33102515625 0.71566653125 0.4067855546875 0.685134865234375
0 0.302359060546875 0.7090839453125 0.29143864453125 0.414960701171875 0.2163607734375 0.432099689453125 0.219090876953125 0.732835853515625 0.302359060546875 0.7090839453125
0 0.19929762109375 0.7487159609375 0.1945199375 0.44326278125 0.110569228515625 0.44885949609375 0.118077015625 0.771117984375 0.19929762109375 0.7487159609375
1 0.681161044921875 0.53943829296875 0.6572726328125 0.32504926171875 0.574686974609375 0.341475390625 0.5951627578125 0.56337220703125 0.681161044921875 0.53943829296875
1 0.837459521484375 0.374919169921875 0.821761421875 0.270401671875 0.74258839453125 0.287813671875 0.763746703125 0.405314330078125 0.837459521484375 0.374919169921875
1 0.9159500234375 0.346632255859375 0.900251921875 0.245754896484375 0.824491525390625 0.26779290625 0.83882457421875 0.374828166015625 0.9159500234375 0.346632255859375
1 1 0.36772327734375 0.973964740234375 0.227493533203125 0.9022995 0.248045150390625 0.94529864453125 0.463586892578125 1 0.44173944140625 1 0.36772327734375
1 1 0.359229619140625 0.997853154296875 0.21619393359375 0.9780598984375 0.2199402421875 1 0.359229619140625