0 0.4742115162037037 0.37192563657407407 0.07380642361111112 0.2446469907407407
0 0.6239583333333334 0.3333695023148148 0.08645109953703711 0.2611400462962963
0 0.10180844907407408 0.9566333912037037 0.09435763888888887 0.08282696759259256
0 0.32602719907407407 0.9665075231481481 0.06997974537037033 0.03240740740740744
0 0.43425202546296293 0.9555483217592593 0.0742332175925926 0.03855613425925908
0 0.5445457175925925 0.9463975694444444 0.07239583333333321 0.04036458333333348
0 0.6621310763888888 0.9278790509259259 0.08331886574074066 0.06061921296296302
0 0.7692635995370369 0.9150390625 0.08188657407407396 0.06926359953703698
0 0.8640407986111112 0.8923249421296295 0.09844473379629637 0.1025752314814814
0 0.9400390624999999 0.8837528935185185 0.06949508101851842 0.10626446759259256
0 0.4634476273148148 0.07581018518518517 0.06361400462962963 0.15162037037037035
0 0.5285300925925926 0.06752748842592593 0.0629195601851853 0.13505497685185186
0 0.6593967013888888 0.07914677372685185 0.06873553240740726 0.1582935474537037
0 0.7796730324074075 0.04456018518518518 0.06325231481481497 0.08912037037037036
0 0.02586713671875 0.436507935546875 0.031158142578125 0.52579365234375 0.06622666796875 0.531167328125 0.1434036953125 0.358052248046875 0.091943158203125 0.28414351953125 0.02586713671875 0.436507935546875
0 0.186986515625 0.299024470703125 0.236088146484375 0.181795634765625 0.1787542265625 0.12227182421875 0.109447568359375 0.276868384765625 0.14128729296875 0.322337962890625 0.161316873046875 0.30092592578125 0.186986515625 0.299024470703125
0 0.196396421875 0.533482142578125 0.2124807109375 0.313078705078125 0.14434064453125 0.29819775 0.120268408203125 0.53513558203125 0.196396421875 0.533482142578125
0 0.2733438046875 0.469990080078125 0.282321060546875 0.26207010546875 0.218704990234375 0.26678240625 0.209376837890625 0.506613755859375 0.2733438046875 0.469990080078125
0 0.4233695234375 0.50471230078125 0.415839029296875 0.264136904296875 0.355571171875 0.268601189453125 0.35728615625 0.505621693359375 0.4233695234375 0.50471230078125
0 0.74761629296875 0.4527943125 0.705427873046875 0.1948578046875 0.652444333984375 0.208746693359375 0.67877259765625 0.463872353515625 0.74761629296875 0.4527943125
0 0.9096818046875 0.4447751328125 0.860209068359375 0.177414021484375 0.794538138671875 0.204199734375 0.841073265625 0.459821427734375 0.9096818046875 0.4447751328125
0 0.823025740234375 0 0.84234825 0.103009259765625 0.896330283203125 0.0870535703125 0.87825708984375 0 0.823025740234375 0
0 0.9469368984375 0 0.980683236328125 0.11069775 1 0.10926687890625 1 0 0.9469368984375 0
1 0.26461640234375 0.984788359375 0.2672573125 0.93477182421875 0.163287220703125 0.958416005859375 0.160821759765625 0.9924768515625 0.26461640234375 0.984788359375
1 0.353936103515625 0.468005953125 0.35768757421875 0.3043154765625 0.28995994921875 0.315310845703125 0.27851355859375 0.481564154296875 0.353936103515625 0.468005953125
1 0.438623419921875 0.11896494921875 0.436150609375 0.001570767578125 0.3737681875 0.0081845234375 0.37077821875 0.127976189453125 0.438623419921875 0.11896494921875
1 0.592540232421875 0.446345900390625 0.580256099609375 0.295800265625 0.50882752734375 0.30109126953125 0.514885544921875 0.4600694453125 0.592540232421875 0.446345900390625
1 0.5649691328125 0 0.5605048515625 0.0003306875 0.571553498046875 0.111111111328125 0.629589212890625 0.10681216796875 0.617851486328125 0 0.5649691328125 0
1 0.68721010546875 0 0.699548978515625 0.095651455078125 0.76292989453125 0.0869708984375 0.74675493359375 0 0.68721010546875 0
1 0.725698119140625 0.291005291015625 0.748319921875 0.426835318359375 0.822626396484375 0.4133597890625 0.795775462890625 0.281828705078125 0.72793026171875 0.290839947265625 0.725698119140625 0.291005291015625
1 0.977290013671875 0.39393187890625 0.943977806640625 0.266865078125 0.877131099609375 0.2738095234375 0.9042171875 0.409308861328125 0.977290013671875 0.39393187890625
1 1 0.258469185546875 0.94362507421875 0.26091269921875 0.982459765625 0.405505953125 1 0.405764447265625 1 0.258469185546875
1 0.881011013671875 0 0.895096634765625 0.0851521171875 0.95982877734375 0.08035714453125 0.93561002734375 0 0.881011013671875 0