1 0.869446669921875 0.019321037109375 0.8715088359375 0.216109296875 0.971224619140625 0.20264494921875 0.980234953125 0.023125345703125 0.869446669921875 0.019321037109375
1 1 0.67175565625 0.927039486328125 0.6720706796875 0.9188241328125 0.840752388671875 1 0.837854515625 1 0.67175565625
1 0.835778333984375 0.6784858671875 0.8369378203125 0.83169565234375 0.91789441796875 0.83590703515625 0.92185590234375 0.676780181640625 0.835778333984375 0.6784858671875
1 0.747716111328125 0.66808571484375 0.756169064453125 0.83110696484375 0.836070720703125 0.828057865234375 0.835590490234375 0.674863173828125 0.747716111328125 0.66808571484375
1 0.66941391796875 0.66272714453125 0.6771876171875 0.82573330078125 0.751226435546875 0.827378607421875 0.744999091796875 0.6680253359375 0.66941391796875 0.66272714453125
1 0.5828449375 0.668040431640625 0.59901065234375 0.82278986328125 0.675766490234375 0.824495548828125 0.665034818359375 0.669866873046875 0.5828449375 0.668040431640625
0 0.8265046296296297 0.11883680555555556 0.09539207175925934 0.20305989583333334
0 0.7245587384259259 0.14680989583333334 0.09750434027777777 0.26260850694444443
0 0.6122540509259259 0.1443142361111111 0.09066840277777777 0.26245659722222225
0 0.4591765234375 0.010203921875 0.49875146484375 0.250041869140625 0.5685895234375 0.249181478515625 0.5427249140625 0.012060552734375 0.4591765234375 0.010203921875
0 0.366125626953125 0.008272298828125 0.41064563671875 0.264970388671875 0.482030046875 0.2677628828125 0.448378123046875 0.0113063046875 0.366125626953125 0.008272298828125
0 0.5228226273148149 0.9914876302083333 0.05996093750000009 0.017024739583333393
1 0.508001634765625 0.663964900390625 0.5266339140625 0.813944451171875 0.59820616796875 0.820359638671875 0.584882703125 0.66808571484375 0.508001634765625 0.663964900390625
1 0.435697015625 0.669595169921875 0.4559287578125 0.81116705078125 0.523300251953125 0.815076541015625 0.504855818359375 0.668719685546875 0.435697015625 0.669595169921875
1 0.3634550078125 0.676433005859375 0.383311064453125 0.8107595 0.453775267578125 0.821974755859375 0.432979994140625 0.66953479296875 0.3634550078125 0.676433005859375
1 0.288674322265625 0.673565041015625 0.319952486328125 0.805733009765625 0.3852236015625 0.80838965234375 0.358387150390625 0.670289521484375 0.288674322265625 0.673565041015625
1 0.153073736328125 0.67537638671875 0.191019224609375 0.805280171875 0.235599611328125 0.801446154296875 0.2146981171875 0.673127296875 0.153073736328125 0.67537638671875
0 0.22680339453125 0.7626531328125 0.25288847265625 0.88626248828125 0.28876376953125 0.88464737109375 0.318945064453125 0.864813119140625 0.278770052734375 0.63957208984375 0.215233134765625 0.644191025390625 0.22680339453125 0.7626531328125
0 0.240190248046875 1 0.23583888671875 0.963078705078125 0.1711844140625 0.959229591796875 0.174570158203125 1 0.240190248046875 1
0 0.094849544921875 0.76937021484375 0.12043370703125 0.883319048828125 0.16341462890625 0.887892701171875 0.186302455078125 0.858246986328125 0.139416515625 0.6605988125 0.08365497265625 0.658153494140625 0.094849544921875 0.76937021484375
0 0.033631041015625 0.64859863671875 0.04095693359375 0.789883720703125 0.069980978515625 0.878579357421875 0.12185483203125 0.884556802734375 0.078900185546875 0.65804783203125 0.033631041015625 0.64859863671875
0 0.135220603515625 1 0.13247637109375 0.9716373203125 0.073068095703125 0.96428626953125 0.072846150390625 0.9992603671875 0.09066678125 1 0.135220603515625 1
0 0.07017824609375 1 0.068992564453125 0.964195703125 0.04978557421875 0.960150361328125 0.0518518515625 1 0.07017824609375 1
0 1 0.042403478515625 0.989386169921875 0.21269792578125 1 0.225327185546875 1 0.042403478515625