1 1 0.1892609453125 0.977923740234375 0.09609375 0.91271026171875 0.102552083984375 0.932822787109375 0.217928240234375 1 0.206626380859375 1 0.1892609453125
1 1 0.09141215234375 0.985571630859375 0.09337384375 1 0.166234828125 1 0.09141215234375
1 1 0.42078744140625 0.966796552734375 0.422256943359375 0.994724150390625 0.5904456015625 1 0.590484681640625 1 0.42078744140625
1 0.98798032421875 0.58206597265625 0.955160107421875 0.42355902734375 0.876171552734375 0.4215856484375 0.89986368359375 0.584189814453125 0.98798032421875 0.58206597265625
1 0.89571051953125 0.579994212890625 0.873293466796875 0.42572916796875 0.796566357421875 0.4223842578125 0.81117091015625 0.576591435546875 0.89571051953125 0.579994212890625
1 0.80031571484375 0.577899306640625 0.788137216796875 0.425098380859375 0.715645576171875 0.427337962890625 0.72219071484375 0.5773206015625 0.80031571484375 0.577899306640625
1 0.71552919140625 0.570329861328125 0.710176826171875 0.427297455078125 0.634313271484375 0.42534722265625 0.63974794140625 0.569768517578125 0.71552919140625 0.570329861328125
1 0.63349794140625 0.56972222265625 0.632997685546875 0.429502314453125 0.565810185546875 0.42900462890625 0.562074974609375 0.563640046875 0.63349794140625 0.56972222265625
1 0.559895833984375 0.566400462890625 0.560875771484375 0.4248032421875 0.500267490234375 0.42990740625 0.490898919921875 0.561724537109375 0.559895833984375 0.566400462890625
1 0.484895833984375 0.565844908203125 0.492208076171875 0.42568287109375 0.43028420703125 0.434942130859375 0.418160365234375 0.559797455078125 0.484895833984375 0.565844908203125
1 0.415199974609375 0.562552083984375 0.426912294921875 0.430752314453125 0.367824716796875 0.421984955078125 0.348464505859375 0.55650462890625 0.415199974609375 0.562552083984375
1 0.70663130078125 0.23568865625 0.703254244140625 0.125989583984375 0.642851080078125 0.121377314453125 0.64203446484375 0.239375 0.70663130078125 0.23568865625
1 0.64178755078125 0.23520833203125 0.641617798828125 0.126921296875 0.5810918203125 0.1334143515625 0.58126157421875 0.241701388671875 0.64178755078125 0.23520833203125
1 0.51374485546875 0.2356481484375 0.518509515625 0.1315625 0.466824203125 0.14228587890625 0.45478137890625 0.24215277734375 0.51374485546875 0.2356481484375
0 0.93483860546875 0.238767361328125 0.898809798828125 0.05247106640625 0.843176439453125 0.04928240625 0.86839184765625 0.250769677734375 0.93483860546875 0.238767361328125
0 0.84631044140625 0.233946759765625 0.8328568671875 0.072806712890625 0.774674640625 0.07931712890625 0.78977301953125 0.241857638671875 0.84631044140625 0.233946759765625
0 0.760743955078125 0.25274884375 0.7583088984375 0.066701388671875 0.711064171875 0.073292822265625 0.711442900390625 0.25099537109375 0.760743955078125 0.25274884375
0 0.519699716796875 0.085758103515625 0.510498328125 0.273107640625 0.573984697265625 0.263859955078125 0.57060506640625 0.10140625 0.550168466796875 0.085983796875 0.519699716796875 0.085758103515625
0 0.5317925347222222 0.9830946180555555 0.05883969907407405 0.03381076388888893
0 0.445365869140625 0.254577546875 0.46423225390625 0.111724537109375 0.407446630859375 0.089091435546875 0.394831533203125 0.2583680546875 0.445365869140625 0.254577546875
0 0.34223315234375 0.095549767578125 0.33372556640625 0.1760069453125 0.333400205078125 0.249583333984375 0.378178369140625 0.254079861328125 0.397291666015625 0.115393517578125 0.34223315234375 0.095549767578125
0 0.270573560546875 0.2963194453125 0.300046939453125 0.121614583984375 0.23750514453125 0.107268517578125 0.212431841796875 0.2903356484375 0.270573560546875 0.2963194453125
0 0.175345935546875 0.3497569453125 0.152860724609375 0.48425347265625 0.154549896484375 0.552291666015625 0.205947787109375 0.549895833984375 0.235214763671875 0.35853009375 0.175345935546875 0.3497569453125
0 0.338803369140625 0.591140046875 0.359433513671875 0.359450232421875 0.293808513671875 0.35896412109375 0.27354809765625 0.583715279296875 0.338803369140625 0.591140046875
0 0.147232509765625 0.5869444453125 0.171686599609375 0.35389467578125 0.129499099609375 0.35358217578125 0.1081610078125 0.402013888671875 0.093321115234375 0.48103587890625 0.09126993359375 0.57820023046875 0.147232509765625 0.5869444453125
0 0.197415765625 0.12918402734375 0.14556455859375 0.110752314453125 0.144084361328125 0.11212962890625 0.117734697265625 0.26048032421875 0.1593473515625 0.277447916015625 0.1719701640625 0.266435185546875 0.197415765625 0.12918402734375
0 0.099430298828125 0.12290509375 0.076900720703125 0.190763888671875 0.078920396484375 0.290734953125 0.120573560546875 0.295208333984375 0.142399048828125 0.123223380859375 0.099430298828125 0.12290509375
0 0.073046552734375 0.41563657421875 0.021234568359375 0.358333333984375 0.03382716015625 0.570833333984375 0.073046552734375 0.41563657421875
1 0.067529578125 0.269826390625 0.08606931640625 0.174172453125 0.06748392578125 0.176811341796875 0.0374305546875 0.262662037109375 0.067529578125 0.269826390625
1 0.212101337890625 0.258402779296875 0.22907857421875 0.16273726953125 0.20424318359375 0.165329861328125 0.180851337890625 0.258171296875 0.212101337890625 0.258402779296875
1 0.07967399609375 0.5670081015625 0.10466756640625 0.435306712890625 0.079872685546875 0.425405091796875 0.044106224609375 0.559803240234375 0.07967399609375 0.5670081015625
1 0.268941615234375 0.558692130859375 0.284395576171875 0.42414351953125 0.245662294921875 0.42940972265625 0.217543724609375 0.561087962890625 0.268941615234375 0.558692130859375
1 0.33072723828125 0.244010416015625 0.337465919921875 0.146880787109375 0.306093107421875 0.15775462890625 0.28714184765625 0.24646412109375 0.33072723828125 0.244010416015625