0 0.194798900462963 0.7222800925925925 0.1161964699074074 0.2837311921296295
0 0.3126085069444444 0.713693576388889 0.11874276620370372 0.3140190972222223
0 0.42216435185185186 0.6778645833333334 0.11951678240740737 0.3101273148148147
0 0.5252893518518519 0.6499493634259259 0.12157118055555549 0.3121093749999999
0 0.6175998263888889 0.5831018518518518 0.11440972222222223 0.2680917245370371
0 0.7057074652777777 0.567136863425926 0.1322627314814815 0.31129195601851856
0 0.7690827546296297 0.5642433449074074 0.10271267361111125 0.30597511574074066
0 0.043431712962962964 0.0654296875 0.08686342592592593 0.130859375
0 0.20456452546296294 0.06401005497685185 0.09169560185185188 0.1280201099537037
0 0.30279224537037036 0.055689380787037036 0.08507667824074072 0.11137876157407407
0 0.4638888888888889 0.03496455439814815 0.08500434027777781 0.0699291087962963
0 0.5451605902777779 0.019675925925925927 0.07469618055555571 0.03935185185185185
0 0.6956018518518519 0.019534866898148148 0.07382089120370372 0.039069733796296295
1 0.114028134765625 0 0.08722056640625 0.001290173828125 0.08775993359375 0.109740083984375 0.171609322265625 0.102042044921875 0.16489962109375 0 0.114028134765625 0
1 0.33870334375 0 0.34549496484375 0.065895658203125 0.426508359375 0.059530796875 0.41881665234375 0 0.33870334375 0
1 0.57739857421875 0 0.58496327734375 0.03394233984375 0.656933505859375 0.021255623046875 0.65283375 0 0.57739857421875 0
1 0.04367348828125 0.842274421875 0.138101810546875 0.83455357421875 0.12037115234375 0.58404712109375 0.034015603515625 0.587433767578125 0.04367348828125 0.842274421875