1 0.116038376953125 0.67803622265625 0.143462595703125 0.48554976953125 0.08115188671875 0.47355678515625 0.052240947265625 0.656255123046875 0.116038376953125 0.67803622265625
1 0.186999591796875 0.686901337890625 0.213248634765625 0.490635126953125 0.14615139453125 0.48830635546875 0.119800470703125 0.675053513671875 0.186999591796875 0.686901337890625
1 0.27612353125 0.6086865546875 0.2882230078125 0.50060416796875 0.217059185546875 0.496896669921875 0.20406627734375 0.596811830078125 0.27612353125 0.6086865546875
1 0.348514220703125 0.62699094921875 0.366430955078125 0.513260416015625 0.290632931640625 0.50175886328125 0.279860978515625 0.608249302734375 0.348514220703125 0.62699094921875
1 0.522126638671875 0.769424373046875 0.529901953125 0.532625912109375 0.449555998046875 0.530101541015625 0.434781015625 0.752767056640625 0.522126638671875 0.769424373046875
1 0.173176037109375 0 0.15317240625 0.119877142578125 0.2151627421875 0.11889298046875 0.229901359375 0 0.173176037109375 0
1 0.234633626953125 0 0.2162973984375 0.116603994140625 0.279710705078125 0.1188912578125 0.29408258203125 0 0.234633626953125 0
1 0.297641732421875 0 0.282153052734375 0.1176495625 0.34999905078125 0.1208220390625 0.362027705078125 0 0.297641732421875 0
1 0.365286603515625 0 0.35357605078125 0.11729135546875 0.4211913984375 0.11601552734375 0.430146486328125 0 0.365286603515625 0
1 0.43294382421875 0 0.4238066875 0.118110072265625 0.49653737890625 0.1187991171875 0.503726859375 0 0.43294382421875 0
1 0.506817888671875 0 0.499941388671875 0.111932193359375 0.574547029296875 0.112524060546875 0.579218833984375 0 0.506817888671875 0
1 0.58402792578125 0 0.57752787890625 0.11260319921875 0.657133515625 0.11293578515625 0.65945319140625 0 0.58402792578125 0
1 0.66196915625 0 0.659691185546875 0.113918244140625 0.745546822265625 0.11392675390625 0.745255173828125 0 0.66196915625 0
1 0.7471213125 0 0.749181533203125 0.111508154296875 0.835373865234375 0.10592384765625 0.83210902734375 0 0.7471213125 0
0 0.598433361328125 0.805844060546875 0.6026783828125 0.53721875 0.53356548046875 0.533784732421875 0.522049439453125 0.783042998046875 0.598433361328125 0.805844060546875
0 0.693278970703125 0.82211253125 0.689375271484375 0.5020856484375 0.6208162109375 0.500268736328125 0.618096671875 0.81039983984375 0.693278970703125 0.82211253125
0 0.809572171875 0.8894338046875 0.805587333984375 0.52251967578125 0.725261177734375 0.520378015625 0.724890240234375 0.86371780078125 0.809572171875 0.8894338046875
0 0.932175572265625 0.876011244140625 0.903308390625 0.573093306640625 0.8265394375 0.5670382734375 0.83994525390625 0.861837318359375 0.932175572265625 0.876011244140625
0 1 0.567567568359375 0.927173736328125 0.574085998046875 0.949069169921875 0.899666876953125 1 0.90753346875 1 0.567567568359375
1 0.836621439453125 0 0.83912122265625 0.1086998359375 0.930717193359375 0.110640833984375 0.923335396484375 0 0.836621439453125 0
1 0.927679396484375 0 0.933726865234375 0.108254623046875 1 0.1068362421875 1 0 0.927679396484375 0