1 0.25367583984375 0.693640689453125 0.2582626015625 0.536619083984375 0.1881215703125 0.538644546875 0.175893775390625 0.700006431640625 0.25367583984375 0.693640689453125
1 0.345278921875 0.33487654296875 0.342260373046875 0.229970423828125 0.2806284296875 0.2276877578125 0.278724421875 0.34011702734375 0.345278921875 0.33487654296875
1 0.50132173046875 0.662744341796875 0.484378572265625 0.509548609375 0.4164308984375 0.5239840546875 0.428165724609375 0.6769868828125 0.50132173046875 0.662744341796875
1 0.536604794921875 0.328092849609375 0.52224437109375 0.22122556640625 0.4659922265625 0.223765431640625 0.4758980625 0.327385544921875 0.536604794921875 0.328092849609375
0 0.13349837109375 0.397923095703125 0.074091935546875 0.338702416015625 0.016518060546875 0.445987654296875 0.0204046640625 0.55092592578125 0.030010431640625 0.5528227890625 0.039398291015625 0.5254308125 0.0744170078125 0.511316873046875 0.13349837109375 0.397923095703125
0 0.0229766796875 0.62037037109375 0.028349337890625 0.76543209765625 0.079278833984375 0.759612912109375 0.103748712890625 0.53089634765625 0.034075646484375 0.5221514921875 0.0229766796875 0.62037037109375
0 0.172650177734375 0.70605066796875 0.177908521484375 0.473540380859375 0.104238111328125 0.473894033203125 0.094342994140625 0.72164351953125 0.172650177734375 0.70605066796875
0 0.320791181640625 0.726948302734375 0.31789408984375 0.48488940234375 0.26129901171875 0.478170009765625 0.25314000390625 0.725983796875 0.320791181640625 0.726948302734375
0 0.3718894675925926 0.27220775462962965 0.05776186342592593 0.19035734953703698
0 0.43485966435185186 0.26088686342592593 0.06293402777777779 0.17201967592592593
0 0.3814380787037037 0.5826822916666666 0.072265625 0.23965567129629628
0 0.5762031328125 0.671682099609375 0.5481324296875 0.42869084375 0.491823130859375 0.4296875 0.5095343203125 0.673836162109375 0.5762031328125 0.671682099609375
0 0.645315359375 0.641878857421875 0.606360025390625 0.409272119140625 0.545356796875 0.423964763671875 0.58489440625 0.648887603515625 0.645315359375 0.641878857421875
0 0.5981117109375 0.35040509375 0.570419666015625 0.16444830078125 0.5220371796875 0.16882073046875 0.540877201171875 0.349826388671875 0.5981117109375 0.35040509375
0 0.708661978515625 0.31597222265625 0.676036666015625 0.160654578125 0.63198373828125 0.188303755859375 0.659068501953125 0.311053240234375 0.708661978515625 0.31597222265625
0 0.8023762578125 0.646154833984375 0.74762445703125 0.408339763671875 0.689796953125 0.43856095703125 0.736746970703125 0.652970677734375 0.8023762578125 0.646154833984375
0 0.782618169921875 0.323334619140625 0.74345921875 0.155446244140625 0.69853823828125 0.18306326953125 0.730763458984375 0.327578447265625 0.782618169921875 0.323334619140625
0 0.908086134765625 0.3171939296875 0.856717248046875 0.1473122421875 0.80293352734375 0.19309413671875 0.85327360546875 0.335198044921875 0.908086134765625 0.3171939296875
1 0.6583719140625 0.31565071875 0.63804941015625 0.2116448046875 0.5812149921875 0.221868568359375 0.598761859375 0.32114840625 0.6583719140625 0.31565071875
1 0.72553012109375 0.6309799375 0.69295124609375 0.500321501953125 0.6272076484375 0.504050927734375 0.653127859375 0.642168208984375 0.72553012109375 0.6309799375
1 0.86882716015625 0.614711935546875 0.82849294140625 0.485307357421875 0.77003672265625 0.498553240234375 0.7982753203125 0.62905092578125 0.86882716015625 0.614711935546875
1 0.93607824609375 0.604873970703125 0.890764318359375 0.48144933203125 0.82849294140625 0.485307357421875 0.868770005859375 0.613168724609375 0.93607824609375 0.604873970703125
1 1 0.591006306640625 0.951939013671875 0.47138631640625 0.894990283203125 0.478523662109375 0.93711776953125 0.60953575 1 0.595331591796875 1 0.591006306640625
1 0.83743069921875 0.30533050390625 0.80263703125 0.208494083984375 0.757440986328125 0.205279064453125 0.77776348828125 0.309284978515625 0.83743069921875 0.30533050390625
1 1 0.468470271484375 0.95807255859375 0.473154578125 1 0.58878292578125 1 0.468470271484375
1 0.949877828125 0.298707560546875 0.909064927734375 0.20318930078125 0.87254944140625 0.200295783203125 0.904099509765625 0.30317644140625 0.949877828125 0.298707560546875
1 1 0.288768759765625 0.95918352734375 0.198881173828125 0.91161194140625 0.201742541015625 0.94842749609375 0.3063593125 1 0.29506539453125 1 0.288768759765625
0 1 0.156861626953125 0.977891375 0.165670009765625 0.96792123828125 0.200745884765625 1 0.283502244140625 1 0.156861626953125