1 0.030598958984375 0.2118055546875 0.048828125 0.141203705078125 0.022135416015625 0.141203705078125 0 0.20717592578125 0.030598958984375 0.2118055546875
1 0.106119791015625 0.236111111328125 0.157552083984375 0.23842592578125 0.173828125 0.135416666015625 0.132161458984375 0.140046294921875 0.131510416015625 0.141203705078125 0.106119791015625 0.236111111328125
1 0.354817708984375 0.2418981484375 0.366536458984375 0.130787037109375 0.311197916015625 0.1331018515625 0.292317708984375 0.239583333984375 0.354817708984375 0.2418981484375
1 0.07421875 0.5706018515625 0.096354166015625 0.43287037109375 0.043619791015625 0.4305555546875 0.00390625 0.5706018515625 0.07421875 0.5706018515625
1 0.231119791015625 0.5694444453125 0.252604166015625 0.424768517578125 0.182291666015625 0.428240740234375 0.152994791015625 0.571759259765625 0.231119791015625 0.5694444453125
1 0.306640625 0.5706018515625 0.326171875 0.423611111328125 0.255208333984375 0.423611111328125 0.231770833984375 0.5706018515625 0.306640625 0.5706018515625
1 0.385416666015625 0.568287037109375 0.397135416015625 0.423611111328125 0.326822916015625 0.422453705078125 0.309244791015625 0.5706018515625 0.385416666015625 0.568287037109375
1 0.462890625 0.571759259765625 0.470052083984375 0.42592592578125 0.397786458984375 0.424768517578125 0.385416666015625 0.568287037109375 0.462890625 0.571759259765625
1 0.485677083984375 0.236111111328125 0.490885416015625 0.12615740625 0.431640625 0.12962962890625 0.421223958984375 0.240740740234375 0.485677083984375 0.236111111328125
0 0.065104166015625 0.084490740234375 0.037760416015625 0.17592592578125 0.024088541015625 0.268518517578125 0.084635416015625 0.26967592578125 0.125651041015625 0.12037037109375 0.104166666015625 0.084490740234375 0.065104166015625 0.084490740234375
0 0 0.541666666015625 0.035807291015625 0.38657407421875 0.0234375 0.356481482421875 0 0.33912037109375 0 0.541666666015625
0 0.184244791015625 0.087962962890625 0.164713541015625 0.181712962890625 0.159505208984375 0.2418981484375 0.212239583984375 0.2430555546875 0.236979166015625 0.112268517578125 0.21484375 0.083333333984375 0.184244791015625 0.087962962890625
0 0.2265625 0.240740740234375 0.283203125 0.24884259375 0.307942708984375 0.1018518515625 0.28515625 0.081018517578125 0.254557291015625 0.0868055546875 0.2265625 0.240740740234375
0 0.112630208984375 0.357638888671875 0.083984375 0.474537037109375 0.074869791015625 0.596064814453125 0.142578125 0.596064814453125 0.180338541015625 0.392361111328125 0.149088541015625 0.349537037109375 0.112630208984375 0.357638888671875
0 0.412109375 0.270833333984375 0.422526041015625 0.0856481484375 0.37109375 0.079861111328125 0.35546875 0.2743055546875 0.412109375 0.270833333984375
0 0.607421875 0.263888888671875 0.607421875 0.0868055546875 0.5546875 0.0868055546875 0.552083333984375 0.266203705078125 0.607421875 0.263888888671875
0 0.676432291015625 0.252314814453125 0.669270833984375 0.091435185546875 0.617838541015625 0.09490740625 0.622395833984375 0.252314814453125 0.676432291015625 0.252314814453125
0 0.758463541015625 0.262731482421875 0.734375 0.084490740234375 0.68359375 0.084490740234375 0.692057291015625 0.265046294921875 0.758463541015625 0.262731482421875
1 0.55078125 0.236111111328125 0.55078125 0.122685185546875 0.490885416015625 0.122685185546875 0.486328125 0.236111111328125 0.55078125 0.236111111328125
1 0.536458333984375 0.572916666015625 0.539713541015625 0.42592592578125 0.471354166015625 0.428240740234375 0.463541666015625 0.5706018515625 0.536458333984375 0.572916666015625
1 0.6171875 0.572916666015625 0.612630208984375 0.422453705078125 0.542317708984375 0.427083333984375 0.539713541015625 0.5706018515625 0.6171875 0.572916666015625
1 0.700520833984375 0.575231482421875 0.688802083984375 0.424768517578125 0.616536458984375 0.42592592578125 0.62109375 0.57407407421875 0.700520833984375 0.575231482421875
1 0.785807291015625 0.572916666015625 0.766276041015625 0.424768517578125 0.692057291015625 0.424768517578125 0.702473958984375 0.571759259765625 0.785807291015625 0.572916666015625
1 0.868489583984375 0.571759259765625 0.842447916015625 0.424768517578125 0.768229166015625 0.424768517578125 0.785807291015625 0.5706018515625 0.868489583984375 0.571759259765625
1 0.821614583984375 0.229166666015625 0.803385416015625 0.114583333984375 0.738932291015625 0.1168981484375 0.752604166015625 0.23032407421875 0.821614583984375 0.229166666015625
1 0.889973958984375 0.224537037109375 0.869140625 0.115740740234375 0.805338541015625 0.1168981484375 0.823567708984375 0.2268518515625 0.889973958984375 0.224537037109375
1 0.953125 0.57407407421875 0.923177083984375 0.421296294921875 0.845703125 0.424768517578125 0.871744791015625 0.576388888671875 0.953125 0.57407407421875
0 0.950520833984375 0.06597222265625 0.940755208984375 0.09722222265625 0.97265625 0.228009259765625 1 0.229166666015625 0.998697916015625 0.041666666015625 0.950520833984375 0.06597222265625