1 0.42450086805555554 0.07065972222222222 0.08542390046296289 0.14131944444444444
1 0.6676070601851851 0.06664496527777777 0.06856192129629646 0.13328993055555555
1 0.7710214120370371 0.6572265625 0.09920428240740753 0.2520399305555556
0 0.8840422453703705 0.6634982638888889 0.1285156249999999 0.31905381944444455
0 0.6645688657407407 0.6927734375000001 0.10133101851851833 0.2579427083333332
0 0.5585503472222222 0.713671875 0.08464988425925934 0.28782552083333335
0 0.4565827546296296 0.7296006944444444 0.08384693287037037 0.29366319444444455
0 0.3363787615740741 0.7351996527777778 0.10499131944444451 0.315603298611111
0 0.23781105324074073 0.7022569444444444 0.0905888310185185 0.2577039930555556
0 0.14359809027777778 0.7199652777777777 0.09589120370370369 0.3378472222222222
0 0.0632595486111111 0.7305338541666666 0.06707899305555554 0.32061631944444446
0 0.09318576388888888 0.08431532118055556 0.08023003472222223 0.1686306423611111
0 0.2566189236111111 0.07072482638888888 0.06879340277777779 0.14144965277777777
0 0.3355758101851852 0.07450629340277778 0.07296006944444444 0.14901258680555557
0 0.5004701967592593 0.077734375 0.0615596064814814 0.15546875
0 0.5924117476851851 0.071630859375 0.06905381944444455 0.14326171875
0 0.7381799768518519 0.06022677951388889 0.06451099537037042 0.12045355902777778
0 0.8159288194444445 0.07333984375 0.07712673611111098 0.1466796875
0 0.9053747106481482 0.05298394097222222 0.10526620370370354 0.10596788194444444
0 0.9718894675925926 0.20188802083333335 0.04162326388888893 0.15316840277777777
1 0.17938368055555554 0.07337782118055555 0.084447337962963 0.1467556423611111
1 0.0302734375 0.080078125 0.060546875 0.16015625