1 0.05019668359375 0.588005197265625 0.08563298828125 0.394926146484375 0.021439583984375 0.392448828125 0.003541271484375 0.47807161328125 0.004332615234375 0.571498177734375 0.05019668359375 0.588005197265625
1 0.119895236328125 0.5963471796875 0.158097599609375 0.408020537109375 0.0897371328125 0.395987853515625 0.054983353515625 0.589041625 0.119895236328125 0.5963471796875
1 0.215655052734375 0.528473751953125 0.23395686328125 0.418561771484375 0.160827705078125 0.407919421875 0.143819041015625 0.508073806640625 0.215655052734375 0.528473751953125
1 0.290239146484375 0.55119934375 0.310534607421875 0.43393125 0.236040392578125 0.423339455078125 0.21839414453125 0.529586015625 0.290239146484375 0.55119934375
1 0.4544504296875 0.691976671875 0.477295673828125 0.458097728515625 0.39462013671875 0.44902266015625 0.36757187890625 0.668492716796875 0.4544504296875 0.691976671875
0 0.350005962890625 0.69341755859375 0.3820380625 0.409436146484375 0.3144589921875 0.41072536328125 0.27061722265625 0.66722878125 0.350005962890625 0.69341755859375
0 0.52916934375 0.732902958984375 0.54368046484375 0.47991328515625 0.47941515625 0.467728931640625 0.455941314453125 0.7089134296875 0.52916934375 0.732902958984375
0 0.622864166015625 0.754920744140625 0.636279314453125 0.4461408828125 0.56461407421875 0.448795150390625 0.55034562890625 0.734546076171875 0.622864166015625 0.754920744140625
0 0.7278299375 0.823855880859375 0.746345775390625 0.466338599609375 0.667109833984375 0.46077727734375 0.642199595703125 0.784547431640625 0.7278299375 0.823855880859375
0 0.844541900390625 0.81953321484375 0.84021137109375 0.511410599609375 0.766480576171875 0.5117139453125 0.7569898125 0.797287919921875 0.844541900390625 0.81953321484375
0 0.951959150390625 0.850752462890625 0.95224451953125 0.520612064453125 0.86690179296875 0.520131767578125 0.86584401953125 0.838163650390625 0.951959150390625 0.850752462890625
1 0.90264633984375 0 0.903135783203125 0.0660749609375 0.99736932421875 0.068653392578125 0.996416673828125 0 0.90264633984375 0
1 0.80979732421875 0 0.81020437890625 0.0549523125 0.900378716796875 0.062535935546875 0.899024228515625 0 0.80979732421875 0
1 0.72258069921875 0 0.720730544921875 0.049770169921875 0.8060822578125 0.051463845703125 0.807427634765625 0 0.72258069921875 0
1 0.635799259765625 0 0.631984173828125 0.0506296484375 0.714632748046875 0.056064580078125 0.716533390625 0 0.635799259765625 0
1 0.552370220703125 0 0.547979537109375 0.046458654296875 0.629954572265625 0.0531322421875 0.631929708984375 0 0.552370220703125 0
1 0.474768916015625 0 0.467387529296875 0.04216126953125 0.5445489296875 0.0441582890625 0.548891373046875 0 0.474768916015625 0
1 0.40032818359375 0 0.39292028125 0.035209615234375 0.463974900390625 0.0422876640625 0.469835064453125 0 0.40032818359375 0
1 0.32633745703125 0 0.32054555078125 0.034249021484375 0.389534615234375 0.0389761484375 0.3937125703125 0 0.32633745703125 0
1 0.25383161328125 0 0.248835369140625 0.030836392578125 0.316477359375 0.0380408359375 0.321389630859375 0 0.25383161328125 0
1 0.185871974609375 0 0.181211359375 0.026058708984375 0.243375162109375 0.03103862109375 0.2504893125 0 0.185871974609375 0
1 0.1204719296875 0 0.114296837890625 0.02489588671875 0.177789740234375 0.02497172265625 0.18243355859375 0 0.1204719296875 0