1 0.314463697265625 0.593936236328125 0.3298797734375 0.440087904296875 0.263996953125 0.43443073046875 0.2402561640625 0.594404876953125 0.314463697265625 0.593936236328125
1 0.42402316796875 0.2553761796875 0.42816432421875 0.146149220703125 0.36927393359375 0.148793697265625 0.359900357421875 0.2513927265625 0.42402316796875 0.2553761796875
1 0.55273669140625 0.58345875 0.5489823515625 0.435334541015625 0.4791510390625 0.4407908671875 0.47586533984375 0.582220197265625 0.55273669140625 0.58345875
1 0.61891334375 0.243291921875 0.609354544921875 0.138383158203125 0.550654583984375 0.1346005546875 0.554457275390625 0.2505558671875 0.61891334375 0.243291921875
1 0.748491248046875 0.236831361328125 0.7309886015625 0.12519424609375 0.67090875390625 0.137445876953125 0.68417800390625 0.239274994140625 0.748491248046875 0.236831361328125
1 0.939575755859375 0.23104029296875 0.915651232421875 0.1223823984375 0.862040869140625 0.130048033203125 0.878069154296875 0.2303708046875 0.939575755859375 0.23104029296875
1 0.79134294140625 0.561733865234375 0.769892546875 0.430648125 0.698444048828125 0.42961041796875 0.7132821328125 0.57010246484375 0.79134294140625 0.561733865234375
1 0.94603705859375 0.56263767578125 0.9165952109375 0.4264303515625 0.85285251953125 0.440154853515625 0.86997430078125 0.564646138671875 0.94603705859375 0.56263767578125
1 0.91669042578125 0.423216810546875 0.945276072265625 0.55778388671875 0.9847654296875 0.55120378515625 0.986854251953125 0.437075208984375 0.984523689453125 0.424120615234375 0.91669042578125 0.423216810546875
0 0.454955150462963 0.1859809027777778 0.06317274305555554 0.18963396990740744
0 0.5188078703703703 0.17563657407407407 0.05797164351851847 0.1787109375
0 0.6449001736111111 0.17639612268518517 0.07532552083333321 0.20471643518518523
0 0.5922164351851852 0.4696903935185185 0.09142071759259252 0.25408709490740744
0 0.664916087962963 0.45771846064814814 0.08846209490740753 0.253002025462963
0 0.4398654513888889 0.49728732638888895 0.07068142361111107 0.24551504629629628
0 0.35165653935185187 0.5047743055555556 0.07337962962962963 0.2378110532407407
0 0.20744357638888888 0.4886791087962963 0.07160011574074077 0.2435980902777779
0 0.7941044560185184 0.9979926215277778 0.07129629629629619 0.00401475694444442
0 0.8734375 0.9919614438657407 0.06391782407407409 0.0160771122685186
0 0.163065275390625 0.417950220703125 0.221263943359375 0.30700883984375 0.1800392890625 0.229290416015625 0.082619423828125 0.3983038359375 0.114867353515625 0.439974982421875 0.138948974609375 0.418247517578125 0.163065275390625 0.417950220703125
0 0.1546457109375 0.6343082109375 0.1842240234375 0.42706733203125 0.12567630859375 0.414184458984375 0.08014910546875 0.63988253125 0.1546457109375 0.6343082109375
0 0 0.58636435546875 0.027762046875 0.64508523046875 0.11423312109375 0.461380376953125 0.07040271484375 0.40380383203125 0 0.5238954296875 0 0.58636435546875
0 0.801324234375 0.234443564453125 0.782386958984375 0.08254950390625 0.73232322265625 0.099743189453125 0.74696565625 0.238382751953125 0.801324234375 0.234443564453125
0 0.880256625 0.237366986328125 0.85234207421875 0.072045005859375 0.7970326953125 0.08547292578125 0.8256513984375 0.2496304921875 0.880256625 0.237366986328125
0 0.99344625 0.25822610546875 0.996723125 0.1476315703125 0.970846365234375 0.072862572265625 0.917402798828125 0.091121572265625 0.963061033203125 0.267815169921875 0.99344625 0.25822610546875
0 0.87410439453125 0.594439162109375 0.836058681640625 0.335124958984375 0.76380916015625 0.352072265625 0.804300548828125 0.608673732421875 0.87410439453125 0.594439162109375