0 0.2568359375 0.6064453125 0.1015625 0.3037109375
0 0.3505859375 0.6083984375 0.0888671875 0.283203125
0 0.44921875 0.61328125 0.0830078125 0.3271484375
0 0.5517578125 0.6025390625 0.0859375 0.31640625
0 0.64453125 0.630859375 0.0810546875 0.275390625
0 0.8310546875 0.6181640625 0.09765625 0.2939453125
1 0.2646484375 0.009765625 0.0888671875 0.0185546875
1 0.3505859375 0.0126953125 0.08203125 0.025390625
1 0.435546875 0.017578125 0.0869140625 0.03125
1 0.5224609375 0.021484375 0.0810546875 0.0400390625
1 0.6025390625 0.021484375 0.0859375 0.0400390625
1 0.6865234375 0.01953125 0.08203125 0.03515625
1 0.7666015625 0.0283203125 0.0830078125 0.0517578125
1 0.84765625 0.03125 0.0888671875 0.0625
1 0.931640625 0.0400390625 0.0791015625 0.06640625
1 0.7255859375 0.6181640625 0.1044921875 0.2607421875
1 0.956018517578125 0.62708333203125 0.9456018515625 0.50416666796875 0.862268517578125 0.49166666796875 0.87384259375 0.63958333203125 0.956018517578125 0.62708333203125
1 1 0.62708333203125 0.99884259375 0.49791666796875 0.947916666015625 0.49791666796875 0.954861111328125 0.62916666796875 1 0.62708333203125
1 0.966435185546875 0 0.97222222265625 0.06875 0.997685185546875 0.07083333203125 0.99884259375 0 0.966435185546875 0