1 0.18303571484375 0 0.230952380859375 0.25 0.324966931640625 0.25396825390625 0.2859788359375 0.00396825390625 0.18303571484375 0
1 0.38530092578125 0.65674603125 0.419336970703125 0.84920634765625 0.4800595234375 0.83928571484375 0.452132935546875 0.654761904296875 0.38530092578125 0.65674603125
1 0.6159887578125 0.634920634765625 0.637367724609375 0.85515873046875 0.706696427734375 0.857142857421875 0.689384921875 0.630952380859375 0.6159887578125 0.634920634765625
1 0.869543650390625 0.654761904296875 0.86996527734375 0.845238095703125 0.93719411328125 0.84920634765625 0.943336638671875 0.65674603125 0.869543650390625 0.654761904296875
0 0.0414021171875 0.62103174609375 0.09402281640625 0.690476189453125 0.155886244140625 0.59722222265625 0.02526455078125 0.37896825390625 0.0414021171875 0.62103174609375
0 0.133556546875 0.71428571484375 0.2256117734375 0.873015873046875 0.279546958984375 0.811507935546875 0.188930224609375 0.640873015625 0.133556546875 0.71428571484375
0 0.394791666015625 1 0.335515873046875 0.880952380859375 0.27568617578125 0.837301587890625 0.25016534375 0.873015873046875 0.307738095703125 1 0.394791666015625 1
0 0.23160548828125 0.64484126953125 0.281605490234375 0.859126984375 0.3469246015625 0.8511904765625 0.30795304296875 0.634920634765625 0.23160548828125 0.64484126953125
0 0.309011244140625 0.65079365234375 0.35219907421875 0.896825396484375 0.422643849609375 0.8988095234375 0.3865492734375 0.658730158203125 0.309011244140625 0.65079365234375
0 0.072544642578125 0 0.12165178515625 0.267857142578125 0.133564814453125 0.329365080078125 0.2395171953125 0.311507935546875 0.181919642578125 0 0.072544642578125 0
0 0.302455357421875 0 0.33467262109375 0.232142857421875 0.416542658203125 0.23809523828125 0.392857142578125 0 0.302455357421875 0
0 0.40625 0 0.43110945703125 0.22222222265625 0.512714947265625 0.22420634765625 0.5011160703125 0 0.40625 0
0 0.5764322916666667 0.1064453125 0.1010416666666667 0.2119140625
0 0.6968098958333333 0.1103515625 0.10358072916666661 0.220703125
0 0.8022786458333333 0.1103515625 0.10651041666666661 0.220703125
0 0.864955357421875 0 0.862119708984375 0.2420634921875 0.9372933203125 0.248015873046875 0.97321428515625 0 0.864955357421875 0
0 0.9754464296875 0 0.94417989453125 0.234126984375 1 0.2419294453125 1 0 0.9754464296875 0
0 0.453571427734375 0.642857142578125 0.488153109375 0.876984126953125 0.555704365234375 0.869047619140625 0.52558697265625 0.634920634765625 0.453571427734375 0.642857142578125
0 0.544163359375 0.62896825390625 0.565691138671875 0.884920634765625 0.636003638671875 0.884920634765625 0.61211144140625 0.626984126953125 0.544163359375 0.62896825390625
0 0.700016533203125 0.623015873046875 0.723396166015625 0.90674603125 0.78892195703125 0.91865079296875 0.77617394140625 0.626984126953125 0.700016533203125 0.623015873046875
0 0.78188657421875 0.62896825390625 0.7979828046875 0.920634919921875 0.858912037109375 0.9305555546875 0.8609375 0.642857142578125 0.78188657421875 0.62896825390625
0 1 0.635172310546875 0.959606482421875 0.6329365078125 0.957448744140625 0.91865079296875 1 0.9233439453125 1 0.635172310546875