0 0 0.323468275390625 0.050069900390625 0.316633990234375 0.0413461640625 0.001225072265625 0 0.00027647265625 0 0.323468275390625
0 0.06629341015625 0.009085814453125 0.07453209375 0.325059513671875 0.1543081328125 0.33170142578125 0.153230255859375 0.02278501171875 0.06629341015625 0.009085814453125
0 0.18890857421875 0.010151955078125 0.1751577890625 0.373389708984375 0.257793087890625 0.383538888671875 0.277679791015625 0.0358843828125 0.18890857421875 0.010151955078125
0 0.303644279296875 0.08494295703125 0.29281921484375 0.41025996875 0.36466623046875 0.41617075390625 0.38041527734375 0.107752890625 0.303644279296875 0.08494295703125
0 0.401069359375 0.110931763671875 0.386484607421875 0.39200378515625 0.45327348046875 0.39911653125 0.482616365234375 0.138161419921875 0.401069359375 0.110931763671875
0 0.586298064453125 0.163438884765625 0.5485597578125 0.4541702265625 0.620182283203125 0.457925921875 0.6563129375 0.189471224609375 0.586298064453125 0.163438884765625
1 0.480566853515625 0.15517230859375 0.45817860546875 0.402336181640625 0.537832169921875 0.409281591796875 0.56498579296875 0.184198302734375 0.480566853515625 0.15517230859375
1 0.641407451171875 0.31908618359375 0.620865076171875 0.430665953125 0.691462876953125 0.442925224609375 0.7076015390625 0.341582759765625 0.641407451171875 0.31908618359375
1 0.713377091796875 0.340898248046875 0.697084310546875 0.44681623828125 0.7630024140625 0.45787944921875 0.7815069375 0.361740904296875 0.713377091796875 0.340898248046875
1 0.8040744375 0.268898666015625 0.766610009765625 0.457739744140625 0.829976521484375 0.472451806640625 0.86692850390625 0.28787372265625 0.8040744375 0.268898666015625
1 0.8703002109375 0.28711800390625 0.83150976171875 0.476445869140625 0.892855896484375 0.488005072265625 0.93166755859375 0.312038466796875 0.8703002109375 0.28711800390625
1 0.73985024609375 0.82440317578125 0.711860052734375 0.96766737890625 0.767657189453125 0.96555133984375 0.799440291015625 0.829591361328125 0.73985024609375 0.82440317578125
1 0.677837380859375 0.821710134765625 0.6505461484375 0.967987888671875 0.710894759765625 0.968147666015625 0.740337380859375 0.823561986328125 0.677837380859375 0.821710134765625
1 0.61006791796875 0.81713521484375 0.58588206640625 0.966154865234375 0.649843380859375 0.96548311328125 0.67640139453125 0.820811931640625 0.61006791796875 0.81713521484375
1 0.539913619140625 0.80992276953125 0.5189513984375 0.96195156640625 0.584926880859375 0.965270923828125 0.60956179296875 0.82054277734375 0.539913619140625 0.80992276953125
1 0.466589837890625 0.808624517578125 0.4485835 0.967346865234375 0.51832751953125 0.965027568359375 0.539192322265625 0.809920080078125 0.466589837890625 0.808624517578125
1 0.387756349609375 0.80457746484375 0.37403261328125 0.969412390625 0.446661212890625 0.967182302734375 0.46705792578125 0.810349666015625 0.387756349609375 0.80457746484375
1 0.30601292578125 0.80386668359375 0.295668001953125 0.966986607421875 0.372603751953125 0.96755490625 0.387237568359375 0.80969589453125 0.30601292578125 0.80386668359375
1 0.215536642578125 0.797333701171875 0.209946373046875 0.967756408203125 0.291736517578125 0.962162244140625 0.303991853515625 0.80081021875 0.215536642578125 0.797333701171875
1 0.1236441875 0.797177861328125 0.121182107421875 0.967263578125 0.208972349609375 0.963132529296875 0.21545209375 0.802464998046875 0.1236441875 0.797177861328125
1 0.02556727734375 0.79427187890625 0.028634029296875 0.964521412109375 0.12049812890625 0.96222233203125 0.121246677734375 0.796251169921875 0.02556727734375 0.79427187890625
1 0 0.963831859375 0.026781986328125 0.9611568359375 0.0246712734375 0.791678431640625 0 0.792329765625 0 0.963831859375