0 0.966740615234375 0.609176201171875 0.9560642890625 0.51424148046875 0.8738022890625 0.53114738671875 0.8906808046875 0.84654319140625 0.954354048828125 0.850685125 0.966740615234375 0.609176201171875
0 0.76544738671875 0.855076650390625 0.757611630859375 0.58764129296875 0.686843861328125 0.59214953515625 0.68313227734375 0.859927033203125 0.76544738671875 0.855076650390625
0 0.657320580078125 0.86069182421875 0.66470741015625 0.548194177734375 0.594002251953125 0.5514948515625 0.580752583984375 0.859343376953125 0.657320580078125 0.86069182421875
0 0.5198567708333333 0.730519386574074 0.09898003472222205 0.3481047453703705
0 0.4492085234375 0.884943751953125 0.471404234375 0.587681544921875 0.404461537109375 0.5968992890625 0.372703140625 0.882387740234375 0.4492085234375 0.884943751953125
0 0.355158232421875 0.8937589765625 0.386309490234375 0.59382 0.31356656640625 0.5971810546875 0.27778575 0.89484578515625 0.355158232421875 0.8937589765625
1 0.867908701171875 0.82792656640625 0.855058201171875 0.578725439453125 0.76212546484375 0.57906758203125 0.769845494140625 0.835654982421875 0.867908701171875 0.82792656640625
1 0.973696650390625 0 0.98476240234375 0.1046556171875 0.991429724609375 0.106869486328125 0.997502193359375 0 0.973696650390625 0
1 0.886757421875 0 0.897316818359375 0.116892275390625 0.980561642578125 0.10719150390625 0.968990353515625 0 0.886757421875 0
1 0.802474849609375 0 0.80876318359375 0.124338923828125 0.892070619140625 0.11343058984375 0.882512619140625 0 0.802474849609375 0
1 0.71916508203125 0 0.722309927734375 0.13051762890625 0.805366908203125 0.1244395546875 0.7975658203125 0 0.71916508203125 0
1 0.637435544921875 0 0.63603501171875 0.14633673046875 0.719342451171875 0.13542839453125 0.71572669921875 0 0.637435544921875 0
1 0.561785296875 0 0.560188201171875 0.000281763671875 0.5532816015625 0.1596400703125 0.63319276171875 0.14883236328125 0.634038763671875 0 0.561785296875 0
1 0.5485894296875 0.15857338671875 0.5533956484375 0.000483025390625 0.481698166015625 0.00984165234375 0.473495669921875 0.16803264453125 0.5485894296875 0.15857338671875
1 0.466640501953125 0.169441470703125 0.47607628125 0.01362535546875 0.404629255859375 0.018153724609375 0.39228861328125 0.177673037109375 0.466640501953125 0.169441470703125
1 0.390313462890625 0.1765258515625 0.403145515625 0.02060910546875 0.331635875 0.0263450390625 0.314790904296875 0.1811749765625 0.390313462890625 0.1765258515625
1 0.3092316328125 0.18375111328125 0.32663062890625 0.031316181640625 0.256908296875 0.041821994140625 0.2369175078125 0.191922302734375 0.3092316328125 0.18375111328125
1 0.23605041015625 0.195565123046875 0.254066046875 0.04431762890625 0.18113528125 0.05130137890625 0.160214779296875 0.206252072265625 0.23605041015625 0.195565123046875
1 0.07839108203125 0.214705025390625 0.0968981328125 0.067060099609375 0.0459539921875 0.068569556640625 0.016945041015625 0.222554197265625 0.07839108203125 0.214705025390625
0 0.10999850390625 0 0.08940731640625 0.09380766015625 0.0801593828125 0.246001080078125 0.14518954296875 0.234428583984375 0.1759203984375 0 0.10999850390625 0
0 0.00067815625 0 0 0.012413169921875 0 0.229927974609375 0.007498083984375 0.221628396484375 0.0327730859375 0.021937427734375 0.000708673828125 0 0.00067815625 0